-1
-0.973333
-0.946667
-0.92
-0.893333
-0.866667
-0.84
-0.813333
-0.786667
-0.76
-0.733333
-0.706667
-0.68
-0.653333
-0.626667
-0.6
-0.573333
-0.546667
-0.52
-0.493333
-0.466667
-0.44
-0.413333
-0.386667
-0.36
-0.333333
-0.306667
-0.28
-0.253333
-0.226667
-0.2
-0.173333
-0.146667
-0.12
-0.0933333
-0.0666667
-0.04
-0.0133333
0.0133333
0.04
0.0666667
0.0933333
0.12
0.146667
0.173333
0.2
0.226667
0.253333
0.28
0.306667
0.333333
0.36
0.386667
0.413333
0.44
0.466667
0.493333
0.52
0.546667
0.573333
0.6
0.626667
0.653333
0.68
0.706667
0.733333
0.76
0.786667
0.813333
0.84
0.866667
0.893333
0.92
0.946667
0.973333
