86891	85205	87169	85881	88357	85415	86463	87420	85952	87635	87145	88140	88017	84298	88592	84299	88767	86304	87447	84291	85266	86755	86706	87097	85046	86305	85658	84210	88205	84923	87477	85682	86758	87241	86139	86220	85646	89457	85688	86372	85933	85485	86606	87527	86921	86744	85468	87582	84099	88613	84811	87776	85728	89366	88379	87472	87256	87613	87180	88499	86436	88583	88448	90626	86496	90301	88501	88695	86988	87054	87890	87411	88143	85267	87820	
85117	11747	11696	11664	11723	11634	11624	11319	11616	12611	11396	12563	11612	11481	11449	11781	11470	11475	11429	11549	11592	11512	11599	11463	11614	12220	13090	12361	11711	11786	11996	11557	11646	11680	11572	11796	11437	11380	11754	11643	11623	11570	12232	12658	11636	11729	11577	11394	11440	11456	11503	11550	11755	11867	12014	11446	11468	11483	11486	12392	12301	11658	11512	11846	12025	12040	11745	11716	12261	12024	12014	12680	12516	12563	12171	
88005	11665	11586	11525	11443	11577	11566	11584	11567	11388	12307	12263	12095	11705	11800	11540	11595	11512	11814	11515	11562	11689	11599	11741	11602	11534	11426	14109	12188	12014	11714	11528	11565	11543	11406	11608	11766	11623	11524	11484	11573	11765	11454	12510	12175	11779	11657	11510	11565	11768	11641	12488	11952	11621	11559	11750	11702	11644	11631	11818	12600	13552	11757	11630	11760	11750	11654	11696	11633	11575	11575	11550	11641	11725	11595	
86581	11567	11562	11698	11526	11455	11480	11460	11507	11520	11444	11442	12480	12247	11954	11488	11636	11635	11701	11561	12067	11470	11544	11411	11738	11403	12308	11414	11527	12613	12157	11508	11506	11554	11584	11515	11681	11459	11696	11894	11394	11570	11399	11444	11508	11473	13089	11772	11540	11576	11491	11378	11441	11492	11493	11453	11557	11325	11450	11519	11839	11409	11819	12395	12042	11710	11541	11586	11592	11435	12322	12177	12198	12617	11697	
87338	11649	11698	11703	12054	11648	11977	12125	11784	11557	11983	11823	11727	11520	13213	12852	12359	12071	11504	11813	11786	11672	11973	11764	11675	11460	11681	11602	11906	11465	12245	12580	12037	11986	12029	12048	11687	11684	11531	11659	12111	11752	11918	11640	11742	11446	11994	13372	12389	11412	11577	11658	11662	11463	11663	11780	11971	11649	11688	11713	11681	11503	11594	12855	12664	11869	11931	11603	11783	11468	11787	12011	11654	11833	11959	
87817	11878	12011	11630	11964	11872	12129	11795	11684	11808	11688	11591	11754	11649	12433	12941	11728	12172	11937	11359	11508	11589	11736	11497	13087	11711	11773	11651	11263	11665	11662	12830	12204	11906	11693	11757	11484	11475	11806	11766	11721	11500	11813	11307	11340	11842	11637	12558	12906	12098	11934	11857	11566	12022	11797	11581	11732	11971	11549	11597	11778	12027	11484	11891	12397	12275	12215	11575	11709	12735	12686	13546	11613	12028	11752	
86964	11802	11578	11942	11710	11980	11467	11609	11645	11500	11558	11614	11869	11613	11836	12524	12117	12056	12031	11659	12319	11544	11679	11570	11780	11841	11718	12151	11610	11534	11825	12169	12827	11819	12138	12022	11697	11484	11688	11600	11722	11559	11489	11642	11805	11783	11699	11612	12730	12382	11785	11725	11563	11533	11546	11711	11763	11628	11444	11553	11686	11935	11385	11574	11607	12815	12878	11549	11806	11638	11610	11849	11652	11668	11827	
87736	12718	12180	11917	11917	11766	11805	11802	11750	11780	11736	11718	11571	11563	11642	11833	11778	12329	12351	12930	11488	11450	11579	11569	11441	11969	11480	11453	11523	11527	11720	11388	11636	12322	12058	11988	11477	11421	11374	11451	11398	11468	11791	11494	11272	11335	11411	11422	11310	11348	11851	11981	11525	12063	12076	12155	11847	11642	11453	11250	11715	11538	11582	11494	11459	11516	11415	12306	12611	11863	11788	12054	11814	11576	11540	
85404	11366	11895	12782	11573	11337	11424	11360	11446	11618	11511	11485	11446	11537	11338	11424	11588	11352	11627	12224	12036	12022	11799	11717	11567	11610	11810	11869	11613	11845	11793	11759	11512	11573	11290	11878	13017	11905	11972	11509	11596	11547	11455	11452	11396	11339	11677	11447	11461	11413	11396	11472	13092	11917	11642	11524	11619	11411	11320	11330	12121	11463	11576	11575	11518	11568	11468	11340	11234	12244	12567	11713	11540	11854	11562	
83873	11340	11175	11333	11313	12516	12143	11757	11649	11427	11944	11788	11678	11896	11695	11811	11589	11468	11405	11632	11570	11834	12552	12807	11924	11509	11475	11579	11653	11408	11635	11701	12406	11466	11532	11518	11630	11774	12284	12240	11692	12073	11899	12639	11684	11524	11634	11569	11493	11600	11643	11438	11419	11423	11900	12680	11558	11899	11537	11705	11379	11440	11747	11428	11574	11431	11677	11499	11940	11359	11472	13088	13896	12344	12935	
85898	11480	11269	11485	11286	11588	11545	12211	12392	12068	11481	11440	11335	11825	11505	11600	11674	11525	11459	11422	11207	11633	11405	12229	11914	19586	11595	12484	12416	11561	11750	11534	11498	11617	11543	11370	11622	11536	11686	12615	12501	11712	11767	11681	11484	11490	11587	11978	11486	11496	11735	11565	11282	11665	11467	11551	11384	12424	12000	12264	11799	11594	11301	11560	11578	11488	11404	11326	11321	11417	11472	11768	11577	11758	12145	
85212	11650	11345	11440	11450	11755	11410	11244	11242	12448	11944	11543	11335	11271	11267	11358	11261	11228	11556	11388	11344	11469	12062	11474	11552	11515	11791	11793	11860	11983	11476	11864	11344	11365	11420	11544	11414	11644	11515	11632	11512	11445	11681	12137	12131	12253	11681	11377	11592	11330	11518	11467	11450	11458	11426	11606	11526	11483	11460	11495	12301	12112	11459	12302	11614	11563	11639	11647	11910	11973	12018	12121	12143	12208	12190	
86902	11600	11599	11587	11598	11322	11405	11501	11585	11369	11505	11502	12406	11776	11798	11642	11452	11600	11451	11337	11419	11558	11384	12014	11589	11699	11569	11530	11397	12677	11457	11810	11871	11703	11526	11519	11548	11635	11516	11509	11521	11555	11364	11359	11525	11482	12413	11834	11830	11418	11575	11675	11285	11390	11340	11189	11467	11484	11379	11539	11469	11502	11925	12610	12113	12155	11713	11928	11699	11394	11368	11291	11627	11361	11298	
86238	11733	11586	11352	12553	11675	11725	11425	11703	11741	11718	11523	11616	11558	11550	12509	12621	11892	11513	12273	11636	11613	11366	11421	11932	11626	11479	11582	11305	11326	11541	11415	12453	12148	11825	11962	11392	11462	11351	11423	11533	11538	11746	11844	11622	11469	11419	11842	11497	12358	11479	12434	11370	11469	11557	11519	11377	11438	11324	11348	11310	11494	11503	11309	11272	11564	12639	12048	11960	11673	11690	11546	11516	11398	11436	
88985	12628	12172	11671	11362	11872	11436	11464	11382	11897	11533	11483	11522	11376	11271	11470	11460	12125	11661	12638	12100	12052	11604	11732	11991	11786	11835	11611	11684	11758	11466	11606	11831	13198	12172	12160	12108	11827	11792	11644	11609	12048	12014	11740	11907	11824	11868	11799	12425	11878	13417	12280	11901	12213	11703	11629	11704	12156	12081	11333	11967	12160	11479	11704	11897	11934	13169	12148	11832	11667	11868	11620	11569	11842	12184	
84183	12683	12094	11754	12046	11454	11400	11429	11465	11637	11482	11712	11619	11454	11590	11920	11570	11831	12400	12276	11677	11405	11262	11349	11188	11448	11419	11466	11296	11264	11305	11601	11708	11908	11684	12296	12555	11928	11737	11603	11302	11676	11657	11669	11499	11679	11762	11397	11372	11562	11470	12171	11842	12870	11612	11752	11649	11373	11507	11537	11661	11671	11961	11548	11852	11637	12011	11690	12803	11857	12478	11776	11710	11612	11537	
87336	11537	11585	12591	11679	12814	11829	11809	11492	11532	11519	11333	11870	11308	11405	11354	11298	11806	11676	11480	12942	12190	11887	11572	11429	11543	11429	11710	11449	11381	11580	11416	11471	11415	11642	11552	11900	11781	12218	11523	11596	11285	11800	11463	11426	11432	11644	11653	11696	11429	11479	11338	11890	12401	11628	12172	11404	11362	11316	11226	11318	11231	11498	11501	11734	11579	11552	11508	11617	11257	12087	11687	12090	11950	11936	
85128	11383	11210	11398	11488	11288	12553	11753	11811	11713	11482	11620	11560	11527	11354	11333	11985	11694	11534	11329	11484	11328	11425	12408	11442	12460	11648	11733	11512	11558	11526	11461	11539	11673	11411	11510	11651	11788	11700	11528	12571	12202	11841	11369	11615	11601	11692	11652	11464	11453	11903	11896	11339	11574	11526	11731	11586	12444	11805	12366	11734	11726	11203	11618	11579	11781	11459	11429	12520	12073	11431	11422	11789	12356	11603	
87538	11379	11583	11582	11449	11451	11292	11376	11257	12750	12196	11388	11685	11513	11655	11637	11536	11559	11448	11663	11371	11488	11529	11622	11456	11764	12193	12159	11787	11887	11630	11581	11454	11571	11534	11531	11630	12036	11837	11551	11507	11785	12157	12015	12096	11650	11696	11934	11888	11634	11593	11691	11431	11287	11403	11387	11309	11467	11432	12510	12068	11907	11612	11646	11824	11678	12359	11458	11939	11787	11829	11693	11374	11700	11478	
87575	11475	11778	11483	11565	11432	11431	11262	11339	11846	11568	12179	11757	11947	11802	11691	11447	11374	11457	11422	11467	11345	12092	11562	11528	11403	11631	11493	12542	12274	12106	12004	11872	11382	11627	11556	11598	11482	12810	11785	11710	11620	11784	11604	11471	12793	12375	11815	11456	11904	11748	11643	12094	12282	11708	11980	11345	11561	11551	11723	11572	12561	12301	12797	11942	12272	12126	11716	11663	11550	11639	11752	11668	11707	12908	
90005	11896	11569	11748	12037	11774	11726	11476	11646	12067	11430	11760	11569	11514	12397	11672	12452	12189	11452	11545	11659	11603	11565	11584	11655	11375	11454	11457	11457	11409	11513	12625	11439	12061	12242	11588	11501	11434	12420	11663	11581	11553	11410	11520	11567	11484	11723	11986	12829	12066	11561	11738	11436	11941	11810	11476	11423	11398	11377	11523	11499	11537	11434	11571	12883	12067	11910	11645	11660	11401	11410	11829	11752	11511	11417	
85429	11885	11817	11888	11839	11774	11699	11656	11732	11576	11486	11767	11575	11559	11348	11444	12266	13334	11840	11625	11611	11671	11493	11629	11543	11378	11732	11639	11603	11418	11481	11806	11664	12276	12047	12613	11618	11499	11484	11820	11406	11745	11481	11386	11350	11358	11496	11573	11498	11487	12749	11895	11601	11486	11528	11412	11283	11638	11648	11457	11530	11495	11559	11555	11556	11843	12471	12259	11782	11488	11427	11565	11743	11435	11459	
85382	11757	13907	12216	12639	11366	11600	11554	11534	11313	11506	11324	11531	11394	11470	11359	11617	11321	11656	11898	12055	11782	11573	11408	11469	11584	11330	11590	11372	11487	11397	11492	11369	11728	11419	11551	12967	11755	11418	11392	11350	11380	11681	11348	11338	11348	11464	11712	11702	11499	11738	11686	11548	12569	11910	11684	11649	11461	11492	11519	11652	11717	11523	11490	11682	11469	11642	11405	11272	12093	12625	11496	11356	11561	11422	
84565	11390	11424	11545	11474	12307	12593	11556	11603	11418	11432	11422	11506	11510	11511	11491	11435	11333	11385	11284	11467	11272	12896	12220	11646	11314	11488	11316	11314	11343	11381	11498	11471	11600	11358	11550	11809	11445	11354	12344	12318	12064	11703	11825	11408	11507	11466	11491	11492	11340	11447	11458	12286	13212	11672	12052	11895	12180	11585	11394	11500	11418	11389	11447	11254	11629	11622	11467	12176	11608	11385	11401	13355	11908	11399	
85465	11403	11756	11523	12212	11814	12334	12816	12157	11873	11911	11644	11556	11477	11663	11593	11660	11436	11212	11389	11469	11440	11644	11256	12708	11407	12224	12040	11513	11587	11577	11427	11507	11396	11444	11587	11469	11351	11309	11438	12324	11767	11573	11833	11559	11321	11448	11504	11520	11408	11598	11545	11553	11536	11909	11809	11405	12484	12597	11620	11456	11845	11458	11412	11457	11467	11484	11544	11442	11340	11352	11399	11686	11654	12954	
84897	11504	11359	11537	11640	11310	11352	11352	11676	11742	11947	11627	11638	11449	11716	11841	11236	11550	11705	11553	11455	11548	11468	11849	11383	11334	12573	12148	11680	11485	11630	11415	11329	11476	11499	11232	11683	11496	11309	11353	11304	11200	11585	12464	12157	12346	11851	11775	11322	11416	11304	11305	11538	11481	11590	11458	11388	11434	11514	11475	12700	12167	11759	11355	11463	11285	11421	11358	11331	11414	11671	11587	11331	11454	11464	
87739	11386	11279	11373	11247	11475	11528	12004	11344	12198	11347	11323	11420	12381	12322	11470	11285	11796	12501	11765	11445	11435	11655	11752	11511	11382	11240	11230	11535	11435	12220	12380	11629	11341	11338	11354	11239	11398	11523	11491	11592	11499	11623	11393	11272	11432	11902	12965	12168	11514	11403	11933	11615	11269	11313	11308	11446	11319	11647	11271	11426	11548	11355	11976	11856	11920	11778	11963	11543	11225	11294	11628	11659	11355	11356	
86064	11373	11896	11550	11368	11561	11337	11415	11296	11325	11328	11583	11375	11426	11271	11450	12291	12023	11923	11441	11259	11495	11342	11322	11213	11432	11371	11304	11581	11584	11477	11523	11481	12264	12408	11533	11709	11627	11490	11400	11639	11513	11319	11578	11259	11382	11311	11419	11670	11711	12473	12031	11422	11389	11258	11329	11308	11451	11415	11485	11474	11416	11417	11543	11601	11486	11506	12343	12205	11530	11285	11337	11389	11358	11761	
84500	11438	11910	12019	11895	11628	11283	11248	11311	11252	11124	12543	11792	12452	11524	11469	11550	11513	11429	12490	12565	12436	11497	11559	11399	11465	11283	11554	11310	11171	11238	11186	11387	11636	11902	11298	12289	12215	11741	11429	11320	11303	11360	11515	11521	11469	11236	11377	11218	11408	11265	11734	11220	12078	12854	11813	11543	11174	11281	11535	11489	11270	11406	11524	11520	11793	11389	11364	11561	11401	12707	12189	11611	11286	11373	
84300	11349	11333	11627	11372	11339	12402	12676	11454	11517	11243	11454	11367	11407	11353	11608	11699	11385	11334	11247	11444	11455	11304	12202	11886	11390	11524	11495	11513	11344	11396	11458	11392	11351	11349	11436	11455	11429	11372	11207	12421	12336	11405	11286	11279	11280	11454	11307	11296	11238	11413	11423	11466	11266	11764	11371	11661	12207	12271	11223	11443	11339	11250	11428	11195	11227	11688	11319	12324	11553	11253	11331	11390	11353	12683	
86433	11692	11404	11881	11591	11364	11357	11558	11617	12371	11505	12427	11495	11523	11508	12172	11831	11957	11903	11564	11460	11323	11646	11367	11521	11667	12556	11768	11917	11253	11755	11385	11527	11426	11395	11183	11548	11298	11534	11327	11289	11370	11438	12416	12532	11647	11470	11362	11453	11580	11185	11347	11404	11375	11389	11921	11418	11247	11328	11394	12898	12229	11621	11447	11509	11494	11330	11405	11339	11259	11604	11392	11557	11390	11671	
87038	11242	11740	11778	11732	11268	11632	11949	11475	11370	11390	11577	12653	12109	12073	11681	11548	11716	11569	12058	11696	11526	11894	12010	11674	11453	11573	11493	11890	12418	12081	12309	11914	11301	11580	11789	11364	11664	11550	12077	11358	11711	11437	11634	11548	12361	13173	12887	11715	12013	11583	11762	11491	11504	11551	12006	11942	11499	11450	11485	11548	11442	12393	12498	11959	11929	11558	11205	11810	11448	11596	11623	11859	11561	11766	
88989	11570	11439	11907	11461	11442	11913	11958	11858	11575	11783	12064	12020	11828	12749	12948	12684	12111	12581	12070	11824	11676	11829	11984	12060	11679	11827	11534	11571	11422	12678	12666	12162	11600	11968	11572	11741	11566	11734	11528	11798	11502	11777	11506	11495	11532	12698	12260	12080	11804	11536	11658	11630	11472	11807	11553	11709	11485	11657	11389	11883	11731	11734	12426	12515	12002	11994	11496	11770	11764	11701	11421	11532	11957	11862	
88779	11712	11950	11553	11386	11620	11688	12150	11599	11762	11696	11554	11411	11552	12150	12090	11979	11934	11402	11648	11566	11533	11385	11871	11783	11377	11355	11487	11560	11424	11635	12595	12518	11808	11622	11556	12188	11830	11518	11504	11797	11457	11491	11896	11371	11416	11355	12013	12577	11567	11826	11534	11480	11926	11713	11794	11532	11544	11435	11255	11452	11554	11361	11387	12971	12076	12019	11272	11578	11896	11629	12007	11772	11789	11535	
87729	12413	11738	11782	11825	11680	11650	11569	11627	11807	11864	11431	11552	11484	11534	11535	12381	15174	13240	12621	11674	11711	11575	11507	11852	11358	11612	11689	11704	11457	11654	11633	12360	12057	13326	11657	11648	11513	11707	11585	11529	11523	11499	12437	12207	11488	11564	12128	11347	12582	12427	12315	11392	11519	11354	11603	11375	11524	11508	11438	11476	11497	11252	11565	11628	12017	11803	11946	11600	11762	12751	11462	11366	11512	11542	
83744	12506	12384	11669	11429	11519	11383	11689	11291	11419	11518	11720	11525	11630	11451	11436	11268	11344	12513	12499	11765	11446	11529	11322	11457	11291	11580	11600	11416	11310	11320	11225	11649	11475	11578	12558	12623	11306	11571	11370	11646	11381	11446	11683	11436	11430	11396	11626	11820	11336	11902	12499	13084	11771	11952	11731	12004	12304	11406	11367	11272	11348	11239	11152	11245	11230	11788	11324	12434	12323	11838	11578	11240	11455	11145	
85092	11404	11429	11786	12053	12091	11605	11499	11434	11587	11575	11540	11532	11591	11369	11177	11332	11475	11884	11749	12727	12403	12173	11682	11304	11420	11341	11437	11217	11529	11464	11304	11314	11379	11213	11412	12534	12490	11991	11679	11760	11694	11170	11646	12064	11670	11354	12198	11613	11609	11350	11520	11593	12381	11353	12033	11497	11871	11593	11630	11476	11290	11757	11466	11258	11323	11321	11184	11536	11367	12556	12062	11613	11759	11588	
84251	11325	11325	11151	11363	11356	12552	11594	12556	12084	11522	11576	11449	11291	11274	11258	11472	11408	11442	11477	11303	11493	11630	12219	12397	11614	11607	11543	11520	11508	11327	11339	11393	11614	11500	11540	11597	11906	11594	11650	12405	12371	12054	11704	11653	11990	11847	11857	11834	11404	11289	11633	11399	11430	11444	11427	12336	11451	12232	11810	11550	11375	11383	11313	11432	11325	11392	11710	11556	11648	11708	11654	11500	12254	11898	
84973	11377	11327	11396	11285	11266	11360	11497	11309	11400	12275	11515	11690	11827	11526	11804	11464	11501	11317	11251	11445	12196	11739	12092	12270	11828	11591	11614	12560	12060	11516	11552	11749	11614	11388	11534	11457	11524	11593	11619	11448	11338	11489	11592	11411	12081	12798	11886	11712	11611	11527	11673	11625	11456	11273	11288	11576	11368	11296	11315	11309	12767	12952	11484	11580	11482	11348	11323	11429	11279	11514	11426	11210	11359	11468	
87348	11593	11315	11407	11821	11504	11530	11350	11489	11342	11807	11354	11255	11598	12994	11780	11493	11536	11507	11349	11152	11308	11146	11244	11709	11468	11602	11583	11524	11329	11390	12509	12016	11623	11482	11410	11359	11364	11465	11502	11432	11805	11689	11445	11424	11437	11468	11567	13015	11688	11549	11523	11382	11263	11572	11363	11432	11583	11614	11310	11269	11441	11365	11221	11538	12375	12178	11583	11807	11628	11538	11588	11510	11285	11348	
86406	13356	12017	11669	11296	11306	11456	11595	11298	11260	11497	11642	11492	11437	11576	11639	11575	12202	12216	12323	11781	11455	11423	11830	11637	12052	11839	11643	11532	11424	11533	11365	11425	11375	12929	11856	11378	11854	11634	11322	11403	11266	11433	11675	11782	11827	11880	11593	11726	11486	11491	12111	12053	11965	11439	11351	11493	11641	11347	11620	11454	11227	11336	11785	11369	11382	12413	11411	12932	11409	11432	11285	11312	11158	11616	
85256	11445	11363	11360	12818	12043	11601	11753	11748	11600	11466	11379	11697	11486	11577	11289	11501	11320	11153	11348	11623	12292	12040	11443	11366	11342	11531	11250	11960	11485	11746	11462	11448	11325	11356	11345	11292	11361	12151	12030	11985	11497	11580	11771	11445	11500	11491	11415	11333	11231	11293	11189	11402	11495	11435	12072	12555	11539	11712	11628	11647	11553	11454	11379	11658	11558	11936	11914	11535	11314	11629	11417	12416	11998	11442	
84537	11636	11637	11583	11431	11398	11468	11698	11814	11717	11980	11391	11477	11503	11774	11318	11426	11659	11634	11803	11451	11321	11198	11526	12223	11660	11328	11743	11971	12291	11978	11739	11935	11575	11497	11476	11390	11389	11298	11360	11428	12202	11973	11498	11467	11743	11383	12362	11582	11509	11443	11425	11338	11168	11383	11205	11424	11275	12326	12275	11747	11489	11416	11830	11532	11475	11483	11427	11264	11752	11706	11291	11540	11438	11384	
86224	11522	11604	11799	11608	11602	11466	11434	11630	11481	11767	12091	12521	11490	11242	11337	11392	11313	11341	11514	11673	11578	11516	11316	11828	11394	11573	12511	11795	11544	11763	11495	11291	11424	11303	11295	11524	11580	11564	11288	11267	11380	11463	11265	12101	11918	11708	11524	11480	11554	11390	11349	11335	11346	11477	11519	11666	11370	11515	11394	11188	12890	12323	11735	11448	11531	11515	11329	11324	11601	11546	11565	11244	11497	11476	
86034	11303	11350	11115	11497	11401	11351	11533	11324	11249	11877	11285	11306	11295	12455	12329	11462	11659	11640	11398	11566	11466	11689	11916	11747	11302	11402	11446	11548	11397	11349	12443	13562	12746	12116	11505	11800	11414	11238	11805	11491	11359	11322	11393	11326	11334	11274	12138	12009	12069	11613	11541	11295	11404	11497	11279	11369	11178	11653	11558	11475	11306	11442	11333	12375	11451	12498	11644	11426	11392	11315	11395	11795	11778	11456	
85033	12100	11597	11416	11401	11880	11832	11664	11849	11459	11431	11396	11467	11265	11371	11203	11721	12400	12535	11405	11818	11601	11486	11742	11555	11402	11508	11355	11564	11527	11333	11536	11430	12694	12316	12052	11771	11440	11642	11611	11385	11499	11383	11780	11711	11675	11464	11495	11323	11369	12366	11578	12520	11812	11605	11434	11311	11414	11417	11496	11414	11429	11336	11145	11307	11372	11484	12267	11342	12674	11611	11434	11574	11432	11653	
85563	11375	11540	12612	12407	11826	11561	11367	11389	11550	11318	11310	11341	11428	11434	11227	11334	11368	11264	11204	12145	11641	12304	11490	11433	11490	11712	11254	11417	11518	11345	11445	11317	11247	11709	11418	12521	12586	13087	11977	11501	11448	11431	11431	11372	11528	11639	11734	11307	11308	11332	11246	11373	11306	12390	11720	12264	11681	11540	11308	11656	11496	11617	11336	11645	11365	11473	11472	11321	11617	11522	12016	11515	12002	11638	
85402	11684	11278	11378	11608	11340	11705	12536	12054	11928	11637	12058	11499	11209	11311	11346	11607	11363	11494	11294	11285	11199	11254	11224	12882	11877	12287	12084	11843	11613	11294	11528	11654	11167	11524	11426	11308	11316	11255	11327	11572	13547	11866	11449	11445	11480	11450	11400	11363	11405	11657	11451	11537	11477	11389	11389	11401	11910	12419	11542	11347	11349	11329	11401	11241	11377	11353	11467	11498	11511	11410	11233	11345	11387	11557	
85737	11189	11474	11432	11383	11472	11394	11500	11386	11388	12213	11629	12049	11746	11738	11302	11511	11237	11395	11279	11313	11380	11465	11516	11487	11347	11364	12455	11724	11588	11582	11421	11219	11310	11752	12496	11622	11449	11390	11759	12315	11876	12169	11769	12219	11515	11863	11705	11655	11565	11563	11425	11425	11391	11658	11345	11459	11432	11464	11246	11509	12610	12072	11567	11617	11598	11261	11580	11471	11561	11436	11616	11358	11147	11380	
86484	11491	11282	11366	11442	11417	11375	11330	11463	11414	11415	11372	11471	11656	12661	11539	11622	11392	11467	11278	11336	11353	11400	11342	11174	11376	11416	11720	11275	11424	12506	12153	11613	11422	11307	11221	11269	11188	11260	11222	11235	11152	11305	11143	11294	11507	11717	12120	12337	11553	11570	11384	11393	11336	11364	11359	11218	11466	11135	11213	11554	11380	11343	11306	11546	12814	11822	11510	11582	11483	11318	11516	11592	11446	11384	
85602	12494	11854	11456	11249	11413	11341	11220	11105	11229	11490	11461	11294	11173	11654	11541	11996	11991	12233	12517	11445	11528	11508	11574	11387	11389	11307	11476	11526	11382	11607	11313	11652	11533	12183	12216	11630	11409	11348	11332	11395	11409	11434	11704	11822	11998	12217	11392	11471	11412	11318	12336	11920	11695	11907	11411	11282	11197	11386	11582	11158	11158	11301	11118	11867	11437	11683	11375	12609	11353	11698	11359	11498	11525	11420	
84670	11349	11215	11910	12461	12601	11517	11416	11530	11459	11386	11441	11824	11420	11472	11375	11314	11621	11281	11160	12305	12399	11565	11309	11479	11393	11385	11485	11277	11603	11394	11321	11374	11274	11488	11716	11606	12489	11899	11713	11648	11723	11467	11446	11420	11572	11552	11363	11551	11601	11580	11589	11578	11380	13201	11849	11458	11497	11354	11248	11215	11321	11400	13065	11837	11539	11499	12347	11549	11532	11612	12321	12043	11616	11427	
84858	11391	11506	11384	11464	11823	12423	12135	11762	11893	11403	11352	11531	11339	11729	11528	11411	12178	11506	11540	11514	11639	11626	12552	13461	12045	11722	11697	11831	11464	11612	11714	11682	11985	11618	11738	11692	11708	11723	12373	12884	11685	11767	11858	11751	12032	11847	12272	11998	12426	12040	11644	11676	11682	11664	11822	11872	11819	11515	11280	11302	11394	11402	11636	11684	11377	11532	11441	11421	11468	11926	11470	12353	12587	12018	
86452	11398	11327	11352	11434	11821	11620	11359	12606	12025	11617	11572	11541	11588	11861	11440	11694	12336	13042	12260	11963	12321	12189	12652	12988	13439	12668	12519	12467	12384	12364	12158	12197	12541	12279	12151	12626	12191	12106	12316	12971	11703	11831	11475	11499	11694	12258	11907	12495	12295	12440	11923	12016	11944	12036	11460	12628	12593	11626	11334	11440	11522	11835	11481	11580	11446	11666	11701	11829	11806	11485	11513	12370	12910	11785	
87109	11765	11626	12077	11886	11866	11812	12397	13728	11983	11835	12000	12285	11650	11930	11995	11755	11420	11472	11347	12206	11718	11455	11729	13490	11896	11965	11459	11578	12027	13339	11817	11864	11483	11845	11699	11644	11764	11468	11394	12466	11990	11948	11845	11459	12315	11775	12382	12404	12598	11649	11723	11607	11642	11552	11428	12487	11779	11962	11540	11576	11467	11420	11701	11240	11420	11388	11227	11302	11253	11253	11365	11302	11540	12458	
84276	11281	11282	11213	11463	11500	11585	11253	11347	11966	12465	12010	11374	11405	11340	11559	11307	11273	11442	12366	11428	11350	11671	11510	11286	11515	11541	12861	12093	11471	11657	11594	11481	12059	11620	12064	11509	11656	11744	11757	11332	11379	11304	12414	12237	11488	11454	11382	11438	11370	11490	11569	11622	11706	11550	11306	11598	11863	11954	11816	13146	12010	11751	11621	11496	11361	11768	11696	11974	11469	11790	11724	11663	11653	11436	
86550	11411	11513	11512	11758	11892	11443	11551	12187	11651	11499	11461	12586	12019	11847	11713	11655	11617	11627	11592	11726	11576	11824	11337	11538	11457	11309	11354	11478	12715	12378	11419	11815	11734	11343	11338	11386	11378	11882	11524	11371	11417	11586	11475	11367	11419	12865	12542	13489	11555	12369	11443	11694	11507	11430	11397	11636	11387	11357	11437	11262	11450	11338	12628	11939	12364	11676	11352	11415	11486	11466	11394	11439	11452	11382	
86831	11527	11688	11387	11454	11313	11609	11888	11357	11610	11424	11701	11320	11479	11498	12585	11565	12638	11589	11537	11473	11399	11622	11376	11543	11384	11812	11686	11608	11441	11386	11426	12497	12093	12024	11645	11648	11498	11485	11780	11491	11411	11360	11430	11415	11434	11436	11499	11529	12036	12208	11583	11586	11333	11502	11473	11390	11514	11658	11671	11711	11696	11409	11356	11620	11684	12032	12459	11669	11777	11738	11562	11361	11515	11594	
84394	12449	11660	12281	11731	11489	11404	11550	11687	11488	11423	11877	11679	11556	11454	11473	11448	11314	12928	11575	12565	11635	11852	11531	11424	11752	11668	11827	11921	11433	11419	11330	11591	11516	11348	12531	11870	11602	11769	11480	11492	11617	11557	11583	11471	11726	11322	11381	11718	11400	11661	12758	13931	12844	11779	11802	11498	11634	11628	11612	11481	12000	11423	11366	11389	11453	11450	11375	11631	12737	11578	12435	11475	11511	11481	
84568	11549	11474	11316	12124	12275	11643	11904	11711	11618	11610	11596	11386	11752	11746	11661	11588	11915	13390	11770	11681	12308	12679	11628	11856	11394	11796	11622	11579	11723	11677	11637	11388	11597	11825	11773	11557	13508	12158	12159	11662	11582	11826	12205	11705	11536	11660	11784	11642	11581	11594	11704	11401	11947	13779	11771	11776	11690	11720	11651	11548	11626	11916	11983	11375	11949	11558	11671	11569	11883	13471	12200	11680	11967	11838	
86984	11702	11659	11557	11545	12419	12784	12064	12498	11827	11776	11621	11800	11798	11840	11512	11816	11563	11587	11778	11464	11864	12701	12926	11909	11712	12070	11499	11715	11907	11438	11509	11824	11471	11824	11899	12155	11668	12138	13090	12031	11648	11525	11589	11489	11536	11781	11573	11499	11690	12295	12888	12072	11607	12814	12503	11622	12085	11749	11823	11747	11690	11688	11589	11764	11743	11615	11774	11918	11915	11641	13013	12668	11899	11730	
85793	11486	11846	11541	11742	11559	13493	12518	13990	11797	11896	12099	11920	11763	11739	11881	11995	11787	11825	12047	12168	11680	12753	13082	12860	12149	11889	11894	11802	11811	11687	11796	11728	11522	11700	11971	11759	11539	11860	12414	12723	11740	12444	11769	11617	11553	11668	12127	11951	11338	11841	11710	11868	11401	11506	12874	11800	11655	11745	11607	11271	11509	11722	11554	11485	11454	11380	11530	11515	11598	11719	12117	12629	12240	11787	
84576	12523	12018	11279	11419	11618	11568	12002	12324	12152	11424	11581	11537	11424	11387	11505	11503	11612	11700	11549	11533	11198	11629	11742	13068	11763	11476	11456	11568	11374	11365	11275	11474	11506	11747	11400	11774	11449	11341	11480	13404	11806	11765	11397	11574	11569	11409	11436	11476	11494	11789	12079	11922	11510	11601	11529	11553	12480	11637	11878	11632	11746	11466	11326	11356	11404	11419	11388	11648	11267	11472	11634	11477	11378	12331	
85216	11965	11441	11485	11419	11329	11398	11419	11375	11421	12470	12211	12020	11575	11683	11464	11337	11526	11826	11564	11467	11619	11713	11271	11752	11513	11411	12381	11657	11797	11401	11461	11361	11354	11451	12396	11511	11365	11887	11458	11381	11254	11666	12092	13189	11569	11744	11704	11542	11622	11556	11520	11337	11497	11688	11455	11477	11412	11484	11443	12458	12413	11764	11477	11715	11645	11361	11468	11535	11440	11485	11354	11305	11206	11240	
86252	11449	11416	11691	11467	11386	11509	11219	11387	11254	11264	11505	11692	12563	12414	11669	11832	11281	11313	11366	11387	11523	11710	11392	11385	11489	11494	11380	11480	11405	12241	12350	12063	11641	11784	11589	11499	11665	11516	11532	11822	11360	11419	11414	11603	11704	11354	12290	12404	11899	11664	11456	11554	11507	12824	12118	12505	11637	11659	11532	11471	11435	11694	12156	11977	11905	11502	11363	11340	11483	11450	11422	11622	11360	11422	
86663	11558	11588	11502	11609	11447	11307	11553	11539	11403	11499	11400	11686	11987	11554	11837	12547	11978	11795	11456	11262	11254	11780	11682	11788	11851	11561	12010	11639	11532	11672	11489	12600	12205	11924	11575	11569	11336	11556	11425	11471	11521	11390	11625	11600	11508	11623	11509	11788	12725	12286	11655	11417	11384	11706	11744	11784	11785	11976	11630	11558	11470	11372	11494	11640	12420	12160	12226	11629	11549	11567	11565	11727	11880	11870	
88072	12270	11706	12237	12212	11865	11904	11895	11969	11502	11602	11522	11542	12775	11682	11608	12564	12648	13224	11575	11824	11477	11743	11584	11578	11575	11927	11465	11427	11282	11546	11416	11322	11363	12144	12504	11532	11297	11539	12080	11345	12055	11523	11406	12037	11583	11449	11375	11585	11896	12128	12560	12409	11748	11826	12399	12500	12488	12157	12144	12180	12072	12159	12230	11987	12156	12290	12343	12031	12161	12081	11936	11953	11906	12023	
86674	11830	12483	12783	11891	11782	11730	11853	12001	12179	11809	11427	12013	12965	11629	11647	11517	11812	12966	12853	12388	12053	12161	11957	12058	11997	11593	12162	11691	11587	11775	12023	11969	12026	13232	12632	12006	11783	12496	12068	11880	12134	11994	12162	12053	12065	11889	12090	11797	12042	12776	12586	12141	12289	12025	12001	11705	11991	12193	11957	11827	11766	12030	11546	12109	12050	12412	12667	12489	11882	12130	12001	11741	12110	11931	
86875	11935	13433	11693	12555	11907	12028	11551	11558	11876	11619	11680	11999	12285	11547	12074	12135	11800	12840	12171	11958	12088	11911	11566	11919	12145	12021	11814	11447	11740	11446	11829	11584	11823	12613	12165	12238	12105	11920	11899	11838	12021	11985	11671	12416	11816	11587	11612	11867	11905	11997	12749	12867	12416	12220	12058	12218	11954	11845	12058	11990	12102	12029	11842	11839	11846	11835	12685	11994	12173	12229	11937	11912	11720	11969	
86792	11981	12762	12594	11936	11931	11877	11942	11836	11547	11809	12896	11926	11475	11592	11816	11909	11568	12150	12603	12114	11671	11897	11946	11768	11841	11979	12069	11980	11892	11901	11708	11870	11683	11851	13004	12841	11800	11956	11842	11946	11986	12079	12039	11967	12023	11864	11796	11582	11610	11516	12794	12108	11711	12013	11950	11716	11723	11671	11729	11830	12082	12020	12064	11522	11993	11884	12278	11949	11992	12254	11755	11423	11864	11722	
85751	11855	11902	12687	12105	12893	12047	11553	11485	11561	11546	11649	11890	11822	11869	11694	11908	11776	11607	12813	12123	12221	11946	11615	12334	11619	11548	11414	11702	11795	11842	11855	11883	11844	11702	11636	12482	12931	11877	11633	11527	11550	11727	11490	11482	11739	11437	11553	11530	11552	11570	11487	13377	14339	12940	11716	11670	11797	11424	11535	11572	11716	11524	11426	11519	11457	11442	11427	12471	12659	11888	11660	11578	11959	11691	
84854	11635	11837	11643	12590	12317	19926	11900	11865	11656	11779	11743	11794	13065	11904	11653	11775	11656	11662	13062	12437	11968	11602	11640	11652	11679	11407	11535	11884	11604	12017	11745	11629	11658	11746	11632	12540	12946	11982	11978	11707	11677	11997	11890	12069	11439	11668	11672	11442	11457	12037	11796	12277	13363	12087	11929	11926	11719	11827	11743	11735	11618	11990	11562	11556	11750	12095	11838	11606	13378	12276	11904	11816	11613	11782	
86284	11930	11684	11848	12603	12270	12204	11834	11816	11946	11553	11674	11804	11754	11623	11890	11726	11596	11653	11865	11718	12589	12283	12090	12236	11746	11669	11884	12959	11881	11857	11947	12200	11873	12138	12183	12116	13611	12452	11712	11738	12326	11948	12174	12180	12105	12028	12119	11974	12334	12092	12798	12516	15284	12418	12016	11703	12158	12036	12044	11695	11890	12105	11570	11612	11856	11827	11712	11551	12946	12554	11837	12507	11855	11638	
85335	11625	11839	11850	12633	12272	12765	11983	12253	11747	11732	11667	11888	11761	11889	11634	11856	11615	12087	12030	11985	12362	12889	12253	12001	11410	12139	11835	11646	11796	11733	11762	11706	11491	12033	11913	12158	12544	13022	11684	12198	11586	11915	11642	11949	11654	11896	12433	12001	11543	13005	11858	11618	13606	12661	12197	11800	11759	11816	11860	11701	11753	11947	12052	11631	11870	11756	11799	12230	12475	12320	12015	11817	11842	11825	
84529	11618	11735	11785	11717	13438	12653	12052	12116	11757	12062	11625	11647	11681	11518	11770	11748	11579	11773	11793	11866	12158	12631	11786	12334	11741	12273	12049	11910	12050	12024	11944	12048	11637	11660	11878	11706	11861	13541	12278	11867	11590	11814	11957	11488	11744	11685	11740	11802	12932	13260	12848	11655	12262	12515	12655	11857	12677	11834	11743	11657	11727	12085	11628	11929	11648	11962	11679	11709	11785	12858	12812	11761	11793	11771	
