-1
-0.986755
-0.97351
-0.960265
-0.94702
-0.933775
-0.92053
-0.907285
-0.89404
-0.880795
-0.86755
-0.854305
-0.84106
-0.827815
-0.81457
-0.801325
-0.788079
-0.774834
-0.761589
-0.748344
-0.735099
-0.721854
-0.708609
-0.695364
-0.682119
-0.668874
-0.655629
-0.642384
-0.629139
-0.615894
-0.602649
-0.589404
-0.576159
-0.562914
-0.549669
-0.536424
-0.523179
-0.509934
-0.496689
-0.483444
-0.470199
-0.456954
-0.443709
-0.430464
-0.417219
-0.403974
-0.390728
-0.377483
-0.364238
-0.350993
-0.337748
-0.324503
-0.311258
-0.298013
-0.284768
-0.271523
-0.258278
-0.245033
-0.231788
-0.218543
-0.205298
-0.192053
-0.178808
-0.165563
-0.152318
-0.139073
-0.125828
-0.112583
-0.0993377
-0.0860927
-0.0728477
-0.0596026
-0.0463576
-0.0331126
-0.0198675
-0.00662252
0.00662252
0.0198675
0.0331126
0.0463576
0.0596026
0.0728477
0.0860927
0.0993377
0.112583
0.125828
0.139073
0.152318
0.165563
0.178808
0.192053
0.205298
0.218543
0.231788
0.245033
0.258278
0.271523
0.284768
0.298013
0.311258
0.324503
0.337748
0.350993
0.364238
0.377483
0.390728
0.403974
0.417219
0.430464
0.443709
0.456954
0.470199
0.483444
0.496689
0.509934
0.523179
0.536424
0.549669
0.562914
0.576159
0.589404
0.602649
0.615894
0.629139
0.642384
0.655629
0.668874
0.682119
0.695364
0.708609
0.721854
0.735099
0.748344
0.761589
0.774834
0.788079
0.801325
0.81457
0.827815
0.84106
0.854305
0.86755
0.880795
0.89404
0.907285
0.92053
0.933775
0.94702
0.960265
0.97351
0.986755
