-1
-0.973684
-0.947368
-0.921053
-0.894737
-0.868421
-0.842105
-0.815789
-0.789474
-0.763158
-0.736842
-0.710526
-0.684211
-0.657895
-0.631579
-0.605263
-0.578947
-0.552632
-0.526316
-0.5
-0.473684
-0.447368
-0.421053
-0.394737
-0.368421
-0.342105
-0.315789
-0.289474
-0.263158
-0.236842
-0.210526
-0.184211
-0.157895
-0.131579
-0.105263
-0.0789474
-0.0526316
-0.0263158
0
0.0263158
0.0526316
0.0789474
0.105263
0.131579
0.157895
0.184211
0.210526
0.236842
0.263158
0.289474
0.315789
0.342105
0.368421
0.394737
0.421053
0.447368
0.473684
0.5
0.526316
0.552632
0.578947
0.605263
0.631579
0.657895
0.684211
0.710526
0.736842
0.763158
0.789474
0.815789
0.842105
0.868421
0.894737
0.921053
0.947368
0.973684
1
