85090	93316	98215	96516	108623	116195	233970	109762	159657	170292	101467	92228	91183	103600	96487	90514	90510	97758	94165	95813	99122	90142	91214	87312	94185	85605	87350	86835	91785	89215	90642	93827	86566	87873	85397	88125	88596	92817	94809	84758	89769	86095	89635	88788	89753	86457	95807	90332	86907	92867	91370	90347	89735	87299	85109	87095	88021	84701	87905	85460	90208	85266	88067	87985	85997	86961	84474	86608	88079	87503	86439	93746	90108	86618	91074	
89469	12054	12334	12391	12331	12418	12918	12213	12134	12595	11875	11879	11848	11915	11988	12350	12469	11546	11843	12218	11728	12017	12896	12831	12780	11824	12405	12212	12039	12439	11855	11852	12065	12050	12983	11798	12192	12021	12850	12044	12602	12028	11824	12171	11757	12128	11815	12516	13050	12068	11861	12050	12274	12579	13280	13301	12386	12363	12338	12315	11805	12262	12045	12909	11565	12747	11842	12145	11800	12232	12106	12750	13271	12185	11941	
86034	12221	11855	12003	11645	11845	12481	12783	12581	12284	12526	12777	12219	12320	12156	12449	12018	12001	11816	11914	11626	11623	12342	13354	12421	11836	12406	12276	12366	12359	12423	12471	12333	12533	14827	12420	12232	12072	12828	12323	11909	13528	12099	12062	11971	12046	12483	12009	12153	11673	12638	11690	11895	11709	13038	12628	11950	11854	11834	11574	11779	11827	11926	11655	11792	12461	11641	11601	11818	12174	12867	12888	12437	12226	12274	
86145	11924	12689	12117	12185	12922	14099	12870	12414	12189	12304	12590	12250	12178	12642	12034	11934	11761	12290	12490	12425	13977	12205	13053	12869	12249	12239	12123	12354	12232	12183	12678	12621	12380	12571	12321	12542	15946	14057	12825	12219	11774	12327	12241	13489	13182	12138	12047	11994	12879	11933	11983	14114	17734	11855	11965	12139	12338	11932	12319	12735	12041	11981	11939	12277	12062	13144	13993	13536	12353	12088	12700	12351	12177	12397	
86217	11917	12741	12771	11996	12437	12128	12085	11805	12139	11645	12005	12163	12016	11578	12782	11719	12132	12142	14232	13157	12639	12245	11946	11924	12293	11769	11964	12321	12173	11903	11604	11855	12103	12414	11923	12539	12122	12101	11765	11653	11726	12235	11957	11761	11879	11884	11922	11803	11687	12531	12175	12671	12246	12337	12219	11982	11858	12006	12314	11936	11834	12560	12552	12651	12469	14391	12330	12387	12356	11953	11917	12204	11725	11602	
86789	13270	12851	13891	12791	12680	12298	12629	12465	12451	12231	12399	12465	11941	11900	11975	11920	12798	12484	12051	12019	11722	11768	12031	11784	12324	12037	11743	11653	11848	11650	11839	11666	13342	14079	12679	12161	11937	12365	12560	12417	12158	12596	12798	13198	12160	11904	13985	13318	13195	12547	12326	12316	12278	12268	12486	12238	12076	12065	11989	12267	13026	12368	12400	13103	12879	12390	12053	11940	12418	12761	12166	13076	12503	12065	
93178	12072	11805	12193	12340	13387	13307	12368	11879	12499	12220	12419	12607	12500	13855	12749	12088	12332	12546	11887	12072	13339	11949	12592	12007	12271	12521	11964	15268	13832	11723	14399	12752	12293	12157	12274	13851	17614	11996	12174	12497	12139	11886	11720	12221	11903	13236	13009	12508	12384	11944	12125	12146	11983	12111	12201	12835	12526	12210	11820	12351	12191	12499	16079	12425	12512	12510	11970	12327	12630	12874	12252	11851	12506	12081	
92400	12242	12039	11771	12086	12129	12509	12684	12365	11915	12289	11805	11771	12671	13186	12388	12338	11885	12564	12802	12000	12237	12005	12037	12604	12109	12212	12681	12529	13874	11919	12720	11994	12118	11848	11871	12006	12717	14110	12293	12305	12588	12600	12036	12672	12306	18910	12421	12714	12049	12067	12631	14345	12575	12685	11831	11971	11913	11787	12377	13904	12405	12277	12312	11907	12708	12071	12024	11799	12130	12324	11766	12034	12083	11943	
86877	11780	11670	11723	13375	11869	12710	12565	12407	12601	12182	12910	11673	11786	11712	12160	11970	12682	12192	12631	11673	12156	11905	12010	11656	12131	11855	13303	11937	12449	13021	12194	11803	11972	11698	12065	11751	11677	12140	12026	11917	11891	11939	12602	12292	11880	12164	12034	12122	11823	11961	11900	12353	11888	11796	12013	11991	11507	12257	12680	12354	12115	12083	12649	12047	12027	12286	11996	12099	11898	14390	12083	12100	12210	12370	
88949	12241	12208	12044	12481	12071	11960	11783	11985	12028	12746	12358	12065	11830	11842	11795	12001	11676	11918	11958	12680	11919	12483	11762	12054	11957	13779	12842	12179	11787	11932	11531	11730	11642	12034	11845	11874	11851	11779	11708	11473	12137	12717	12218	12593	12567	12470	12230	11866	12042	11962	11978	11853	12017	11872	11893	11687	12267	11960	12040	12459	11875	12023	11693	11791	11768	11946	11622	12298	11789	11646	11733	12093	11766	12140	
89469	12531	12756	12813	11705	12124	11866	12124	11731	12365	12419	12873	12648	11859	12143	11953	11755	11497	12126	11975	11596	11791	11804	11724	11924	11583	12986	12770	12719	11962	12152	11742	11673	11511	11918	11807	12141	11683	11942	11904	11570	11790	12295	12391	12018	11782	11758	11993	11747	11768	11601	11549	11893	11933	11717	11550	11806	11676	12607	12484	12469	11857	11906	11972	11611	12166	12157	12094	12000	11911	12206	11693	11741	11915	13106	
85650	11553	11966	11881	11741	11781	12005	11538	12141	11724	12839	12449	12485	11692	11748	12013	12095	12477	12609	11893	11680	11993	11655	11390	11818	11823	12768	12733	11966	12084	11675	11517	11684	11835	11806	11925	11630	11741	11993	11899	11798	12022	12527	12258	12116	11811	12409	11542	11970	11629	11914	11822	11669	11781	12062	11727	11991	11917	11530	12795	12924	12047	12112	11880	11803	11960	11866	11903	11906	11604	11616	14017	12057	11959	11690	
89281	11840	11746	11821	12033	12054	11740	11963	11825	11640	13064	12524	12210	11844	11636	11666	12067	11843	11819	12165	11758	11667	12027	11745	11823	12046	12539	12849	12275	13026	12178	12230	12257	12386	12249	11586	11603	12302	11708	11951	11686	11954	13240	13218	12659	11963	11889	12047	12299	12053	11606	12284	11692	11988	11507	12274	11966	11755	12803	14827	12122	12472	11688	11879	12899	12454	12402	12188	12476	12226	11702	12134	11677	12838	12574	
85905	11992	11832	11917	12198	12173	12244	11739	13118	13102	12611	12698	12030	11778	11769	11987	12236	11735	11750	12044	11682	12113	12128	11766	12782	12828	12544	11968	11893	11928	11672	12086	12213	12274	12152	12452	11809	11680	12066	12523	12890	12855	13537	12073	12237	12310	12052	11864	12031	11865	12158	11879	11987	12396	11900	11904	14516	13324	13083	12115	12312	13062	12082	11960	11955	12226	12124	12172	12036	11732	12237	12093	13227	14023	12865	
87137	12764	12044	12390	12054	12324	12603	12771	12229	11975	11847	12876	12136	12086	12008	12141	11936	12064	11490	12418	12379	11998	13085	12405	11890	12049	12321	12611	11964	12117	12750	12543	11983	12172	12116	12111	11530	11581	12644	13029	11898	12293	12123	11869	11856	12335	11670	11694	11759	11722	11996	11655	12245	11678	12983	12761	11904	11993	12343	11912	11840	12040	12197	12030	12350	11691	11687	12184	11865	11573	12618	13002	12009	11655	11613	
85435	11869	11830	11958	11805	12759	12928	12215	12174	11771	14262	14327	14504	14359	15094	14571	13952	13709	14120	14379	15623	15146	14254	13156	12977	12071	13242	13065	12573	12677	12102	12427	12112	12083	12022	12148	12189	11703	11952	12027	11914	11840	11937	12134	12044	12047	11732	12040	11907	11824	11633	13234	12842	12563	12391	12909	12492	12253	12173	12417	12324	12084	12231	12306	12160	12699	13426	15432	13444	12568	12245	12405	12056	11912	11951	
88889	12896	13234	12629	12104	12261	11860	11775	12093	11962	11898	11768	12151	11796	12089	12244	12363	12753	13131	12385	11978	12120	11834	12442	12015	11875	11851	11847	11750	11868	11750	11856	12007	13266	12710	11765	11618	12220	11954	11886	11634	11932	11813	11717	11881	11902	11919	12242	11808	12748	12609	12095	11751	12102	12074	12238	11937	11984	12439	12056	12297	11917	12145	11982	11764	12763	12829	12241	11646	12031	11887	11823	12610	11714	11803	
85589	12294	11980	11779	12066	11840	11949	11833	11760	11685	11850	11701	12300	11629	11818	11794	12882	12130	12933	12288	11832	11873	12026	11926	11541	11637	11834	11917	11843	11861	12060	12086	12236	12483	12386	12084	11686	12100	12143	11783	11589	11930	11635	12028	11779	12192	11838	12320	11654	12847	12731	11890	11583	11748	12194	12064	11747	11787	11996	11731	11951	11760	13062	12122	13331	12279	12596	11854	12263	11788	12302	11730	12065	11844	11711	
86584	12116	11646	12107	11874	11786	12515	11808	11604	12295	13257	12525	12475	11596	11977	11977	12582	12426	12589	11824	12022	11491	11840	11894	11898	11611	12525	12229	12063	12097	12204	11716	13340	12716	11880	11909	12458	11691	11809	12020	11966	11629	11577	12138	11722	11635	11507	12800	12976	12742	12102	12212	12453	12274	11764	11792	12024	11989	12181	12004	11954	11748	12081	11927	12976	12582	12222	11885	12428	11747	12114	12033	11790	11897	13133	
87881	11990	12656	12336	11736	12114	12103	12415	12008	12070	11680	12021	11643	12078	12718	12772	12254	12421	11742	12129	11675	11808	11819	13050	11705	12363	11835	11731	11819	12373	12478	12953	12781	12297	12220	12105	11981	12071	12021	11869	12137	12167	11947	12743	12675	12570	13630	13020	12090	12313	11938	12630	11822	12249	11862	12026	13056	12012	12498	12204	11557	12102	12958	12783	12062	12155	12714	12174	12404	12942	12105	12383	12152	12033	11828	
90617	12367	12032	11957	12332	11935	12031	12029	11995	11943	12245	11727	12640	13182	12104	11555	12406	12220	11832	11457	11957	12387	12246	12090	11870	12013	12015	12462	12722	12143	12691	11813	12380	11900	11862	11575	11791	11926	11942	11464	11723	11592	11820	11739	11679	13117	12615	11632	13011	13264	12119	11594	12074	12180	12703	12710	12076	12010	12146	12270	12741	11802	12701	11914	11887	12186	12252	11789	11841	11832	11768	12098	11861	11807	11809	
90168	11655	12169	11728	11681	11581	12351	11901	12016	11500	11745	13577	11948	12153	12406	12221	11919	11535	11974	12019	11920	12119	11724	12265	12060	12890	12588	12707	13410	12138	11821	12111	12582	11786	11533	11662	11913	12001	11267	11591	11755	12606	12049	12279	12887	13446	12210	11934	12380	11826	12183	12076	12548	13480	13064	12650	12005	12172	12340	12903	12538	13002	12558	12331	12172	12482	12173	12433	12451	12239	12832	12233	12530	12055	12874	
90679	12256	11993	12305	11963	11956	11497	11863	11810	11934	11854	12470	12660	11999	11569	11918	11897	11882	11713	11871	11878	11855	11540	11808	11847	11710	11571	12839	12133	12196	12042	11809	12190	11746	12024	11820	12074	11741	11700	11716	11741	11688	11806	12938	12449	12650	11817	11876	11723	11641	11508	11866	12212	11679	11701	12135	11674	11735	11893	12345	12764	12096	11807	11932	11935	12394	11694	12044	12205	11616	11526	11678	11819	11975	11582	
87037	11851	11518	11655	12126	11655	11538	11638	11595	11879	11762	12439	12259	11783	12180	11730	11551	11700	12100	11849	11993	12082	11903	11955	12113	11635	11718	12622	12948	11576	11686	12100	12513	12187	12125	12150	12534	12651	12330	12367	11999	12651	11943	13191	12383	13677	12461	12134	13830	13511	12609	12868	12532	12142	12455	12557	12414	12198	12548	12215	12445	12413	12396	11813	12003	11954	12459	12495	12118	12106	12465	12909	12555	11864	12468	
92722	12496	12037	11840	11973	12028	11995	11763	12116	12873	13348	14931	12065	12022	11845	11580	11958	11650	11983	12405	26143	13098	12240	13445	14714	13674	12637	13051	12529	14903	12713	12624	13017	12647	13190	13733	12907	13879	12275	15767	14458	12578	12627	12435	12709	12442	12479	12434	11876	12540	13092	13502	13084	12170	13624	14287	13136	12261	18944	12391	12019	18040	13440	13529	15104	13104	13723	11924	13601	14874	14562	13339	13105	11787	13533	
94580	12681	12487	13821	13598	14557	13653	14907	12427	12956	12835	12561	16805	16273	12075	11865	12016	12240	12848	12845	13080	12235	12258	12650	12489	12630	12912	12335	12727	12755	12960	12452	13859	13812	14830	13229	12828	12873	12558	12039	11843	11874	11767	12033	11939	12265	12946	12405	13327	15324	14140	13154	12835	12542	11979	12358	12204	12248	12474	12930	12851	12441	12155	12434	13627	12201	12465	14202	12555	13697	12988	12628	11871	12572	12462	
90291	11892	12255	12246	11831	12161	13094	12063	11818	12965	12825	12773	12414	12720	14048	13764	13838	13177	12702	12096	12342	12807	13108	12445	12332	13510	12809	12127	15995	12548	12715	11981	11919	12756	11652	12048	13189	13057	12266	12466	12890	12638	12475	12838	14376	17035	14256	15249	12715	12005	11669	11900	12576	12547	12796	12451	12794	12176	12460	12210	14321	12871	13436	14931	13983	13350	12553	12190	11967	11576	12200	11739	11903	11529	12856	
92430	12419	12184	12228	11757	12089	11494	11730	12329	13245	13352	12057	13586	12984	13027	12962	12281	13370	12759	12771	14325	13059	12454	11713	12920	13247	12072	12854	11741	12129	11643	12088	11706	12007	11583	11905	11982	12378	11850	12616	12925	13011	11987	12443	12087	13029	12702	12104	13140	13684	12603	12784	12553	13189	13074	13410	15170	12345	12426	13021	11769	12038	11756	12455	12331	12143	11647	12128	11747	11840	11811	13202	13587	12812	12099	
86913	12002	12087	12253	12178	12181	13935	12968	13734	12270	13529	12599	12325	12863	11998	11821	12224	12503	12891	12106	12218	12545	13053	12975	12346	12163	12274	12497	12153	12079	11741	12029	12223	12490	12192	12392	12385	13122	13069	11658	12554	12884	12313	12895	12188	12228	12225	12546	13087	12175	12402	12022	12413	13270	13962	12365	12269	12619	12348	12793	12072	12405	11938	12053	12796	12712	12513	11826	12485	13471	12846	12116	12140	12312	11979	
84904	11706	12072	12727	12750	12310	11517	12175	12178	12469	11760	12277	12361	12175	11622	12418	11814	13485	12553	13165	12834	12521	11867	12088	11862	11966	11846	11722	11839	11900	12061	11519	12346	11849	11752	11845	12517	13145	11862	11613	11605	11889	11939	11643	11710	11547	11751	11680	11708	11448	11737	11414	12999	12598	11864	11831	11877	11741	11929	11598	12616	11869	11630	11621	12066	16577	27853	30538	16563	13464	13362	12574	13151	13197	12375	
89890	12482	12014	12422	11912	12355	12239	12394	12367	12398	12122	12691	12766	12622	12989	15619	13713	13684	13162	12704	13853	13299	13519	12904	12928	13663	13773	13632	12785	15303	13450	12309	12518	13457	12563	12388	12264	12699	13662	13271	13267	12963	13541	14085	13962	17374	13279	14469	12820	11980	12996	12426	12903	12548	14039	13347	13223	13072	12522	13486	12728	13224	13390	13308	12654	12807	13229	13418	12632	11841	12712	13587	11975	12309	12240	
94245	12495	12375	12285	13878	12726	12596	12546	12926	15439	13046	12280	12575	12199	13526	12654	12631	13021	12019	21841	20681	20919	23267	14882	14082	14816	25268	17256	24468	13886	13470	13691	12216	12624	12009	11900	12167	13052	13281	12882	13378	13651	16907	12842	12071	11910	12067	13324	12631	12498	12170	13796	13456	13973	13078	12782	13515	12010	13960	15432	13753	14668	23898	21819	15446	12955	12525	21191	19519	19677	24064	19377	32863	17205	15263	
90447	12593	15354	14587	13297	12615	12979	12340	11967	12469	12432	12113	13037	15438	14857	13720	12174	14574	16676	12782	12560	12556	12646	12340	11650	14516	13397	12796	12592	11931	12368	12848	14675	18504	14460	13038	13212	12138	12439	12314	12776	12047	12163	12486	14960	12755	12514	12929	14008	14099	13003	13202	12035	12951	13269	13955	14291	13488	11736	12554	12150	12606	14518	11896	14444	13387	12471	12447	12180	12752	12483	12081	11509	12042	11892	
91850	11984	11949	11892	11678	11779	11897	12070	11716	12078	11902	12123	11758	13051	12218	13440	12998	11530	12547	12379	11924	11995	11799	12580	11996	11750	12173	12711	12756	14059	14187	12692	13134	12960	13105	13388	12065	12850	13451	12800	13598	11757	12016	12360	13830	11991	13126	12710	11653	11824	11980	11907	12810	12244	12539	12703	13650	12910	12684	11592	12390	12345	12021	11530	12409	11696	11619	11644	11750	11906	11800	11922	12051	12367	11958	
87666	11803	11708	12418	11965	11780	11793	11999	11951	11613	11886	12804	12065	12825	11909	12825	11706	12470	11674	12573	12075	12132	11699	12119	11803	12334	12368	13129	13118	12792	12578	12257	12476	12434	11914	12215	11959	12776	11887	12731	12291	12194	12065	13962	12574	11765	12557	14017	13153	12176	11765	13129	12011	12160	11695	12070	12036	12254	11557	12810	12495	12534	11620	11916	12104	12194	12197	12578	12227	12028	12056	11931	12421	11852	12753	
88461	12247	11942	11902	11959	12277	12006	11979	11728	11973	12409	11765	13110	12489	12133	12428	12231	14576	12289	12428	11969	12232	13535	13026	12045	11877	12473	13088	12830	12006	11889	12176	11774	12143	12048	11745	12135	12090	11856	11978	12069	11862	12762	12447	12212	12557	12016	12016	12187	12140	12087	13691	11938	11794	11701	11957	11674	12350	12515	13092	11987	12039	12162	12404	11843	12217	12560	12395	12106	12053	12214	13404	12243	13219	11925	
90195	12139	11935	12010	12153	11912	11800	12184	12718	12403	13054	12303	12698	11998	11739	11938	11746	11906	11997	12194	11832	12190	11879	11909	12776	12412	13489	11659	12889	11959	12423	12111	11807	12118	12174	12119	11624	11956	12256	11930	13163	12021	13868	13017	12305	11864	11739	11812	12109	11616	12299	11942	11608	11614	12245	12023	13056	11556	12698	12185	11971	12164	11634	12060	12416	11738	11677	12266	11993	12454	11797	12114	13633	12138	11714	
86399	11574	12009	11936	12024	11458	11940	12600	15008	12332	11976	11976	12147	11825	11816	11679	11704	12540	11971	11723	12340	11784	11619	13725	12173	11813	11889	12529	13438	13709	13903	13509	13037	12365	12170	11977	12097	11829	12858	13329	12897	11563	12160	13147	12811	12752	12382	13281	12828	12686	12511	12285	12600	12936	13202	11577	12564	11891	11764	12306	12078	12016	12056	12159	11933	12716	12838	12634	12995	12994	15068	15001	13135	13201	12722	
94351	12768	12159	12306	14254	13233	13184	13066	11762	11952	12181	12326	12918	12943	12648	12900	13028	12552	12429	13701	13372	13063	12000	12350	13052	12486	12540	11854	12508	12193	12417	12113	12179	13970	13840	19656	14084	13719	12245	11711	11829	11871	12218	12009	11742	11881	11957	11603	11760	12277	13955	13570	12799	12582	12729	12057	12595	11963	12204	12229	12278	12043	12231	12249	11812	12450	13430	13141	12249	12272	15047	12467	12180	12307	13472	
89225	12819	14540	20461	12882	11807	11839	11861	12173	11870	11951	12310	12208	12505	12813	13940	12958	13685	12139	12104	13210	12372	12105	12201	11945	12227	11756	11488	11666	11910	12493	12727	12325	12636	12204	13326	12475	12103	11840	11956	11893	11693	12598	12622	12280	11945	13516	13127	12199	12236	11892	12758	12441	11977	12126	13058	12143	11781	11703	12147	12666	12161	13340	12907	11882	11654	12591	12251	11640	11941	11856	11858	11631	11871	11899	
88271	12771	12706	12259	12891	12859	12379	12241	12123	12451	12415	12404	12209	12445	12742	11943	11981	11731	12295	12246	12417	12118	12849	12425	12768	12381	11979	12700	13421	12552	11777	12236	12432	12173	11731	11949	12482	12164	11798	11503	12381	12907	13818	12186	13507	13030	12946	12165	11809	12250	12151	12108	11797	12110	11925	12157	12665	12321	11996	12130	13121	12138	12140	13274	12670	12268	12843	12583	12278	12539	11655	12378	12720	12591	11845	
93243	12154	12266	11549	12036	12380	11999	11277	12601	13382	14284	13053	12832	11841	12404	12426	12486	11802	12135	12730	12168	12269	11548	13058	12525	12506	12324	13036	13813	13003	12325	12147	11746	12322	12329	12057	12124	12151	12584	13034	12132	13022	13006	12442	12059	11731	14014	12319	12266	12056	12225	12193	11992	11777	11548	12175	12405	13413	11827	13576	12579	12253	12273	12285	12365	12047	12772	12674	13010	13006	13544	12048	11929	13203	12107	
91936	12234	11990	12866	12093	11718	11822	13606	12613	12398	12398	12113	11852	11497	12534	11784	12612	11866	11963	11755	11909	11574	11515	12560	13096	12002	12106	12120	11877	12156	11531	11999	11820	12047	11414	12164	11545	11569	11629	13080	12652	12182	11814	11816	12100	11859	11633	12183	11799	12105	11638	11849	11943	11855	12050	13105	12497	12569	12309	11763	11921	11864	12071	11573	11962	11967	11622	11889	11525	11782	11602	12248	12852	12060	11814	
88704	12241	12098	12297	11974	12889	12941	12584	12930	11945	11959	11581	11913	11570	11678	11497	11778	11506	11848	11509	11462	12018	13409	12450	12132	11781	11880	12221	12226	11842	12448	11861	11519	11813	11693	11779	11778	11967	12848	14027	11880	11976	11704	11763	11786	11899	11764	11713	11421	11816	11833	11690	11309	11897	12944	12627	12076	12314	11807	12156	11541	11461	12380	11668	11905	11498	12126	11410	11744	11543	12338	13118	12338	11918	12343	
86708	12343	11721	11362	12245	12733	12271	12446	11808	11592	12025	11845	11840	12166	12819	12162	12651	11896	11635	11795	12174	12107	12362	12129	12017	11429	11731	11751	11444	11570	11714	11670	11652	12207	11591	11929	11641	12233	12773	12654	11803	12044	11574	11973	11733	11713	12603	13136	11974	12097	12051	12906	12156	12416	12601	13390	13204	13018	11835	12368	13012	12168	13015	12305	12205	12073	11899	11968	12216	13182	13972	14019	12499	11806	11956	
89694	11796	12441	12338	12754	12631	12588	12433	12383	12001	12679	11982	12476	12091	12037	13146	12563	12125	12507	13179	13888	12321	12781	12003	12257	11925	12638	11703	12212	12460	12326	12507	11692	12154	11813	14512	12773	11932	12511	12407	12208	14016	14432	28977	12442	12494	11760	12338	13173	14207	15154	12939	12924	13366	12821	13181	11843	12582	12332	11951	11658	11976	11708	12320	11668	12742	13291	13278	12086	12421	11898	12029	13217	11723	11680	
87826	11882	12845	12692	12311	12128	12358	12729	13528	12240	12276	12299	19834	12179	11884	12183	12936	11880	12070	11947	11690	11928	12999	13368	11800	12276	12100	12054	12322	13934	12733	13425	12529	11620	12013	12478	12305	12093	13549	12558	12562	12701	12734	12169	12722	12433	13917	12976	13437	12330	12558	12373	11922	11804	12943	12075	12038	12593	12558	12399	12873	12312	14452	12481	13128	12738	12290	11627	12047	12635	11993	12111	12916	11950	12085	
95778	12878	14122	13076	12958	12584	13119	12406	13385	12986	12674	13493	14787	12821	12977	12716	12518	12352	12080	12942	13738	12831	12400	12644	12539	12113	14239	13986	12766	13005	12065	11832	11786	12090	12067	11819	11752	12004	12680	12218	12000	12937	13632	12884	12447	11840	12392	12024	12289	11957	12243	12271	11985	11768	12284	11982	11824	11756	13956	13761	12070	12353	12059	11732	12025	11907	12425	12216	11687	11993	12127	11961	11837	11788	12442	
91130	12153	12822	12035	12140	11920	11906	11961	13491	12831	12369	12256	12539	12587	12527	12555	12757	12738	12966	12439	11956	12574	13024	12553	13012	12668	13813	12838	13135	13375	12852	12882	12327	12349	12713	11777	13065	12368	12138	12134	13087	12875	14597	13026	12950	12124	12551	12540	11839	12174	12555	11757	12920	11834	12914	13999	13036	12716	11802	12582	12567	12004	12298	11466	12059	11739	11690	11598	12028	11989	12633	12477	11703	11951	12197	
89553	12198	12706	12225	11881	13484	12188	13541	11778	12244	11975	12638	11995	11832	11981	12185	12313	11555	12103	12991	11896	12404	13024	12029	12169	12067	12054	12467	12067	12898	11536	12385	11896	12898	12000	12420	12090	13067	14612	13142	12392	12402	12304	12574	12377	12328	12218	12319	12460	12396	12186	12570	13677	13556	13137	13119	13290	12958	12734	13012	12859	12640	12817	13749	12500	12893	12955	14940	16626	15213	13342	12885	12322	12946	12550	
92762	12443	14830	13665	13885	12748	12088	12663	12344	12574	12207	12603	11884	11828	11945	11719	12882	12467	12993	12091	11684	11941	11675	12154	11752	11880	11982	12093	11525	11907	12814	12199	13326	13620	12097	12766	13625	12296	11823	12128	12514	13177	13888	12189	12311	12643	12045	13595	12724	13292	12509	12799	12336	12483	13060	13058	13002	13188	12421	12326	11957	13243	12240	15027	14730	13749	14131	12050	11993	13756	13609	12868	13527	13292	12385	
96086	13380	12627	12978	12697	13219	13152	13161	12685	12589	12203	12392	12792	12518	12597	12069	11972	12078	11576	11984	11852	12108	11660	12061	11966	12002	11693	12051	12842	12239	12299	12314	11880	12059	11868	11938	11756	11716	11631	12143	11743	12651	11844	11816	12883	12378	12902	12739	11626	13276	12458	12093	11636	11794	11826	12165	12049	12290	12056	12516	13174	12113	12510	12315	12332	11699	12577	11901	11738	12251	11996	12081	11832	11766	11749	
88637	11834	12718	12401	12613	12326	11824	12170	11864	12040	11970	13474	13352	12476	12222	12113	11955	12283	12146	11943	11904	12273	12213	12124	12027	12012	12465	12576	12541	12960	12470	11888	12072	12308	12367	11951	11931	11897	11907	12006	11636	11876	12215	13568	11936	12842	12119	12001	12031	11932	12249	11893	11903	11910	12331	12113	12125	12088	12464	13011	12367	11804	12040	11937	12197	12189	12117	12583	12492	12637	11612	11886	12002	12130	12605	
89748	11961	12016	11999	12451	12327	12419	11921	12088	12742	12616	11874	12172	12213	12195	11709	12038	12001	12430	11818	12324	12596	12101	11787	12237	13237	12674	12194	11780	12008	12089	12659	11976	11670	12089	12193	11852	11935	12178	11793	11709	12936	12537	12549	12595	12118	12184	12180	11924	11998	12016	12691	13116	12641	12049	12099	13079	12933	12445	11868	12396	12029	12873	12716	12765	12862	12322	12567	11965	11945	12019	11904	11961	12996	12100	
91203	13002	13600	12431	12298	12525	12847	17320	13681	13556	12547	13668	12169	12761	12390	12709	12125	13297	12613	12788	12363	12106	12674	13169	12382	12683	12388	12343	12048	12079	11905	12188	11834	11833	12166	11796	11997	11954	13220	12628	12432	12232	12222	12414	12476	11951	12744	12213	12210	12318	12317	12350	12435	12350	11970	12667	12105	12096	11966	12794	13278	13015	12480	13083	11972	11836	11708	12051	11924	12237	12818	12269	13069	12434	12013	
92440	12783	13030	12352	14109	14189	13896	12476	13008	13900	13290	12436	13252	13413	13043	13276	13150	12933	13196	14433	12365	11920	11517	12220	12164	12488	12009	11905	11852	12040	11703	12296	13070	12542	12753	12176	12597	12826	11889	12395	12502	12014	12783	12550	11810	12626	13585	12873	12212	11711	12489	13108	12583	12193	11918	12055	11890	11718	12065	12223	11744	11755	12104	12331	11842	11855	12547	13044	12467	12116	11464	12103	12313	12436	11744	
85870	12594	13174	12354	12052	11848	11794	14061	11910	12965	12865	12417	12370	12436	12591	11942	12243	12788	12020	13119	11724	12146	11959	11785	11909	12064	12265	12209	11568	12281	11738	11999	13315	13049	12263	12482	11855	11634	11995	11897	11896	11954	12179	13280	12933	12751	11836	14172	13628	13567	13624	12992	11685	12049	12004	12017	11736	12691	11947	12024	11876	11736	11987	12208	13989	12907	11953	13109	11859	12265	11569	12607	12167	12044	11749	
86853	11856	12201	12483	12208	11797	11770	12494	12036	11615	11855	12207	11885	11798	12051	13563	12377	12010	11898	11955	11926	11863	11929	12393	12755	12235	11962	12488	11852	11748	12287	12714	12945	12428	12493	11797	11809	12841	12190	12845	12562	11847	11867	11741	11816	12480	13088	12750	11878	13032	12047	12156	12039	11735	12094	12101	12071	11471	12411	11881	12035	11559	13794	13017	12794	11932	11597	11815	12133	12529	12920	12934	12852	13006	13117	
98803	14365	16237	12765	14160	12763	11938	11808	12745	12992	12454	14970	13902	12355	13724	13017	13187	13404	12943	12505	12069	11996	12001	11662	11939	12779	14351	14194	12732	12052	12861	12340	12395	12255	12561	11917	11787	11894	11910	12767	11788	13012	12552	12221	12189	11980	11927	11868	12434	12004	11878	11798	11784	12871	12558	11803	12208	12154	13552	12597	19938	12515	11786	12207	12225	12521	13032	12289	12379	12692	12416	12470	12581	13388	13055	
88847	12019	12118	12048	12713	11770	12117	12974	12333	12348	12417	12206	12159	12583	11973	12356	12611	11947	12199	12272	12488	11884	12174	12562	12532	12170	12904	13825	13693	12726	12574	12393	12536	12541	12411	12086	12255	12260	12613	13019	12051	12158	11970	12055	12241	11866	11922	11671	12370	12171	11733	12347	12358	11774	12427	13452	12337	12225	11730	12097	11802	11962	11870	12016	11759	11817	11886	11571	11888	11888	11790	13208	12693	12010	12084	
89350	12254	13688	12436	12207	12755	13317	12740	12633	12248	12274	12069	12221	12343	12655	12072	12160	11829	11643	11906	12311	12724	12519	12284	14857	16902	12412	12272	12061	12123	11867	12164	12051	11485	12642	12717	12895	12739	12311	11703	11813	11739	12038	11561	11820	11964	13039	12137	12982	12258	12323	11881	12347	13472	11971	11979	11927	11833	11825	12280	11915	12310	11908	12022	11773	12233	17147	13383	14725	29870	11926	11952	11902	11781	12115	
91670	13448	12865	11844	12442	12525	12371	12180	13013	12039	12209	11923	11955	11665	11793	11451	11916	12594	12490	13575	12311	12301	13027	11807	12448	12007	12524	12472	12767	12074	12182	12141	12349	13121	12823	13015	12107	11873	11915	11881	11931	11832	11897	12068	11807	12116	11920	12205	12048	13380	12852	12461	12679	12141	12136	11886	12119	12648	12011	12277	12249	12317	12320	15909	13367	12808	35005	13254	12121	12169	12074	12625	12485	12127	11819	
89903	12234	11843	11627	12053	11616	11718	12616	12417	12416	12345	12185	12571	12760	12439	14199	14607	11996	12495	12180	12096	11892	11999	12559	12274	11930	12351	11784	12010	12523	12118	13765	12421	12278	12033	12056	11902	12156	12185	11956	12469	12398	12242	12372	12349	11968	12828	13930	12953	12249	11806	12101	11777	11935	11637	11704	11524	11918	11912	12023	11659	12123	12850	12534	12764	12825	12420	12174	12697	11821	12371	12065	12317	11861	11770	
88596	11929	11610	11748	11706	11970	12295	12058	11805	12650	12418	13072	14253	16177	12553	11771	12106	11827	11833	12000	12171	12401	12400	11413	11949	11956	11910	11903	11994	12936	13120	11858	11640	11845	11662	11945	11500	11782	12121	12035	11572	11684	12802	12079	15026	19583	13672	22716	11871	11770	11832	11893	11852	11730	11885	11941	12233	11740	11784	11793	13129	12617	11780	11883	11990	11598	11740	11903	11763	11802	11613	11996	11825	11710	11862	
87095	12073	11744	12018	11938	12566	12267	11977	12439	12031	12601	12669	12945	13145	12632	12653	12717	12152	12248	12328	12360	12011	12337	12112	12527	11999	12280	13209	12955	12863	13039	12155	12217	12738	12372	12761	12752	12091	12017	12707	12248	12249	13261	13185	11952	12668	14416	12331	11928	12588	13163	12208	11995	12081	11958	11973	12612	11925	14463	18137	27314	13418	11789	12060	11993	11829	11837	12736	12212	12079	11678	12389	12693	12627	12162	
85716	12578	12411	12751	11818	11889	11761	12519	12176	12544	12213	13024	12619	12618	12435	13351	12648	12573	13255	12741	12831	12696	13145	13937	14586	12601	12228	12019	12015	11843	12333	11929	12246	12985	12599	13310	13095	12967	14253	13925	13416	14591	13680	12788	12771	12508	13749	12597	12729	12433	12100	12602	13672	14330	14272	13251	12382	12418	12723	13067	12168	12873	12172	12645	12439	11769	12431	11833	13082	12542	13277	12341	12032	11593	11933	
86353	11911	11778	12879	11685	13535	12594	13118	12792	12507	12402	12458	12519	12059	12242	11927	12477	12328	11591	13323	14610	12091	12191	12086	13604	12089	11741	12622	12070	13100	12379	12121	12393	12531	12333	14327	14593	16626	13022	12830	12920	13303	13675	12834	12703	13533	13170	12775	12892	12442	12480	13424	13726	14362	13160	11980	12034	11867	12335	12375	12082	13152	13020	12714	13089	13071	13956	15330	15435	12615	13456	12701	12902	13844	12906	
87802	13043	14198	12798	12281	12432	11910	13126	12050	12467	11927	12279	11815	12271	11972	12913	13199	11772	13937	13069	12178	13796	12490	12437	12700	12305	12174	11873	12058	12380	12064	11782	12808	12581	12484	11933	11959	12164	11909	11892	11915	12065	11894	12414	11655	12197	12014	12670	11753	12517	12188	12195	11690	12520	12150	12021	11947	11717	12248	12826	12012	11833	11866	13133	12046	12936	11973	12148	11984	12184	11878	12190	14644	12725	12388	
88345	16792	15737	12437	11984	11996	12377	12025	12333	12397	12076	11751	12151	12468	12108	12682	12486	11705	11822	11907	12186	11995	11593	12074	12220	12232	11968	11927	12441	12926	13114	12484	13802	12360	12465	12261	12871	12209	12694	12759	12523	12015	13640	12265	13026	12680	13162	12845	12337	12210	12414	12041	12203	11955	11820	11807	11980	11729	12016	11579	13196	12241	13901	12296	12018	12851	16397	13398	12173	11741	12333	11845	12149	11987	12193	
91330	11859	11923	11896	12123	12224	11905	12110	11716	12322	13015	12160	12678	12310	12915	12263	12535	12876	12000	11863	12123	12223	11799	11674	11607	12092	13172	13398	12007	12260	12247	11998	12221	11869	12541	12399	12349	12066	12848	12187	12515	12429	12460	12965	12449	12290	12011	12329	11907	11764	12152	12124	11948	11819	11931	12329	12071	11769	12700	12447	12454	12273	12192	11858	12335	12268	12602	11944	12262	12242	12225	11640	12471	13901	12535	
88761	12225	12593	12107	11609	12206	11998	12027	13012	12000	12809	11897	12434	11649	12541	12588	12676	12297	12126	12595	11983	11907	12248	12684	15574	12750	12029	12611	12036	13032	12074	12169	11967	12215	11719	12379	11718	12544	12548	13135	12368	12945	11804	11968	11721	12152	11656	12146	13886	12010	11868	12084	11653	12084	13526	15783	16109	16332	13901	12882	12837	12070	12115	12333	12251	12069	12817	12663	12418	12922	13117	12402	12033	12815	12272	
86878	12204	12363	12149	13617	12743	12934	12482	12696	12640	12923	12275	12772	12592	12856	12586	12389	12176	23074	14562	13307	12075	12001	12326	12184	12512	12029	13213	12398	12381	13067	13132	13338	12304	14481	12653	12184	12564	12701	11969	11704	12432	12200	12102	11852	11565	11987	12087	12601	12376	13110	13485	12413	12490	11985	12089	11843	12070	11711	12271	12161	13215	12559	12734	12761	12874	13429	14594	12487	13172	13221	12395	12299	13201	12973	
88673	12802	12889	13435	12527	12101	12029	11851	12376	11898	12190	11953	12239	12315	12006	11813	12915	12429	12229	12698	12530	12056	12244	11856	12554	11882	12170	14183	11953	12153	12475	12377	13541	12667	12383	12128	12375	12015	12208	12026	11898	11925	12050	11796	13127	12086	12748	12962	13484	12537	12324	12018	12792	12003	12441	12355	12359	12431	12702	12070	12564	12746	12435	13102	13164	12642	12660	12605	12261	12490	12517	12869	12518	12054	12339	
90695	12341	12413	13140	12082	12177	12153	12434	12398	12704	12440	12431	12204	12998	12233	12840	12559	12516	11969	12202	12205	12515	12002	11967	11942	11897	12425	12504	12141	13146	13291	12329	12580	12001	12055	11929	12980	12293	12019	11964	12387	12641	12461	12614	12437	13208	13268	12537	12248	12792	12556	12599	12541	12635	12380	12315	11834	12084	12194	12435	12581	13063	12671	12316	12113	12321	12439	12522	12535	12691	12265	12200	12614	13095	12574	
89001	12643	12631	12524	12324	12669	12574	12633	12207	12540	12918	14144	12750	12380	12860	12174	12001	11999	12532	12230	12470	12130	13038	12414	12339	12118	13217	13439	12222	12554	13074	11981	12042	12540	12349	12277	12472	12263	13293	13542	12277	12833	13261	12998	12700	12466	12726	12880	12515	12298	12417	12523	12348	12566	12694	12355	12466	13623	13488	12788	12940	12813	12350	12186	12106	12668	12510	12732	12904	12392	13598	12302	14244	13849	12856	
