86425	86444	84572	89352	86488	87711	85478	86047	88249	86282	86249	87474	88055	85263	85956	86426	85521	88874	86723	87010	86818	86778	87186	85158	86180	85862	87635	85482	85808	87216	84309	88365	85753	87570	86123	87246	88103	85259	88243	85751	86202	86398	85571	86155	85597	87212	85511	87854	84633	87003	84730	85421	86777	84917	87001	85658	87505	86484	84814	88085	83247	87288	86225	86174	86532	85306	87168	85358	86620	86411	84487	87638	88577	86236	86277	
87704	11896	11723	11900	11774	11824	11667	11648	11612	11507	11775	11729	12042	11738	11716	12331	12350	12738	11772	11624	11652	11609	11622	11676	11735	11696	11960	11597	11646	11574	11710	12428	12824	12052	11804	11734	11735	11414	11632	11845	11644	11631	11427	11410	11696	11541	11584	11591	13070	12352	11725	11596	11548	11473	11509	11590	11551	11580	12094	12073	11564	11648	11623	11628	12499	12059	12026	12218	11673	11593	11482	11666	11611	11776	12039	
87475	12258	11759	11889	11784	12009	11830	11599	11779	11678	11627	11477	11907	11539	11668	11756	12741	11795	13050	11682	11550	11517	11624	11640	11751	11673	11613	11461	11590	11434	11548	11556	11724	12672	11929	11599	11602	11824	11590	11582	11915	11690	11697	12203	11914	11734	12010	11847	11824	12339	12524	12170	12055	11795	12560	11985	12162	11985	11941	11909	11884	11735	11577	11686	11515	11493	12668	12694	11855	12114	11681	11724	11688	11496	11683	
85100	12506	12192	12883	11725	11714	11622	11614	11607	11525	11524	11657	11517	11857	11639	11625	11648	11521	12517	11801	12026	11918	11650	11611	11612	11410	11609	11697	11625	11519	11565	11632	11845	11803	12374	12029	12506	12103	11619	11686	11992	11731	11597	11872	11780	11716	11563	11646	11738	11655	11666	12879	12110	11878	11501	11484	11542	11478	11497	11728	11575	11462	11620	11525	11601	11463	11864	12111	12744	12357	12102	11683	11640	11986	11552	
85586	11440	11419	11400	12677	11684	12208	12070	11799	11660	11627	11369	11573	11806	11553	11653	11595	11588	11792	11605	11553	12440	11805	12226	12108	11910	11815	11773	11573	11611	11416	11482	11521	11552	11950	11671	11598	12122	12669	11869	12040	11821	12160	11680	11659	11980	11755	11808	12242	11600	11531	11549	11612	11569	12867	13388	11951	13537	11723	11965	11917	11799	11722	11826	11591	11467	11491	11542	11627	11660	12551	12613	11839	11986	11742	
86372	11689	11648	11544	11737	11573	12407	12371	11724	11800	11466	11611	11557	11494	11831	11729	11783	11554	11429	11792	11314	11529	12965	11796	11961	11530	11515	12449	11646	11643	11501	11716	11465	11519	12061	11553	11474	11594	11616	12944	11568	13051	11910	11619	11654	11740	11512	11609	11827	11582	11644	11509	11490	11545	11605	11603	13233	11936	11958	11487	11701	11669	11612	11530	11524	11865	12006	11934	11981	11724	12268	11648	12592	12025	12949	
86040	11699	11543	11381	11421	11986	11859	11967	12139	11766	11871	11429	11701	11492	12004	12125	11675	11476	11610	12137	11879	11650	11650	11453	12846	12310	11475	11555	11726	11573	11623	11561	11456	11460	11739	11536	11463	11528	11968	11818	12529	12379	12003	11722	11547	11994	11522	11453	11617	11933	11723	11644	11640	11564	11757	12507	11712	13869	11904	11624	11774	11443	11653	11720	11669	11554	11441	11561	11561	11475	11532	11454	11459	12594	12374	
83888	11646	11423	11419	11319	11480	11417	11414	11867	12196	12372	11717	11544	11761	11613	12004	11718	11650	11640	11691	11535	11574	11580	11583	11491	11699	13094	12054	11579	11618	11548	11500	11594	11621	11606	11683	11585	11447	11399	11603	11641	11572	13066	12283	11946	11664	11584	11555	11597	11676	11583	11750	11577	11885	11837	11579	11577	11597	11670	12990	11951	11876	11716	11948	11586	11700	11786	11636	11685	11666	11624	11642	11631	11644	11559	
86320	11499	11738	11643	11548	11542	11797	11738	11560	11623	11614	12374	12617	11610	11697	12405	11523	11470	11364	11536	11842	11506	11777	11434	11716	11506	11655	12754	12640	12001	11868	11518	11704	11437	11510	11834	11398	11431	11486	11966	11618	11563	11684	11425	12152	12752	12119	12013	11687	11761	11787	11786	11763	11863	11832	11662	12360	13036	12394	11922	12070	13117	12266	11961	11574	11683	11725	11563	11740	11823	11986	11872	11599	11686	11853	
87438	11702	11645	11773	11620	11715	11831	11701	11817	11890	11571	11662	12896	12885	11686	12006	11607	11975	11503	11957	11869	11681	11577	11685	11732	12045	11632	11680	12897	12779	11872	11692	11767	11877	11545	11907	12054	11756	11707	12328	11977	11892	11630	11790	12814	12620	11978	11753	11916	12036	11563	11934	11868	11726	11690	11647	11788	11610	11704	11559	12224	13455	12052	11856	11754	11905	11914	11877	11747	11946	11837	11665	12153	11842	12077	
89048	11820	11751	11699	12295	11837	11842	11630	11702	11506	11686	11461	12543	12359	13400	11670	11620	11511	11656	11431	11515	11691	11961	11541	11471	11730	11754	11958	11988	12283	12677	11653	11686	11581	11773	11406	11651	11624	11649	11555	11470	11584	11501	11477	11726	12405	12626	11627	11468	11566	11383	11666	11556	11616	12099	12036	11781	11776	11624	11410	11632	11553	12585	11995	11826	12030	12219	11414	11404	11823	11697	11649	11582	11583	11517	
89534	11609	11837	11482	11471	11758	11529	11497	11525	11666	11441	11468	11493	11958	13353	12140	11846	11913	11763	11674	12562	11636	11563	11432	11649	11666	11387	11532	11766	11491	13701	12022	11893	12527	11948	11640	11636	11682	11616	11600	11513	11681	11855	11472	11378	11586	11598	12467	11676	12299	11799	11864	11659	11875	11607	11499	11636	11489	11439	11682	12312	11767	11837	12567	11726	12082	11871	11805	11741	11528	11584	11542	11921	11535	11774	
86130	11822	11617	11848	11768	11729	11756	11731	12060	12887	11714	11662	11577	11513	12043	12286	11632	12069	11597	11491	11640	11574	11531	11393	11458	11665	11817	11629	11764	11880	11844	11603	12409	11772	12805	11727	11625	11582	11546	11862	11476	12615	11521	11773	11746	11647	11724	11525	12763	12115	12203	11682	11561	11522	11520	11604	12514	11812	12832	11461	11706	11516	11519	11644	11608	13004	12293	12334	11671	11841	11635	11715	11859	11968	11746	
86264	12499	11795	11806	11606	11847	11731	11445	11568	11669	11897	11617	11563	11596	11949	11595	11478	11536	12515	12054	11430	11757	11505	11493	11749	11722	11647	11592	11490	11418	11431	11456	11599	11661	11450	11437	13747	12069	11709	12218	11454	11531	11578	11410	11924	11416	11791	11809	11549	11571	11655	11470	11896	12158	12402	11922	11594	11466	11658	11451	11441	11747	11619	11562	11674	11697	11754	11594	11407	12345	11982	11943	11817	11698	11528	
85119	11504	11595	11574	11520	12623	11853	11900	11884	11771	12944	11956	11579	11558	11768	12272	11824	11546	11602	11644	11549	11973	12194	11959	11769	11720	11855	11637	11683	11596	11590	11655	11669	11516	11450	11838	12046	11786	12777	12408	11683	11598	11847	11485	11629	11644	11652	11541	11483	11661	11510	11538	11554	11642	12178	12467	12491	12217	12153	12072	11946	12086	11870	11553	11834	11743	11415	11700	11505	11575	11636	12499	12306	11930	11912	
84509	11495	11420	11546	11540	11493	11753	12970	11495	11976	11532	11739	11587	11634	11656	11740	12179	12026	11434	11469	11508	11619	11715	12532	12566	12780	11879	11545	11563	12177	11888	11614	11659	11745	12521	11632	12212	12185	11680	12311	13130	12000	11617	11773	11721	11745	11623	11728	11452	11620	11660	11784	11731	11620	11603	11433	12210	12214	11675	11614	11652	11572	11598	11603	11839	11684	11843	11954	11849	11570	11398	11388	12331	12424	11526	
87657	11977	11544	11804	11762	11524	11735	11599	12708	12443	11657	11558	11949	11682	11575	11567	11922	11561	11397	11513	11555	11500	11652	12228	12524	12493	12223	11824	11805	11660	11574	11528	11918	11750	11708	11488	11916	12543	11436	11411	11674	13511	11767	11795	11589	11667	11584	11611	11474	11519	11540	11688	11632	11671	11670	11556	11594	12801	13263	12005	12377	11835	11771	11590	11809	11683	11648	11404	11794	11635	11546	11594	11501	11605	12295	
86920	11570	11624	11298	11483	11572	11530	11835	11497	12135	12709	12092	12249	11805	11486	11408	11684	12486	11664	11645	11628	11589	11750	11470	11609	11498	13384	11634	12337	11617	11434	11606	11647	11609	11757	11630	11535	11599	11946	11589	11743	11461	12212	12244	11713	11466	11709	11865	11543	11601	11747	11656	11428	11341	11386	11431	11345	11458	11362	12395	12014	11855	11502	11492	11396	11417	11599	11492	11766	11527	11532	11775	11739	11729	11653	
90439	11502	11571	11601	11832	11621	11554	11664	11736	11835	11610	12463	12171	11742	11554	12337	11695	12014	11620	11490	11609	11491	11580	11607	11479	11366	11349	11636	12326	12062	11494	12297	11332	11600	11536	11668	11666	11482	11434	12378	11681	11676	11416	11718	11527	12916	12346	11826	11664	11583	11392	11390	11544	11449	11412	11446	11632	11417	11432	11976	12031	12091	12519	12828	12648	11624	11656	11700	11529	11728	11752	11746	11503	11790	11804	
86728	11659	11370	11742	11656	11439	11693	11559	11390	11582	11643	11675	11524	12550	11751	12069	11735	11507	11854	11608	11812	11483	11649	11659	11606	11415	11519	11446	11460	11629	12205	11923	11616	12055	11657	11598	11837	11654	11570	11646	12071	11612	11542	11516	11529	11611	11749	12151	11631	12150	11588	11595	11429	11472	11565	11664	11567	11422	11287	11431	11244	11503	11605	12105	11968	12020	11710	11393	11696	11484	11353	11465	11397	11412	11470	
87432	11733	11781	11884	11458	11536	11525	11649	11654	11525	11681	11579	11500	11412	11533	11452	12337	12407	11819	11710	11562	11647	11508	11446	11424	11380	11457	11483	11366	11444	11530	11508	11404	13036	12156	11585	11454	11413	11541	11319	11351	11449	11716	11679	11542	11516	11594	11611	11460	11392	12256	12206	11858	11751	11545	11625	11422	11477	11424	11545	11395	11644	11726	11752	12400	11491	12588	12131	11920	11553	11527	11587	11925	11815	11465	
87176	11585	12616	12200	11584	11886	11424	11609	11457	11392	11333	11492	11553	11640	11608	11451	11548	11455	12302	11841	11810	11608	11640	11662	11549	11421	11545	11514	12408	11533	11458	11444	11708	11543	11483	12329	12060	11904	11690	11662	11440	11589	11608	11685	11564	12028	11733	11673	11756	11358	11558	11586	12586	12157	11730	11465	11677	11486	11456	11591	11523	11797	11609	11602	11500	11552	11658	11700	12099	12406	11920	11543	11581	11607	11660	
84747	11543	11464	11374	12519	12360	11720	11340	11505	11393	11377	11228	11613	11459	11460	11456	11446	11540	11577	11541	11818	12567	12338	11488	11618	11328	11437	11618	11464	11553	11432	11421	11920	11805	11528	11340	11339	12225	12209	11627	11526	11429	11325	11352	11527	11317	11619	11468	11715	11466	11513	11309	11223	11444	12293	12448	11770	12069	11994	11867	11910	11869	11982	12474	12545	12313	11811	11804	11784	11771	11710	12003	12296	11867	11635	
85443	11662	11346	11454	11567	11591	11835	12107	11934	11962	11484	11556	11365	11404	11456	11400	11478	11478	11539	11461	11382	11575	11414	11767	12039	12130	11753	11654	11546	11301	11444	11455	11475	11394	11564	11553	11369	11460	11453	11424	12052	11973	11902	11755	11486	11563	11648	11541	11458	11435	11381	11425	11346	11453	11433	11524	11490	12393	11429	12213	11596	11414	11461	11447	11485	11336	11666	11472	11544	11405	11597	11975	11461	11359	12661	
85377	11464	11887	11433	11457	11368	11571	11675	11587	11740	11815	12367	11539	11635	11264	11474	11287	11403	11417	11342	11815	11646	11450	11442	11568	11384	11937	11711	12208	11885	11596	11736	11687	11581	11461	11640	11531	11525	11445	11281	11238	11604	11735	12527	11649	11909	11743	11629	11627	11687	11660	11408	11787	11718	11404	11483	11383	11764	11444	11429	12955	12477	11695	11982	11768	11576	12504	11738	12722	11427	11680	11764	11936	11516	11525	
87562	11577	11512	11560	11460	11462	11571	11471	11450	11676	11445	12272	11503	12141	11589	11357	11518	11330	11668	11352	11384	11564	11486	11479	11561	11536	11329	11935	12525	11729	12114	11632	11403	11518	12935	11752	11935	12000	11512	12526	11858	11853	11853	11309	11711	12178	12781	11650	11945	11665	11285	11399	11551	11962	11505	11297	11381	11426	11580	11198	11330	12439	11852	12134	11999	11561	11696	11284	11545	11559	11543	11518	11599	11334	11489	
87155	11778	11468	11342	11545	11421	11419	11540	11441	11538	11431	12864	11787	11788	11919	11601	12975	11720	11562	11273	11251	11546	11699	11580	11350	11454	11677	11864	11615	11405	11456	11268	11405	12131	13152	11678	11448	11620	12097	11518	11719	11448	11775	11542	11719	11659	11473	11456	11635	11776	12857	11662	12620	11636	11538	11342	11515	11515	11588	11444	11676	11432	11375	11395	11367	11427	11287	12363	13531	11839	12087	12056	11656	11624	11721	
84235	11515	12284	12116	11796	12164	11804	11628	11588	11441	11439	11634	11416	11485	11355	11567	11474	11597	11698	12350	12473	12166	11581	11848	11768	11499	11282	11852	12531	11476	11390	11578	11415	11459	11351	12092	12219	11574	12170	11723	11555	11702	11459	11511	11283	11594	11573	11435	11393	11555	11674	11601	12533	12120	11825	11544	11629	11616	11623	11481	11684	11724	11631	11410	11526	11247	11384	11371	11374	12179	11432	11918	11683	11379	11598	
83700	11352	11428	11445	11283	12334	12176	11498	11834	11503	11621	11609	11527	11568	11416	11577	11415	11676	11354	11439	11508	11414	12422	11909	11861	11517	11636	11439	11350	11547	11398	11457	11326	11424	11507	11441	11439	11635	11444	12277	12580	11966	11655	11480	11411	11485	11541	11338	11447	11637	11451	11387	11467	11310	11397	12033	11960	12671	11577	11547	11390	11547	11476	11577	11475	11319	11644	11455	11300	11383	11580	12371	12619	13729	12339	
84768	11545	11783	11448	11478	11682	11424	11312	11559	12300	11494	12250	11443	11361	11933	11626	11566	11363	11807	11360	11331	11402	11376	11481	11291	11963	12097	11933	11506	11888	11583	11439	11499	11418	11555	11770	11773	11613	11387	11577	11553	11522	12187	11778	12204	11564	11464	11439	11656	11626	11866	11712	11565	12075	11679	11328	11400	11545	11725	12119	12567	11715	11650	11742	11606	11407	11578	11488	11749	11591	11396	11328	11509	11434	11585	
88344	11513	11901	13092	11667	11623	11757	11486	11573	11910	11675	12511	12052	12132	11610	11406	11510	11635	11357	11182	11566	11274	11342	11300	11360	11423	11273	11659	12690	11855	11512	11613	11650	11566	11502	11529	11601	11495	11293	11517	11332	11380	11455	11406	12678	12422	11794	11804	11575	11343	11453	11409	11408	11396	11627	11511	11419	11836	11780	11391	11546	12385	12262	11638	11739	11393	11549	11492	11422	11687	11593	11530	11379	11530	12626	
87745	11574	11460	11643	11711	11744	11604	11617	11630	11575	11762	11456	11580	12049	12947	11682	11609	11601	12025	11536	11940	11510	11477	11416	11507	11662	11308	11500	11449	11365	12557	12917	12059	11930	12015	11789	11528	11435	11514	11495	11433	12080	11386	11471	11478	11632	11567	12346	12577	11624	12204	11607	11738	11934	11631	11739	11711	11657	11670	11746	11617	11884	11860	12095	12761	11757	12064	11988	11786	11966	11715	11969	11808	11681	11671	
86816	11925	11593	11388	11215	11555	11512	11411	11653	11519	11566	11335	11580	11447	11555	11555	12514	11820	11929	11526	11897	11606	11676	11339	11414	11491	11539	11313	11528	11246	11488	11661	11324	12573	12058	11916	11517	11435	11582	11807	11687	11457	11587	11262	11372	11602	11519	11529	11406	12012	12557	11709	11554	11496	11504	11229	11501	11279	11277	11411	11455	11515	11591	11512	11525	11450	11638	13278	11880	11783	11591	11583	11497	11575	11500	
85782	11326	12042	12208	11720	12174	12184	11535	11544	11458	11486	11521	11394	11332	11260	11367	11477	11763	11459	12863	12354	11918	11599	11845	11844	11610	11362	11629	11753	11439	11513	11657	11436	11643	11451	11532	13298	11846	11828	11508	11476	11528	11382	11519	11361	11711	11532	11458	11563	11612	11478	11295	12094	12740	11745	11415	11511	11435	11481	11506	11542	11846	11441	11459	11711	11330	11385	11594	11708	11810	12682	11820	11645	11604	11754	
85107	11522	11709	11470	11647	12457	12079	11551	11510	11535	11561	11416	11297	11471	11481	11518	11522	11380	11377	11416	11320	11406	13507	12299	11810	11505	11582	11766	11772	11720	11632	11497	11552	11790	11495	11391	11417	11425	11509	12744	11732	12190	11949	11470	11607	11543	11467	11470	11738	11427	11521	11339	11492	11523	11454	12408	12012	11598	11503	11502	11625	11992	11437	11465	11765	11439	11742	11418	11550	11512	11647	11352	12306	12567	12043	
87598	12233	11665	11817	11650	11665	11592	11821	12148	11683	11543	11446	11458	11351	11454	11373	11693	12155	11421	11431	11384	11361	11501	11377	11896	12125	12151	11530	11390	11386	11557	11542	11427	11624	11682	11572	11598	11478	11735	11502	11817	12442	12074	11672	11419	11466	11502	11450	11325	11437	11398	11535	11433	12210	11368	11547	11432	11453	12638	12362	11816	11697	11542	11986	11700	11788	11832	12175	11528	11551	11520	11490	11400	11286	11573	
85134	11220	11319	11321	11286	11455	11508	11643	11437	11711	12010	12761	12171	11546	11442	11770	11380	11408	11320	11453	11410	11676	11535	11719	11528	11535	11829	12296	12210	11613	11455	11890	11448	11308	11493	11294	11595	11460	11688	11393	11322	11698	11366	11300	12410	12144	11759	11608	11594	12448	11264	11209	11524	11566	11821	11599	11437	11431	11315	11454	11431	13164	11722	11808	11707	11600	11937	11939	11994	11466	11532	11607	11930	11577	11248	
87852	11747	11819	11983	12145	12353	12193	14133	12156	11838	11929	11662	12919	11875	12067	11628	11429	11454	11557	11545	11335	11377	11527	11410	11448	11659	11350	11671	11728	12682	11588	12044	11876	11493	11585	11353	11487	11552	11381	11515	11425	11581	11293	11320	11353	11440	12222	12247	11857	11341	11545	11298	11566	11265	11615	11683	11347	11785	11496	11298	11487	11609	11535	12218	12237	11983	11746	11569	11436	11530	11410	11705	11594	11702	11433	
85412	11612	11587	11382	11377	11588	11454	11566	11601	11562	11431	11389	11374	11466	11525	12528	12056	11855	11453	11372	11669	11585	11639	11763	11448	11691	11924	11520	11456	11355	11519	11487	12663	12377	11643	11876	11919	11486	11559	11540	11478	11300	11374	11662	11425	11298	11321	11383	11452	12938	12345	11979	11817	12433	11774	11604	11544	11570	11468	11391	11435	11330	11360	11304	11474	11811	12466	11761	11435	11503	11332	11688	11608	11704	11501	
84726	12370	11789	11721	12370	12215	12039	11645	11626	11641	11547	11562	11428	11332	11268	11199	11486	11206	12218	12144	11417	11294	11463	11421	11635	11507	11575	11876	12182	11450	11491	11458	11456	11512	11403	12707	12110	11671	11492	11660	11631	11882	11644	11464	11521	11869	12372	11432	11260	11317	11294	11492	13390	11752	11534	11325	11198	11453	11288	11206	11301	11318	11238	11322	11424	11467	11313	11324	11429	12363	12453	11337	12003	11641	11362	
84816	11562	11406	11483	11541	12479	12626	11721	11519	11507	11816	11862	11719	11524	11608	11531	11577	11376	11351	11424	11599	11792	12129	11803	12284	11801	11328	11509	11536	11766	11220	11519	11209	11262	11326	11311	11314	11572	11999	11815	12358	11529	11574	11506	11363	11441	11422	11490	11729	11525	11699	11539	11516	11417	11492	12108	12290	12003	11787	11429	11790	11842	11533	12071	11248	11362	11469	11539	11482	11445	11521	11551	12553	12562	11704	
85352	11516	11612	11731	11680	11389	11313	12700	12818	12293	12541	11606	11675	11318	11601	11336	11408	11383	11543	11846	11338	11332	11500	11299	12615	12081	11905	11447	11768	11387	11510	11389	11426	12114	11677	11629	11459	11528	11442	11498	11375	12609	12169	20346	11509	11528	11533	11546	11446	11782	11611	11246	11246	11302	11483	11459	11516	12233	12611	11896	11741	11414	11345	11554	11320	11370	11505	11755	11887	11622	11564	11633	11547	11617	12381	
84792	11582	11486	11756	11541	11258	11484	11539	11280	12565	12102	11574	11994	12286	11439	11414	11452	11454	11240	11652	11604	11461	11454	11769	11580	11411	12181	12459	11711	11701	11380	11622	11329	11434	11565	11574	11854	11528	11361	11733	11343	11374	11718	12434	12174	12565	11766	11536	11593	11518	11349	11418	11504	11477	11624	11362	11448	11290	11410	12425	12213	11970	11665	11702	11384	11343	11419	11507	11428	11377	11287	11591	11526	11735	11735	
87501	11709	11431	11664	11849	12263	11637	12085	11828	12765	12364	13217	12521	12197	11775	11682	11621	11554	11429	11461	11352	11456	11296	11357	11536	11494	11428	11452	12226	12009	12267	11468	11721	11345	11274	11391	11321	11443	11536	11413	11582	11485	11446	11481	11328	12282	12288	11579	11446	11513	11449	11729	11511	11506	11565	11474	11569	11609	11584	11481	11394	11412	12230	12132	11776	11529	11550	11508	11526	11584	11314	11504	11360	11552	11535	
86813	11563	11427	11341	11557	11404	11868	11570	11447	11560	11429	11279	11373	11500	12433	11483	12398	11860	11840	11436	11348	11538	11483	11563	11574	11451	11592	11491	11400	11395	11585	12639	12190	11889	12229	11914	11759	11631	11581	11553	11428	11351	11485	11377	11351	11543	11360	11655	12746	12447	11656	11655	11495	11509	11554	11242	11511	11469	11634	11622	11486	11470	11531	11336	11737	12479	12028	11773	11470	11524	11464	11497	11494	11423	11843	
89584	12153	11977	11833	11417	11545	11445	11638	11762	11366	12094	11659	12536	11670	12111	11649	12277	13181	12094	11675	11872	11493	11958	11638	11566	11484	11453	11443	11316	11486	11598	11789	11456	12773	12119	12430	11808	11744	11981	11582	11629	11483	11451	11520	11518	11483	11511	11574	11711	12532	12266	12277	11411	11540	11469	11359	11429	11504	11713	11439	11493	11769	11451	11505	11493	11987	12275	12157	11734	11858	11695	11508	11674	11488	11430	
85685	11809	12220	12048	11858	11457	11340	11540	11443	11713	11698	11548	11545	11422	11417	11326	11516	11645	11446	12145	11567	11973	11794	11764	11688	11623	11300	11607	11499	11413	11387	11343	11473	11439	11755	11357	12102	12478	12406	11628	11970	11900	11788	11536	11898	11482	11374	11407	11392	11523	11484	11458	11478	12877	11551	11702	11661	11538	11409	11472	11380	11581	11523	12021	12315	11333	11662	11469	11337	11466	12607	12438	11611	11887	11479	
86830	11539	11562	11490	12051	12510	12445	11445	11490	11471	11738	11484	11547	11501	12369	11515	11595	11452	11358	11795	11704	11673	12439	12498	11899	11799	11484	11404	11389	11398	11856	11502	11391	11497	11498	11580	11354	11676	11640	12731	11538	12507	11673	11472	11514	11791	11503	11533	11895	11531	11600	11523	11892	11663	11550	12355	12253	11533	11641	11626	11530	11529	11587	11587	11612	11544	11333	11585	11469	11484	11643	11605	12688	12000	11477	
84565	11482	11357	11672	11446	11471	11591	11332	12436	12011	11831	12133	11645	11521	11601	11552	11374	11821	11874	11432	11608	11548	11585	11445	12441	12069	11768	11670	11406	11467	11458	11518	11578	11595	11907	11389	11812	11385	11448	11526	11405	12320	12252	12248	11427	11437	11493	11374	11524	11547	11451	11291	11476	11541	11471	11627	11520	11526	12602	11282	12505	11904	11633	11604	11411	11463	11638	11526	11511	11681	11392	11333	11490	11437	11377	
88614	11492	11834	14132	11712	11366	11977	11793	11552	11371	15003	12936	11799	11760	11632	11856	11804	11856	11865	12342	11750	11452	11761	11504	11611	11412	12327	12984	11840	11468	11818	11478	11662	11495	11795	11622	11453	11652	11505	11625	11522	11384	11459	12590	12102	11430	11528	11522	11456	11512	11440	11346	12163	12039	11550	11414	11527	12184	11464	12447	12565	11866	11460	11523	11484	11501	11553	11545	11489	11681	11342	11477	11505	11420	11436	
86293	11482	11554	11468	11388	11530	11379	11504	11346	11563	11436	11463	12250	12340	11776	11796	11593	11585	11343	11460	11499	11580	11806	11493	11443	11476	11400	11455	11479	12737	11678	11884	12121	11627	11566	11338	11417	11356	11547	11461	11307	11766	11462	11580	11282	12730	12441	12114	11396	11527	11543	11404	11472	11654	11636	11349	11340	11499	12018	11260	11424	11656	12994	11446	11707	11608	11500	11461	11520	11598	12085	11802	11540	11608	11620	
86138	11545	11482	11474	11484	11438	11411	11467	11552	11421	11588	11297	11271	11574	12892	11893	11592	12602	12093	12283	11358	11413	11363	11577	11357	11341	11408	11299	11608	11669	11842	12630	12310	11593	11740	11340	11802	11650	11600	11468	11437	11457	11478	11834	11846	11625	11423	12476	12922	12560	12255	12653	12227	12333	12096	12189	11895	12489	12518	13244	12403	12791	12203	12959	11967	12348	12138	12691	11860	12088	12159	11960	12271	12239	11994	
92368	12156	12569	11739	11794	11664	11754	11846	11764	11781	11851	11687	11479	11535	12750	12271	11580	12101	11743	11659	11551	12092	12256	12507	12257	12184	11985	12009	11571	11677	13114	12400	11662	11558	11531	11755	11354	11644	11650	11422	11561	11826	11655	11748	11898	12012	11985	12864	12049	11838	11606	11688	11879	11766	11836	11588	12048	11714	11687	11429	11503	11675	11387	12923	12144	11865	12029	11748	11932	11839	11648	11819	12960	12569	12836	
88129	11696	11555	11561	11526	11656	11669	11898	11594	11537	11664	11699	11664	11600	11760	12734	14311	12645	13004	11972	12095	11693	11682	11821	11861	11708	11664	11596	11599	11482	11647	12423	12485	11631	11749	11764	11657	11862	12128	12447	11755	11592	11637	11617	12000	11482	11815	12477	12165	11944	11698	11682	11576	11659	11615	11947	11518	12037	11612	11612	11676	11518	11522	11589	12447	12091	12206	12158	11506	11673	11782	11463	12000	11688	11991	
88783	12150	12442	11994	11936	12227	12139	12043	12425	12145	12405	12341	12633	12213	12315	12687	12988	12230	12299	12531	12158	11899	11542	11662	11620	11697	11515	11567	11614	11570	11481	12429	12176	12515	11813	11614	11660	11567	11555	12098	11746	11526	11692	11357	11592	11672	11674	11563	12700	11616	12184	11864	11804	11840	11861	11556	12087	11538	11396	11552	11575	11577	12883	13629	12208	11749	12348	12025	11721	11435	11454	11530	11834	11575	11229	
85529	11579	12127	11586	11433	11883	11500	11493	11342	11629	11825	11656	11681	11598	11886	12486	11874	12867	12119	11976	11988	11935	11710	11669	11601	11631	11410	12073	11814	11472	11411	11477	11320	12489	11782	12148	11874	11866	12805	11799	11527	11556	11788	11447	11680	11671	11705	11768	11584	11798	12653	12159	12453	11858	11639	11569	11788	12199	11864	11809	12082	11609	11912	11664	12152	11663	12295	11745	12576	12192	11910	12062	12180	11818	11555	
85737	11870	13317	12001	12193	11783	12200	12529	11507	11559	11553	11650	11529	11628	11848	11471	11898	11571	12586	11948	12418	11938	11788	11919	11539	11750	11765	12219	11979	11502	11446	12025	11470	11623	12002	12291	12815	11920	12027	11514	11852	12047	11953	11739	11644	12002	11542	11632	11519	11863	11714	12655	11986	12990	11856	11592	11550	11893	11429	11435	11962	11606	11997	11526	11613	11962	12086	11721	13091	12405	11657	11776	11640	11642	11690	
85869	11902	12714	11967	12819	12254	11932	11619	11607	11662	11890	11874	11756	11571	11729	12691	11963	11906	11770	12086	12897	11883	11879	11889	11746	11604	11388	11738	11500	11619	11570	11696	11438	11446	11525	11607	11693	13111	11901	11412	11591	11402	11583	11492	11597	11507	11923	11597	11553	11539	11511	11305	11644	11485	12944	12184	11569	11635	11597	11806	11554	11613	11613	11705	11379	11789	11593	11370	11483	11714	12144	12650	11812	11488	11744	
86071	11780	11672	11836	11740	11927	13914	11666	11535	11571	11651	11521	11584	11607	11635	11527	11769	11620	12007	11515	11861	11631	12489	12463	11731	11797	11803	11554	11835	11485	11632	11573	11831	11619	11805	11689	11853	11802	12175	13121	12209	11673	11926	11673	11896	11680	11872	12310	11638	11947	11782	11654	11773	11907	11660	13253	12927	12568	11810	11946	12680	11929	11471	11538	11586	11413	11470	11532	11617	11572	11506	12448	12813	11445	12142	
85310	11433	11647	11454	11456	11656	11362	12537	12414	11763	11626	11627	11456	11616	11503	12759	12274	12125	11603	11371	11642	11440	11624	12362	12446	11768	11651	11443	11712	11492	11527	11457	11433	11377	11645	11355	11365	11382	11363	11952	13078	11749	11703	11654	11542	11439	11556	11389	11599	11547	11474	11788	12355	11633	11817	11800	12955	12769	11857	11867	11639	11424	11586	11510	11651	11654	11813	11835	11709	11754	11464	11336	11710	12388	12146	
84164	11693	11667	11463	11406	11466	11570	11448	12209	12415	11958	11935	11991	11904	11931	11825	11757	11948	11770	11706	11554	11570	11452	11675	11675	12278	12066	12737	11728	11618	11864	11659	11493	11415	11797	11770	11691	11564	11513	11492	11704	11786	12839	12085	11584	11610	11484	11764	11479	11538	11685	11505	11567	11945	11703	11696	11697	11587	11990	12033	12079	11700	11524	11427	11496	11429	11498	11636	11544	11533	12475	11450	11653	11677	11677	
87077	11793	11513	11909	11677	11638	11389	11581	11448	11582	12181	12793	11920	11774	11737	11477	12227	11693	11749	11761	11962	12460	11472	11601	11676	11626	11526	12445	12394	12180	11772	11466	11686	11594	11548	11617	11783	11545	11702	11753	11455	11520	11732	12368	12547	11972	11601	11732	11717	11605	11491	11378	11513	11698	11828	11542	11761	11864	11375	11652	12208	12063	12075	12173	11496	11420	11382	11462	12610	11649	11586	11449	11422	11301	11387	
86627	11490	11558	11936	11751	11766	11397	11395	11523	11521	11565	11300	12429	12186	11672	11707	11468	11631	11649	11677	11363	11468	11452	11620	11715	11533	11736	11683	11372	12957	12096	13703	11863	11413	11493	11315	11370	11747	11749	11535	11604	11678	11787	11596	11558	11991	12088	11890	11823	11563	11654	11446	11578	11771	11490	11913	11567	11470	11509	11518	12132	11474	12724	12273	11970	11509	11301	11380	11341	11530	11750	11608	11765	11377	11501	
87444	11578	11613	11574	11864	11374	11489	11702	12333	11952	11887	11918	11781	12361	12373	12597	12151	12068	12422	12231	12266	12058	11844	11998	11829	11731	11796	11621	11605	11487	11597	12464	12453	12234	11827	11742	11612	11470	11338	11562	11880	11901	11465	11543	11454	11340	11772	12724	12446	12271	11588	11428	11552	11507	11785	11665	11673	11857	11882	11561	11900	11413	11318	11777	12688	11922	11588	11542	11509	11438	11614	11572	11755	11521	11861	
85801	12093	12620	11592	11612	11348	11354	11368	11406	12332	11636	11760	11595	11501	11538	11651	12382	12155	11519	11502	11710	11830	11892	11867	11764	11782	11842	11674	11493	11553	11434	11682	11925	12420	12091	12152	11947	11776	11636	11674	11778	11694	11445	11622	11488	11562	11598	11486	11397	12431	12367	11669	12174	11681	11705	11619	11904	11458	11405	12022	11491	12054	11430	11413	11592	11330	12647	12395	11816	11479	11486	11546	11615	11714	11388	
84621	11745	12421	12759	11662	11798	11974	11442	11666	11459	11815	11829	11616	11557	11638	11787	11773	11464	12668	13400	12092	12423	11825	11541	11892	11807	11783	11651	11503	11504	11583	11572	11594	11769	12167	12813	11941	12188	11814	11641	12320	11836	11520	11681	11975	11678	11564	11549	11639	11521	11687	12427	11942	11850	11459	11689	12196	11904	11759	11890	11797	11866	11710	11927	11461	11654	11652	11577	13008	12488	11752	11557	11580	12235	11870	
83451	11515	11466	12398	12376	12610	12141	11689	11577	11784	11674	11560	11660	11560	11521	11510	11765	11942	11708	11715	12505	12419	12012	11670	11576	11714	11628	11506	11652	11722	11673	12128	11957	11874	11863	11539	12538	12302	11919	11527	11703	11571	11765	11504	11598	11747	11850	11547	11502	11573	11519	12226	11779	12689	12499	11858	11863	12178	12045	11754	12042	12123	11897	11583	11478	11886	12029	11848	11434	12845	12898	13029	12023	11915	11574	
86017	11588	11843	11629	12685	12896	11934	11703	11581	11763	11750	11921	12128	11826	11909	11474	11552	11759	11759	12320	12476	14008	13285	12026	11841	11676	11664	12080	11877	11734	11569	11534	11913	11993	11908	11758	11744	12744	13333	12065	11769	11669	11612	11501	11805	12103	11799	11584	11618	11599	12022	11554	11784	12947	12275	12057	12576	11939	11702	11896	12200	12090	12021	11885	12220	12113	11971	11626	11755	12387	12502	12945	12002	11892	11741	
84968	11662	11582	11482	11944	12584	12669	12002	11742	11638	11689	11508	11531	11493	11441	11647	11526	11704	11627	11984	11517	11837	12640	12269	11684	11784	11641	11497	11633	11768	11736	11764	11667	11949	11738	11641	11729	11557	12827	11859	12488	12024	11923	11884	11803	11731	11691	11842	11574	11578	11786	11460	11703	11607	11560	12565	12393	12016	11951	11913	11686	11908	11750	11742	11694	11654	11985	11963	11625	11615	11828	13061	12718	11904	12094	
85512	11462	11603	11587	11581	11938	12114	11840	12229	12589	11864	11507	11561	11698	11669	11569	11713	11596	12454	11922	12325	12357	12160	11695	12903	12497	12028	12121	11900	11730	11655	11567	11737	11915	11943	11745	11502	11612	11731	11499	11572	12917	11920	12678	11628	11721	11581	11551	11550	11562	11635	11641	11532	11649	11636	11456	11958	11667	11659	12688	12094	12075	11554	11554	11435	11437	11639	12089	11555	11646	11710	11591	11696	11674	11964	
88108	11669	11658	11819	11624	12079	12062	11642	11622	11925	11886	13569	11994	12241	12013	11857	11726	11723	11570	11552	11682	11647	11804	11896	11479	12059	11529	11834	12431	12306	12063	11714	11693	12022	11820	11511	11395	11619	11720	11593	11460	11788	11746	11873	12911	12290	11558	11542	11579	11403	11458	11878	11706	11589	11485	11564	11597	12877	11940	11775	12133	12251	12373	11839	11828	11781	11794	11687	11579	11715	11543	11634	11536	12299	11770	
86473	11482	11783	11620	11631	11573	12527	11863	11747	11567	11769	11572	11553	12339	12358	11841	11868	11935	11912	11847	12496	12465	12664	11854	11888	11785	11609	11735	11524	12575	12420	11959	11910	11902	12082	12124	11636	11614	11943	11611	11880	11705	11845	11644	12189	12840	12867	12285	11835	11836	11780	11910	11822	11865	11830	11825	11697	11762	11693	11787	11785	11691	12801	11876	11935	12240	11714	11591	11783	11750	11820	11771	12734	11857	11806	
86338	12067	11961	11699	11605	11845	11998	11737	11730	11589	11811	11480	11657	11708	12427	12292	12177	11820	11908	11642	11721	12269	11683	11857	11877	11788	11542	11735	11827	11897	11824	12667	12095	12138	11873	12091	11805	11887	11774	11699	11701	11743	12139	11759	11978	11678	11643	12144	12260	12456	11957	12154	11823	11742	11768	11819	11565	11714	11748	11718	11682	11885	11982	11660	12864	13038	11679	11862	11561	11800	11943	11662	11763	11896	12122	
85904	12042	12363	11947	11946	11996	12266	11672	11997	11772	11899	11637	11707	11793	12131	11939	12525	12630	12153	12890	12137	11978	12034	11599	12187	11819	11718	11573	11579	11607	11640	11612	12607	12468	11985	12127	11850	11662	11673	11832	11733	11785	11616	11812	11610	11907	11631	11819	11938	12630	12280	12044	12094	11777	11960	11883	11600	11826	11769	12511	12222	12051	12468	11903	11886	12438	12608	12045	11884	11747	11813	11786	12159	12002	12002	
85705	11993	13147	12105	11926	12347	12289	11997	12017	11747	12132	11907	11909	11651	12092	12118	12602	12524	12146	11989	11942	11715	11884	12079	12170	11735	12196	11814	11948	11608	11803	11909	12495	12564	12643	12435	11993	12113	12016	12088	12050	11944	11893	12299	12229	11807	11916	11827	12405	12632	12528	12062	12029	12125	11824	12094	11816	12376	11888	11911	12092	11992	11845	11826	12599	12269	12491	12115	12095	12027	12201	11839	11993	12043	12093	
