92046	93522	93458	92571	97671	98815	92941	96654	91255	98598	94926	96567	93710	93679	93802	94742	92159	92042	90861	89149	92514	90984	93143	91612	92875	91414	93908	90839	91988	90961	92270	94300	91737	92713	90035	92153	89443	92048	91501	91494	90198	90049	94217	91123	91520	90097	93031	90924	92726	92149	91876	91317	92797	91748	91662	94150	91132	94026	90524	94015	91318	93945	91816	92216	90937	92403	92470	91226	92703	91380	91621	90758	94180	90636	98226	
101547	23219	24077	23701	25097	23982	24154	23046	22544	23311	22759	23467	22474	22679	25082	22607	22591	21984	22309	24586	22564	23801	22718	22772	24977	23222	23726	22262	22438	22894	25312	22407	23939	21879	22269	22038	22966	30733	25744	22527	22492	22181	22984	24246	23742	23932	25158	25345	23504	23575	22563	22149	22013	22906	23427	24155	24410	23061	24286	23225	23119	23659	23411	23912	23871	23950	23465	23194	23416	23415	23656	23199	23912	24612	23894	
99461	22302	22421	23343	23843	22809	23190	23193	24623	26341	24282	24420	24248	23023	25005	22438	23449	22842	24394	23794	23489	22898	23485	27237	27600	23295	23971	23854	28534	22809	23001	22713	25322	26187	23909	23389	25507	23557	24340	25783	25701	22863	24145	24309	27611	23100	23333	22710	22464	22594	24079	24198	25043	24990	23729	24855	24510	24382	23875	23735	24044	25097	22984	22124	22768	23811	24127	24182	23211	24161	24681	23609	23116	24092	23213	
100985	25115	24655	23526	22874	22157	21845	21980	24727	24221	25064	23130	22209	21979	21913	21754	23067	22737	22979	22075	22011	21847	21785	21684	22082	22917	24449	22702	22183	22709	22227	23255	22067	22928	24053	23395	21816	21697	21998	24543	23521	22130	23934	27026	24817	24315	24355	23510	23952	23764	23590	25441	23088	23985	23754	23831	23343	23447	22936	24702	24105	23028	22899	22218	23115	22798	23073	23660	23444	23693	22912	22869	23568	22947	23098	
93474	22560	22412	22122	22541	22799	23473	23771	23721	23261	22355	22551	22239	22247	22189	23154	24700	23483	23616	23011	23062	23361	22503	22660	22877	23122	22200	22568	22627	22476	23221	22575	22796	23561	22189	21966	21913	22430	22122	22511	22803	22874	23226	22805	22256	22207	22112	22308	22041	21964	23058	23846	22527	27600	22440	22483	21844	34583	25210	24276	24727	23295	22983	22716	23443	23098	22501	26254	25194	24017	22387	22486	22434	23812	25058	
96563	23474	22792	23007	22147	22734	24042	23028	22676	22711	23091	23759	23427	23483	27995	25243	24271	22947	22799	21951	22085	22996	23074	24087	22249	22076	22361	23184	23123	23000	23404	24489	23768	22815	21976	22009	22400	22974	22937	23086	23881	22912	22578	23248	23131	22227	22257	21752	22347	23447	23125	21735	23039	23433	23555	23929	24152	29270	27472	23461	22871	23097	22581	38192	42930	29734	23301	23436	23556	23974	26498	24528	23964	23420	23976	
105370	24358	23346	24646	22480	22868	23726	22972	24332	23625	24258	26906	28120	28066	29665	24069	25766	26331	28146	24569	23495	22887	23564	22451	24363	24700	58625	28111	23607	23118	23750	22739	22563	22191	22068	23383	22874	22367	22120	22352	21601	22085	21794	21775	24805	30343	24336	23686	23008	25881	55857	24717	26089	29446	23951	22996	22770	27492	23572	24322	25483	29298	23739	23112	24509	23555	23214	36453	27374	25371	22748	23992	24239	23713	23261	
102732	23953	24122	23973	22692	24677	22853	23128	23770	25236	23711	23555	22861	22687	24216	22825	22319	23811	23358	26114	23442	22695	23067	22693	22358	22337	24525	22410	22269	21888	23421	23735	23003	22526	22475	23332	22870	22380	23178	24583	23693	22532	23173	22548	22452	23916	22363	23050	22693	22324	23540	22781	22679	21857	21575	21856	22895	23550	21925	22218	22147	22483	22277	21849	21804	23359	23556	22546	23033	22221	24016	22536	23449	24267	24112	
95399	23409	22786	22663	23477	22681	22279	22008	21904	21883	21996	22829	23050	23512	22575	22303	21767	21524	23275	21552	21444	21755	22644	22786	23974	24825	22105	22368	21620	21577	21713	23513	22354	21901	22453	22008	21811	21515	22091	22098	23105	22725	21610	22324	22369	22337	21594	22381	22902	24455	22105	21818	21782	21992	21976	21606	21811	23401	22543	22261	21880	21689	21639	21703	21816	22056	21859	22491	22525	21754	21574	21736	22770	21628	21956	
93551	22321	22488	21909	21925	21607	21969	22400	22737	21824	22301	21536	21723	21727	22023	22131	23683	23171	22166	22018	22467	21608	21693	21924	21790	23368	22826	21554	21546	22669	21680	21615	21712	21700	25499	22201	21808	21904	21735	21999	22893	22169	22855	22502	22298	21991	21732	22209	22121	21903	21739	22292	22772	22066	22157	21640	22019	21783	21848	22247	23104	22825	21919	21947	23425	22265	21732	21924	21793	22227	23374	22421	21948	21567	21359	
90583	22074	22045	21681	22024	21731	21622	22002	22330	23850	23073	21942	21832	22043	21737	21886	22032	21940	23651	21781	22192	21505	21503	21822	21866	21551	21557	22817	22277	21850	21717	21819	22471	22090	21950	22388	23140	23643	22433	21659	21514	22524	21620	21806	22117	24192	24634	24961	24174	23216	25534	24014	23526	23531	22620	26764	23834	24664	24631	24389	23759	24074	25654	24169	23630	23438	22384	22330	22811	22313	25350	25233	24565	22233	26418	
108976	26107	22622	23260	23651	24874	24485	24386	26559	24586	24157	22357	21798	21898	22403	22839	24155	24063	23163	23354	22548	22370	22613	23286	22564	24030	23954	22971	22637	22365	22061	21906	23073	22754	22243	22565	22330	21854	23613	23166	22778	23090	43660	46943	40870	25982	24875	23843	23309	23147	23491	28541	22929	24466	22757	22274	22199	23283	24045	22482	21993	22171	22068	22128	21835	22809	22533	23667	21858	23816	22191	22324	21935	23317	23427	
99638	22344	21813	21624	21875	22502	22979	22700	22084	21752	21448	21443	21590	21658	21533	22308	22301	21941	21798	21833	21579	22152	21944	22031	22866	22439	22342	21967	21565	21573	23134	24467	23231	27128	31901	23095	22518	23357	22966	23325	24154	24848	23451	23406	23129	23352	22862	23076	23599	23423	24336	22631	23594	24380	25396	22887	23639	22497	25469	22873	22920	24625	22932	23401	22662	23926	23520	25184	23117	23058	23387	22104	24002	23609	24185	
94085	21823	21898	25051	23678	25397	25377	24746	23644	24002	24404	23766	23076	23839	25089	23909	22094	21707	21777	23017	22083	21977	23267	24092	22984	21943	22174	22561	21821	23311	24468	25106	23438	22167	21866	22298	25566	22496	23702	23175	26564	22693	23418	23171	22658	24967	24242	23924	25814	23571	22366	22311	21975	22621	22098	21902	22599	23355	22378	24142	22045	22722	21960	21723	22028	23961	22991	22053	22651	21775	21656	21812	21556	22161	22798	
93190	23881	23870	23967	26019	33464	23772	23030	22354	22090	22335	22345	22395	23783	24672	23572	22676	23218	24430	24167	23757	24041	22746	23426	23117	24624	34922	23152	23889	29332	35450	22717	23027	23792	23883	23587	23110	25197	24014	23300	23380	24559	23354	24089	23655	25803	25817	25642	23767	25400	25075	23892	22830	50640	22777	22397	23576	24626	23326	23286	25659	32263	26676	22872	23479	22597	22723	23179	27628	24497	24329	24980	25116	23718	24205	
99328	23567	23005	27009	22896	22683	23259	28087	23664	23738	22696	22916	22896	22697	22719	23496	27843	23230	21979	21969	21748	21727	21790	21859	23459	22504	23159	21931	22059	22380	21785	22525	23832	24823	23232	21869	21862	22501	22429	26944	22952	24870	26911	26911	23834	22390	22889	22351	23394	24169	24147	23072	21875	21835	22377	21883	22656	22686	23294	24140	22777	21831	21879	22002	22166	21607	23503	24592	23901	23139	23186	23107	22116	22429	22691	
97438	22312	21820	21784	23025	30517	23483	23048	22328	22793	22576	22799	22545	22475	24209	23858	23719	22740	23257	23202	22719	23034	22075	23285	23518	23608	21696	22775	22794	21556	21794	22457	24378	22240	21696	23164	23420	22294	23162	22889	23549	24834	22710	23184	22415	22207	21862	21589	21646	24049	23487	22650	22992	22586	22219	21770	22143	21914	23140	23474	23431	22209	21869	21715	21677	22917	21693	23969	22860	23615	22550	22690	22606	23474	25686	
93772	21981	22985	22424	21698	23139	23189	22516	22285	21719	21756	22043	21890	21969	21719	24191	22188	21526	22969	25225	24475	23424	23733	23671	22846	22141	21780	22132	25058	24647	24074	24720	28409	23336	23015	22527	22891	22681	22200	22239	25618	25850	22741	22129	21845	22505	21793	21795	21969	24322	22742	22967	22031	21896	22087	21779	21993	22103	23598	23897	21862	24868	23235	23624	22816	22944	25162	24430	24158	22556	23336	23584	22970	23123	22933	
92650	21576	23387	23258	25706	26495	29226	24215	22893	22378	23271	24930	26145	26787	28512	24371	22349	22305	25408	24155	26127	27174	26992	24558	23868	23242	21993	21847	24492	23250	24019	23832	23581	23749	24559	23947	23042	21672	23378	25465	22820	23367	23908	22324	21913	21687	23989	23059	22326	22207	24051	25036	24738	24107	23470	26554	26264	23494	23997	25815	25195	23430	22143	22975	22741	23999	23832	24304	22534	22009	22153	24981	22724	22772	22373	
103850	26126	30474	25597	24146	26605	26709	26448	24524	24752	28762	23314	24632	22488	22823	23645	22907	24050	24097	25751	24721	22985	22213	24120	24275	23934	23480	22644	21670	21603	21475	21656	22675	22777	23042	24218	22759	22582	22849	22502	22309	26882	22797	23846	23616	23621	29422	23555	22806	24906	23843	25171	30400	27376	23241	22759	23287	23084	22620	23414	24827	23592	22356	24287	23322	23619	21992	22686	23116	25504	22530	22684	23019	22629	22487	
95044	23434	22139	22296	22437	22025	22124	22786	22906	23437	23374	25305	26064	23689	23338	23224	23646	25015	23256	22532	23411	23425	22628	22644	22574	23316	22626	22361	21950	22723	22286	22027	22011	22396	23158	24107	22447	22471	22265	22493	22525	22857	22444	23718	23367	22616	22459	22652	22688	23190	23213	23752	23589	22701	23203	22572	22620	22040	21787	22405	24830	23552	22073	22133	22338	22781	23370	23262	25079	24462	22851	23001	22250	22257	23101	
95179	21899	22671	22929	22884	22893	22790	22993	23529	25231	23060	22531	22060	22672	22946	22285	22323	27909	30356	22433	22098	21907	21896	22476	24547	22443	24723	23021	23344	22951	22876	22678	22373	23316	23896	22958	22761	22726	22608	22707	23114	22412	23757	23562	22721	22456	22088	21720	21362	22284	22975	23761	23201	21965	22696	21596	21639	22264	21812	22072	24809	22865	22899	21955	22076	22243	22418	22984	21932	23458	22592	21706	21516	21871	25701	
95848	22816	22427	22133	21800	21841	21877	21765	22447	22928	22609	22965	22442	23057	22071	21728	21903	23498	22694	22293	21853	22081	22305	21992	22317	22831	24667	24050	22409	21880	21847	22467	23494	22941	24727	25804	23722	27186	25066	24012	44342	22342	23652	24591	24692	23538	23718	23667	24251	24487	24081	23563	23593	23792	22986	23551	23830	22879	21598	23542	23489	23230	22228	22771	21869	21784	22700	24798	23420	23145	24154	22387	22486	22085	22711	
99762	23251	22406	22758	23380	23885	23618	22853	24593	22288	22975	24459	23518	22210	21859	23103	22810	22252	22304	22053	22417	23027	22069	22620	25844	22935	21813	22474	21774	23451	25790	24364	26624	23677	22700	22987	23386	26139	24816	25777	26491	25097	25156	23819	23671	24588	23527	23845	32663	25451	22606	22164	22161	27349	25037	26525	22746	26496	26171	24785	23101	24491	23386	25527	25008	32250	26111	24970	25596	23134	22979	22623	23478	23768	22592	
95230	23202	22662	26435	27594	24960	22806	24454	22694	23505	23977	23773	22948	22545	28582	32473	33330	34749	36546	48401	34417	30734	30097	50103	78877	44191	35053	25643	22466	22965	23928	25925	38371	34108	39802	24816	22855	30748	69317	36698	43319	28133	25410	24958	25326	23227	22733	25177	25337	27116	28270	23606	25396	23243	23038	24522	27307	25349	23486	23044	25721	23443	22227	22513	23002	23883	23005	22654	22063	22420	22465	21849	21914	23250	22537	
94495	21837	21734	21378	21151	22975	22081	21961	22024	23970	25616	22665	22698	26077	27963	24287	23572	22294	25924	23615	24630	24641	28334	23387	22479	22134	24632	23490	25940	26097	27359	22646	22106	21820	21940	22087	21785	21547	21840	24121	23033	22280	22471	21653	22280	23141	21662	21511	23036	22300	21721	21530	21605	21866	21597	21672	21425	22716	23513	21875	21641	21806	21755	21434	21666	21682	24446	24152	25727	24889	26027	23986	23166	22785	23325	
101964	23856	24011	23201	24103	28015	26093	24044	23155	23151	22187	22500	22372	26631	22675	24222	22974	22416	22768	22892	22911	24084	27686	21836	22946	21988	22325	22254	23200	21722	23125	25060	23917	23695	23697	22848	22618	23979	24242	24563	24008	23176	23104	23799	22328	23107	23586	24684	22845	22380	22217	22489	22981	21990	22533	23064	25001	22736	21843	23151	23639	22870	23239	22760	23115	24706	22828	22150	21672	22232	21549	21616	21653	23469	22358	
91631	22877	23000	23717	22911	22199	21869	22711	22257	22234	22012	21993	23071	23782	22790	22113	21965	21558	21835	22315	23361	23104	23873	22482	22310	23267	23481	23018	22466	22183	25487	24456	23215	22647	24282	23616	21973	21993	22558	22782	23177	22859	23042	22677	22942	21894	21856	22011	22433	22749	21565	21549	21665	21677	23440	23417	22003	24058	23001	21967	23519	23192	22343	23187	22116	23138	22775	22258	21987	22476	21517	21936	21614	21348	22826	
93052	22520	21795	21478	21411	22717	21968	21419	22411	21633	21643	21905	22144	22901	23105	23205	21955	22479	21992	21551	22233	21793	21785	22957	22764	22181	21513	21670	21323	21484	22051	21435	22245	22806	21671	21781	21748	21988	21817	22193	21723	22789	22306	21641	22059	22492	21973	21722	21883	21701	22675	22691	22441	21800	21580	21807	22063	22170	22162	22542	22806	22369	22197	22611	21726	22722	21946	21927	24117	21968	21769	21454	21517	21671	21725	
91402	22221	21621	22135	21970	21470	21335	21816	23425	22275	21268	21430	21381	21651	22004	21466	22105	23726	22999	22050	21843	21591	21740	22081	22298	21932	22477	22572	21349	21580	22119	21846	22029	21571	21839	24284	22449	22089	21903	21658	22134	21638	21584	21799	23150	23474	21870	21463	21412	22100	22368	21715	21378	23057	23845	22509	21657	21743	21807	21633	21516	21543	23741	22155	22313	22037	21800	21460	21496	21506	21568	23766	21894	22186	22116	
92503	22181	23570	22869	21649	21494	22337	22659	22504	22124	21934	23711	21786	21597	21278	21332	21540	21400	21834	21635	23016	21920	21601	21787	21595	22243	21610	21542	21282	22569	22618	21590	21668	21845	21924	21774	21448	21576	22845	22951	22620	23355	22137	22111	22041	21985	21831	23756	22127	21906	21741	21913	21458	21837	21591	21672	23048	22049	21925	21837	21821	22200	22737	22089	22066	24889	22556	21667	21547	22140	21907	21644	21696	22009	23532	
89942	21652	21563	21522	21403	23069	22279	22063	21748	21429	21820	23287	22786	23238	23144	22451	22090	21883	21914	21652	21631	21659	21665	23168	22149	21743	22208	21404	21547	21727	21514	21580	23371	21545	21854	21956	21707	21747	21516	21531	22470	22763	22011	21757	21826	21676	22162	22230	21722	21624	22719	22486	22004	21553	21621	21511	21581	21529	21716	22312	22472	21752	22284	21714	21800	21517	21829	21895	22786	23170	22009	21573	21995	21885	21877	
92594	21684	21793	21457	21443	22754	21580	21692	24201	21846	22265	21695	21992	22169	22000	22047	21345	22784	22262	22143	21580	21611	21646	21670	21632	21607	22449	22836	22212	22477	21606	21810	21647	21730	21618	22295	23273	21917	22417	22005	21906	22128	21913	21723	22408	22961	22104	21794	21529	21621	22113	21518	21578	21764	23742	22382	22541	21874	21717	21918	21495	21657	22030	22801	22012	21767	21620	21671	21880	21780	21570	21601	23915	21958	21777	
90333	21804	22263	23057	22106	22088	21589	21733	22754	21856	21768	22234	22560	21606	21265	21504	21870	21453	21387	21414	21424	23160	21766	21549	21532	21393	21665	21724	21730	21856	22859	22657	21540	21407	21517	21768	21251	21187	21602	22786	22811	22391	21857	21585	22111	21553	21742	21649	22534	22392	22236	22318	21776	21625	21432	21581	21542	22117	22351	22139	21912	22077	22162	21604	22053	21771	23049	22584	21759	21565	21865	21302	21602	21987	21741	
92697	22789	21689	21624	21346	21440	23147	22163	21739	21503	21964	21771	21793	21930	21660	23053	22491	21900	21524	21909	22310	22540	21689	21678	22997	22747	22221	21742	21985	21770	21902	22060	21680	22837	22733	21762	21656	21724	21366	21543	21478	21734	22669	22755	21680	22125	21898	21604	21302	21463	21830	22470	22379	21563	21803	22777	21683	21690	21522	21752	22318	22074	21889	21447	21376	21684	21464	21677	21634	22828	21815	22256	22204	21899	21667	
93091	22570	22059	22549	21572	21743	22296	21486	21345	22690	22594	21802	21840	21892	21812	21558	21630	21247	22909	22616	21877	21785	21984	21459	21594	21437	21642	23110	22600	21633	22704	22609	21823	21718	21639	21918	21419	23238	22736	21615	21446	21924	22733	22015	21879	21861	22776	22507	21461	21339	21468	21691	21251	21335	21454	22680	23273	22093	21522	21530	21785	21851	21627	21262	23334	21501	21823	21436	21906	21595	21563	21705	21487	22510	22451	
90886	21589	21858	21595	22502	23032	21686	21687	21705	21714	21622	21731	21391	23229	21495	21516	21206	21638	21226	21627	21843	21344	22400	22414	21644	21848	21577	22017	21790	21579	21497	22388	22287	21790	21687	21582	21335	21437	21217	21347	21493	23242	22921	22531	22822	21409	21499	21725	21274	21478	23545	21815	21674	21837	21893	21956	21407	21864	21543	23050	21952	21869	21882	21555	21384	21262	21258	21636	23899	22238	21823	21417	21833	22255	21671	
92064	21715	21458	22294	21363	21332	21510	21604	22512	22612	21747	21287	21384	21582	21472	21436	21647	23044	22180	21433	21646	21631	22793	21802	22091	21967	22402	22200	21696	21359	21333	21462	21437	21332	21461	23134	22382	22293	22097	22239	21771	21753	21830	21476	23439	22856	22068	22388	21638	21448	21629	21960	21615	23290	23921	21587	21328	21293	21617	21293	21395	22006	22532	22390	22137	21307	21319	21334	21472	22099	22146	22048	22154	21848	21777	
90416	21388	21877	22974	21773	21336	21453	21502	21812	21676	21383	21898	23216	21558	21382	21424	22316	22419	21602	21642	21508	23449	21683	21473	21257	21759	21557	21477	21422	21462	23172	22725	21976	21775	21797	21847	21443	21460	21526	22873	22190	21501	21292	21325	21453	21502	21404	22272	22751	21862	21549	21359	21929	21513	21260	21234	21944	23376	22224	21917	22227	22463	23014	22392	22207	22371	22283	22259	21861	21495	21501	21632	21306	21583	21931	
93114	21883	22022	21710	21497	21446	22392	22921	21699	21745	21353	21691	21493	21438	21584	22390	22714	22138	21700	21949	21853	23644	22134	21478	22874	22696	22224	21262	21471	21439	21890	21503	21864	22651	23087	21600	21496	21473	21570	21980	21747	21615	22807	22218	21382	21315	21444	21488	21418	21281	21704	21602	23436	21777	21565	22007	21943	22132	22395	21886	21570	23160	22258	21761	21574	21309	21503	22103	21888	21786	23281	21995	21610	21798	21510	
94131	22919	21912	21860	21560	21641	21623	21388	21616	22685	22320	22800	21622	21651	21835	21536	21507	21249	22299	22752	21805	21716	21599	21629	21689	21447	21099	21452	23212	22018	21553	21335	21569	21666	21402	21641	21385	22990	21786	21691	21617	21670	21630	21491	21378	21425	22943	21774	22174	21559	22085	22052	21401	22046	21849	23515	22759	21807	21951	21850	21788	21541	21741	22228	22841	22187	22035	21479	21451	21351	21375	21390	21545	23306	22406	
90343	21675	21602	21481	21717	23136	22844	22192	21687	22896	22278	21377	21388	21675	22928	21506	21889	21947	21484	21594	21887	21410	21406	24100	21745	22280	21481	21541	21368	21705	21305	21218	23474	22065	22204	21348	21619	21815	21531	22130	21599	23257	22089	21454	22411	21891	21583	21336	21343	21391	22728	22577	22052	21723	22061	21850	21375	21612	21204	23081	21979	21537	21939	21822	21563	21712	21624	21825	24183	22463	21667	21506	21543	21763	21802	
91101	21707	21355	21613	21285	21314	21396	22229	22581	22354	21997	22035	21582	22260	21636	21433	21541	22812	22976	21601	22611	22050	21894	21672	21549	21797	22331	22674	22375	21635	21739	21906	21592	22188	21737	22710	22855	22110	21769	21853	21700	21480	21196	21318	22276	22472	21489	21202	21529	21549	21845	21419	21490	22571	22469	21784	21814	21522	21780	21586	21203	21376	22789	22473	21713	21874	21931	21412	21670	21567	21762	23120	22316	22274	21832	
89960	21687	22865	23348	21763	21462	21670	21845	21544	22032	21826	22225	22400	22173	21732	21614	21709	21852	21684	21710	22301	22722	22710	22059	23847	21773	22764	22052	22003	22518	23582	22517	22879	21710	21736	21760	22112	21848	22527	23386	21838	21598	22128	21635	21398	21785	21998	22602	23281	21768	21829	21755	22150	21576	21616	21686	22835	23096	21749	21603	21409	22007	21957	21737	21715	22681	22422	22031	21940	21531	21724	21471	21902	21815	22599	
93214	21744	22021	21590	22029	22574	22872	21666	21726	21578	22031	21656	21964	21634	22342	22561	21537	22316	21499	22100	21591	21608	21639	22576	22503	21518	21396	21275	21601	21462	21371	21499	22096	22471	21778	21760	21508	21495	21742	21935	21617	21803	24346	22717	21972	22221	22011	21899	21911	22060	22513	22733	22038	22175	22204	22148	22018	21959	21828	22583	22262	22010	22516	21688	22466	21517	21601	21734	22417	22782	22791	21532	22132	21554	21761	
91299	22234	21506	21275	21311	21442	21439	21331	21196	23452	21694	22258	21413	21591	21650	21711	21832	21280	22298	22571	21907	21579	22083	21739	21866	21590	21213	22177	22098	22040	21492	21496	21709	21864	21452	21321	21770	22696	21918	22022	22089	21610	21591	21563	21738	21684	23404	21758	21578	21458	21341	21688	21758	21908	22822	23131	22449	22004	21786	21827	21726	21896	21698	21677	23275	22150	21964	21515	21628	21573	21442	21304	21116	22981	21764	
89578	21749	21497	21395	23332	22085	21889	22370	21761	22250	21578	21505	21505	23272	21591	21540	21493	21696	21442	21483	21722	21664	23428	21820	21799	21685	21832	22033	22759	21643	21704	23197	22082	21687	21631	21758	21462	22395	21635	21695	23409	22365	21517	21467	21587	22002	21825	21539	21516	22754	22441	22193	21768	21779	21725	22174	22031	21702	22508	22537	21560	21287	22549	21635	23048	22476	21594	22888	22711	21552	21406	21720	21786	21755	21303	
92079	21509	21678	21476	21714	21398	21741	22977	22339	22263	21660	21829	21794	22108	21500	21809	23389	22172	21486	21182	21339	21501	21846	21476	21736	22873	22497	21677	21829	21836	21723	21432	21566	21399	22135	21929	22415	21651	21653	21636	21559	21424	21659	22555	23069	21914	21784	21629	21422	21628	21458	21910	21783	22611	21858	21582	21912	21690	22202	21543	21651	21731	22689	21677	21653	21578	22016	21552	21613	21953	21492	23528	21505	21655	21826	
93824	21601	23156	21723	21732	21645	21990	21469	21646	21597	21881	23554	21686	21634	21607	21629	21551	21706	21769	21861	22717	22284	21793	21484	21745	21903	21631	21547	21778	23492	21975	21822	21697	22068	21701	22033	21664	21411	23195	21896	22073	21606	21870	21814	21901	21476	21851	23676	22124	21649	21790	21829	21577	21752	21656	21646	22798	22836	21973	21473	21285	21479	21552	21697	21694	23035	22296	21535	21666	21805	21746	21433	21871	21442	22577	
92193	21794	21533	21359	21232	23321	22152	22353	23192	22441	22007	21734	21419	21884	23074	21816	22128	21374	21462	21561	21656	21597	21396	22819	21971	22449	27698	21674	21858	21706	21859	21544	23140	21930	21855	21482	21379	21218	21374	21894	21842	22935	21744	21528	21759	21422	22288	21504	21523	21528	23327	22795	22031	21607	21682	22052	21645	21514	21759	23132	22562	22080	21630	21528	21594	21554	21469	23536	23305	22554	22013	21794	21362	22196	21794	
90941	21848	21930	21565	21679	22197	21754	21582	22854	22618	21985	22193	21829	21735	22164	22193	22578	22977	23143	22965	23047	22394	22230	22302	22229	21929	22593	22916	21811	21983	21970	21637	21704	22697	22284	22725	22595	21567	28523	25213	23259	21761	22202	23020	22911	23092	22014	22196	22156	21678	22384	21986	22687	23151	22191	22016	22100	21806	21714	21758	21911	22731	22545	21925	26651	22419	23687	22888	34226	29425	30156	23521	23887	26040	23249	
103800	24113	23034	22466	23486	24137	27967	22598	22936	24883	36553	74197	27499	26047	25860	32612	26624	22354	22323	23100	22279	22161	22172	22410	22068	21652	22773	24239	33825	26708	33890	24947	22335	22696	22145	21989	21792	22652	22110	21860	21543	21928	23090	21738	21531	21547	22282	22007	21861	22166	21870	23891	21902	21750	22062	22523	22845	25012	24391	23779	24255	24985	25214	24726	23119	23318	23781	23669	24804	23154	23192	23145	22649	22830	23300	
97165	22519	22651	23267	22497	24855	22334	24360	22654	22543	22754	23477	23257	22864	23982	28881	26585	24361	22428	23114	23253	22547	21988	22441	39319	23975	22338	23150	23945	23124	23296	26291	27101	23798	23697	22423	23385	24630	23095	22717	23889	23457	22138	22876	22773	22696	26734	28055	33964	26264	28089	27508	23722	24181	25555	22846	25016	26195	24945	23167	25484	28791	24856	33497	35753	53402	38769	43119	35833	28785	27221	26516	26271	30046	25843	
153449	40706	51430	35072	27173	30172	54017	27486	28087	25126	24704	53801	25185	23496	23109	22292	22898	22794	22638	23117	22399	24724	23779	23951	23320	24140	25886	24366	24274	33085	25826	23055	24558	23628	22690	45196	23914	22271	22882	24685	22470	22921	23003	24077	26147	28641	24559	25137	24248	26227	26002	23178	23632	25568	29082	23905	25276	24652	26024	28003	25011	26225	22864	22535	22328	23286	29210	22865	22767	22853	24298	22425	23071	22374	25265	
105225	23349	22875	23560	23892	24304	24007	26774	24631	22930	23011	23040	22910	24062	23670	24456	24828	25615	22699	22492	22265	23507	23980	23247	25801	24062	22768	22330	23894	23551	21985	22795	24406	25608	23598	28765	22617	22449	23148	21938	22138	22586	24138	22478	22371	23273	22173	22381	22274	22215	23850	22660	24308	22782	22854	21650	22494	21855	22365	31103	22992	21881	21992	22015	27251	26596	29421	28710	24602	24204	22162	22772	22131	22213	22665	
93270	21898	22463	21802	22870	22800	23700	22338	23177	21701	24211	22769	21803	21831	23180	22304	22312	22121	22035	21602	22217	22020	21835	23320	23167	21863	23506	23345	22571	23132	24076	25853	25735	23987	23707	23697	22319	22915	23441	22870	24708	25476	22893	22500	22854	23310	23021	23029	23159	26616	22744	24174	22149	53471	22748	22688	24428	26904	30954	25149	22890	23308	24949	31024	24020	24691	23845	23918	25414	25960	23139	24315	23543	25334	23998	
99163	24676	30787	23235	23830	24077	22582	22529	22800	23448	23707	24025	24914	24704	23192	22893	23914	24100	23971	25703	25098	22414	26947	23084	22978	24843	22662	23305	23404	22625	22458	29931	28339	25711	22751	25686	22731	23869	24224	24442	24848	22881	23062	24831	26280	24740	24849	25177	24461	24790	24654	26815	26375	26030	25818	26123	25750	26802	22966	23418	23726	23850	22621	23394	23449	26482	22337	23974	23681	25087	25972	23709	24578	22923	22323	
104156	24542	24856	24811	23364	25490	25322	25922	23610	26248	24199	25224	24228	23999	26058	29257	30474	24328	22711	22936	23727	22911	25539	23724	25704	24630	25541	24679	24305	24144	24630	25464	23219	23086	23436	23954	22923	26997	24031	23138	23173	29509	25268	34740	27079	23017	26432	23715	22430	24070	23675	25317	24322	25889	27096	28749	24407	25121	25129	22977	22769	25137	28013	27552	25827	22503	22792	25154	26409	26912	31630	25102	25442	23830	24292	
106029	24073	25320	24120	22946	25545	22955	23363	24217	23744	23609	27830	24192	26150	23368	37458	34058	23603	22929	22585	22453	22949	22982	28917	23971	23278	25145	22859	22774	22693	22970	24174	23749	22798	22585	22598	23483	23047	23463	22838	24678	22539	23243	22453	22474	23189	22609	22451	23331	23389	22569	22330	22012	22167	24208	22750	22563	22989	23516	22948	22532	22214	22326	22438	22660	22432	29631	22652	22705	22681	22983	22629	22787	22936	23452	
94552	22829	22934	22822	24706	24151	22496	23716	22389	22898	22722	22508	23612	22917	25686	22898	22609	22853	22482	22215	23636	25898	28252	25352	23420	22694	22516	23702	22259	23004	24394	24212	23485	23402	23076	22729	23615	23221	22635	24354	23617	22494	22327	22212	23170	22389	22368	23491	25761	23377	23157	23018	22705	22907	22298	22764	24085	22589	22352	22153	23268	23918	22813	22703	22828	23559	22802	22336	22815	23097	22477	22371	23566	24850	23025	
93484	22350	23296	23239	24458	24353	22950	22768	22680	22899	22391	22336	24093	22957	22390	23402	23283	24725	23562	25015	25628	27363	23503	23391	22791	23206	23794	22785	22315	25778	23284	22822	23237	24546	23639	23627	23122	24995	23214	22924	23040	23650	22933	22719	23009	23319	25349	22736	23243	22517	22890	22777	22588	23523	23084	25491	23210	22593	25588	23271	22743	22602	23244	24627	24399	22751	22531	23161	22639	22869	23105	23835	24297	23164	22976	
95890	22249	24777	23501	23205	22743	23188	22424	22788	22165	24827	23036	22492	22449	22900	22690	22524	22583	22319	23223	23196	22319	23180	22596	22723	22339	23023	22503	24402	23049	22114	25438	22799	22375	23307	22188	23941	22943	21986	23404	22452	22324	22605	22227	22871	23405	24151	22214	22343	22440	22603	22590	22271	22325	24937	22361	22387	22155	23358	22602	23101	22304	24165	23476	22130	22423	22505	22252	22013	22456	22651	23974	22424	22934	22378	
93773	23234	24244	23332	25677	23578	25725	26013	29179	28862	25611	23384	23066	80187	22647	23831	23330	23974	22767	24554	25525	24974	22996	45827	23075	24052	24390	22774	23057	24044	22806	26616	24513	27474	22999	22158	22424	22713	22363	24799	22503	22787	22259	24487	23139	23143	23035	23473	23594	22966	22242	22279	22693	21768	22527	22301	23448	23437	23114	22420	22240	22293	22440	22644	22226	24403	23895	22604	22776	22339	22778	22607	22339	23284	23168	
97049	23661	23219	23872	26352	27659	24882	23350	23252	23334	37834	22724	24523	23149	24144	23985	24021	22840	22514	22840	25292	23261	23822	23137	22664	22145	22927	22335	22631	23616	23194	22515	22211	23363	23831	22938	22513	24140	25151	25759	26815	24281	25177	24574	24811	25207	25959	23538	22801	22231	22521	22578	23048	22314	23536	23535	22644	22570	22577	22556	22880	22505	22333	23425	23580	23173	22833	22102	22650	22860	23126	22364	22814	23707	22615	
93918	22380	22619	23830	23296	21992	22817	22677	22693	24086	22920	23146	23871	22856	22317	22482	22873	22743	22141	22126	23287	24467	22410	22620	22454	22219	22594	22109	24427	24171	22558	22449	22191	23450	22642	22301	22682	24012	22898	22588	22702	22338	22819	23463	23269	23697	23776	23797	22551	22755	22308	23048	22756	23417	23892	24609	22919	22906	23205	22898	22715	22323	22261	24154	23365	22287	22538	22223	22233	23881	22432	22374	24141	24204	22599	
95124	22135	22529	24684	23078	22162	22250	23366	22529	22170	22508	22780	23250	21974	22115	23280	22540	22626	22525	22464	23851	22695	23276	22112	22272	22225	22878	22541	24059	24823	22458	22188	22256	22327	22696	22266	22376	23482	23336	22290	23199	22659	22393	22609	22577	22439	23601	22961	22702	22287	22695	23412	23905	22512	22904	24390	22485	22411	22356	22381	22468	22285	22587	23173	24852	23143	22445	22498	22364	22487	22868	22244	23805	22626	22521	
93838	22347	22617	24943	22779	22265	22814	22675	22729	22223	23229	23062	23296	22843	22387	22499	22316	22558	22216	22158	24610	22665	23873	22507	22438	22873	22366	23490	23060	24029	22905	22746	22379	22310	24000	23139	22075	24393	22486	22650	22539	22758	22307	22030	23004	21920	25077	22352	22744	22560	22404	22469	22525	22586	23251	22868	22772	22889	24017	22912	22264	22415	22613	24128	22993	22648	22670	22326	22323	22448	22212	23184	24936	22787	22220	
92303	22151	22985	22861	23386	23468	22470	22405	22689	22256	22537	23905	23298	22627	22076	22510	22542	24327	22766	22297	23726	22925	22482	22244	22598	22313	22320	22426	22787	23933	23822	22252	23035	22519	22539	22465	22025	24211	23118	22262	22152	23645	22427	22249	22878	22446	24144	22184	22377	22991	22135	22612	22492	23329	23167	23782	23085	22202	22603	22664	22293	22475	22728	25256	26142	25133	23268	23619	23426	23138	23695	23008	24492	22809	22652	
94955	22801	24084	23382	22708	22840	22886	23098	22891	22638	23092	24522	23178	22519	23186	24098	22729	22610	22655	24260	23224	22350	23135	22829	22745	23429	22993	23816	23773	22894	22783	22709	22524	22427	24191	22761	24775	23884	23188	22949	22743	23120	22610	23510	23086	22995	23195	22593	22342	23148	22395	22447	22039	22394	24124	22377	22597	22320	23247	23063	22339	22132	24107	23020	22690	22485	22716	22517	22328	22420	22601	26935	24050	22189	22393	
92189	23159	23986	22443	23357	23205	22403	22437	22460	22653	24136	22810	22578	22034	22278	22196	22583	23620	22620	24643	23642	22628	22821	22880	22664	22596	22552	22819	24433	23013	22261	22816	22719	22481	22904	21965	24369	22717	22394	22164	22948	23052	22610	22786	23085	23921	22930	22765	22663	22420	22608	22380	23083	23943	23200	22647	22291	22155	22717	23598	22780	22310	23873	23627	23233	22506	22475	22448	22223	22798	23567	23352	22791	22293	22298	
94685	23624	23772	22820	23160	22688	22443	22500	22344	22754	24387	23939	22473	23027	22368	22869	23353	22533	22698	24234	22769	22406	23237	22665	22515	22798	22577	23363	23332	22580	22628	22153	22502	22540	23457	22891	24261	22572	22426	22696	22136	23198	23299	22227	22617	23437	23933	22667	22292	22866	22527	22158	22453	24205	23360	22196	22322	22243	23427	22745	22427	23289	23581	22806	22278	22208	22801	22907	22676	22456	23584	24151	23100	22616	22162	
93317	23724	23655	22865	23522	23232	23425	23092	22346	22461	24409	22480	22480	22278	22422	22425	23685	23567	23895	24157	22674	22347	22606	22287	22589	22609	22358	24046	23791	23190	22454	22815	22425	22497	22697	23769	24545	22618	22295	22295	23700	22406	22317	22575	23728	23329	22309	22346	22760	22522	22531	22236	23301	23614	23536	22576	22094	23037	22368	22413	21995	22865	23041	22427	22883	22239	22280	22614	22749	22603	23840	22934	22256	22352	22510	
93331	24124	23068	22457	22313	23223	22552	22852	22493	24623	24167	22543	22321	23366	24200	23251	22487	22176	25201	22946	22159	22700	23485	23233	22638	22866	23451	23781	23082	22684	22970	22570	22957	22964	22868	24080	22953	22593	22544	22746	22435	22206	22435	23508	23325	22186	23296	22571	22371	22150	22478	22174	23672	23132	22285	22829	22178	22693	22086	23579	22552	23754	23506	22740	22956	23329	22698	22358	22627	22643	24067	23291	23482	22591	23070	
94182	23887	22303	22729	23335	22939	22554	22433	22783	24342	23305	22673	22364	23104	22728	22674	22146	23308	24713	22766	23427	23318	22506	22316	22246	22491	23130	23179	22430	23380	22822	22441	22422	22163	22226	23695	23017	22225	22159	22149	22209	23336	22385	22545	24018	22897	22757	22581	23163	22588	23137	22512	23942	25401	24291	22290	22982	22456	22330	22615	22406	24014	22729	23080	22888	23817	22987	22488	22984	23259	23474	23668	22713	23174	22510	
95271	23311	22984	22360	22823	22379	22806	22356	22129	22835	23480	23877	22953	22548	22347	23366	22382	23889	23726	22733	22702	22559	22766	24136	22744	22298	24748	24244	24005	22482	22765	22529	22656	22834	23576	25057	23094	22915	22696	22925	22863	22418	22929	23743	23353	22874	22833	23345	22339	23118	22430	22343	23745	23743	23038	22652	22519	22520	23037	24017	23759	23915	23509	22591	22273	22941	22501	22423	22674	24149	23791	23233	22525	22521	22769	
