t	integral	norm	uniform_integral	uniform_norm	time
-1	0.00600185	0.000346397	0.000281032	2.40019e-05	700287
-0.998668	0.00600185	0.000344554	0.000281032	2.40019e-05	140878
-0.997335	0.00532841	0.000308012	0.000281032	2.40019e-05	136066
-0.996003	0.00490528	0.00028474	0.000281032	2.40019e-05	134169
-0.99467	0.00459693	0.000267642	0.000281032	2.40019e-05	141495
-0.993338	0.00435513	0.000254156	0.000281032	2.40019e-05	141379
-0.992005	0.00415689	0.000243049	0.000281032	2.40019e-05	133691
-0.990673	0.00398937	0.00023363	0.000281032	2.40019e-05	137554
-0.98934	0.0038447	0.000225469	0.000281032	2.40019e-05	140147
-0.988008	0.00371767	0.000218284	0.000281032	2.40019e-05	136797
-0.986676	0.00360466	0.000211877	0.000281032	2.40019e-05	135995
-0.985343	0.00350305	0.000206104	0.000281032	2.40019e-05	136696
-0.984011	0.00341088	0.000200857	0.000281032	2.40019e-05	138930
-0.982678	0.00332667	0.000196054	0.000281032	2.40019e-05	138327
-0.981346	0.00324923	0.000191631	0.000281032	2.40019e-05	137120
-0.980013	0.00317763	0.000187535	0.000281032	2.40019e-05	134045
-0.978681	0.00311113	0.000183724	0.000281032	2.40019e-05	135741
-0.977348	0.00304909	0.000180164	0.000281032	2.40019e-05	136527
-0.976016	0.00299099	0.000176827	0.000281032	2.40019e-05	137044
-0.974684	0.00293642	0.000173688	0.000281032	2.40019e-05	136911
-0.973351	0.00288499	0.000170726	0.000281032	2.40019e-05	136073
-0.972019	0.0028364	0.000167924	0.000281032	2.40019e-05	135645
-0.970686	0.00279037	0.000165267	0.000281032	2.40019e-05	132363
-0.969354	0.00274666	0.000162742	0.000281032	2.40019e-05	138030
-0.968021	0.00270509	0.000160337	0.000281032	2.40019e-05	133628
-0.966689	0.00266546	0.000158042	0.000281032	2.40019e-05	134662
-0.965356	0.00262762	0.000155849	0.000281032	2.40019e-05	134070
-0.964024	0.00259142	0.000153749	0.000281032	2.40019e-05	133685
-0.962692	0.00255674	0.000151736	0.000281032	2.40019e-05	133304
-0.961359	0.00252348	0.000149803	0.000281032	2.40019e-05	134824
-0.960027	0.00249152	0.000147944	0.000281032	2.40019e-05	135165
-0.958694	0.00246079	0.000146155	0.000281032	2.40019e-05	132913
-0.957362	0.00243119	0.00014443	0.000281032	2.40019e-05	135102
-0.956029	0.00240265	0.000142766	0.000281032	2.40019e-05	135298
-0.954697	0.00237512	0.000141159	0.000281032	2.40019e-05	133814
-0.953364	0.00234851	0.000139605	0.000281032	2.40019e-05	137393
-0.952032	0.00232279	0.000138102	0.000281032	2.40019e-05	134653
-0.9507	0.00229789	0.000136645	0.000281032	2.40019e-05	133811
-0.949367	0.00227378	0.000135234	0.000281032	2.40019e-05	135538
-0.948035	0.0022504	0.000133864	0.000281032	2.40019e-05	134743
-0.946702	0.00222772	0.000132535	0.000281032	2.40019e-05	132301
-0.94537	0.0022057	0.000131243	0.000281032	2.40019e-05	135962
-0.944037	0.00218431	0.000129987	0.000281032	2.40019e-05	132393
-0.942705	0.00216351	0.000128765	0.000281032	2.40019e-05	132063
-0.941372	0.00214328	0.000127576	0.000281032	2.40019e-05	134947
-0.94004	0.00212358	0.000126417	0.000281032	2.40019e-05	133461
-0.938708	0.0021044	0.000125288	0.000281032	2.40019e-05	136496
-0.937375	0.0020857	0.000124186	0.000281032	2.40019e-05	135562
-0.936043	0.00206747	0.000123112	0.000281032	2.40019e-05	138006
-0.93471	0.00204969	0.000122063	0.000281032	2.40019e-05	134783
-0.933378	0.00203233	0.000121038	0.000281032	2.40019e-05	135346
-0.932045	0.00201537	0.000120037	0.000281032	2.40019e-05	134188
-0.930713	0.00199881	0.000119058	0.000281032	2.40019e-05	133210
-0.92938	0.00198262	0.000118101	0.000281032	2.40019e-05	135066
-0.928048	0.00196679	0.000117164	0.000281032	2.40019e-05	133117
-0.926716	0.0019513	0.000116247	0.000281032	2.40019e-05	135102
-0.925383	0.00193614	0.00011535	0.000281032	2.40019e-05	136445
-0.924051	0.0019213	0.00011447	0.000281032	2.40019e-05	134723
-0.922718	0.00190676	0.000113608	0.000281032	2.40019e-05	136608
-0.921386	0.00189252	0.000112763	0.000281032	2.40019e-05	135523
-0.920053	0.00187856	0.000111934	0.000281032	2.40019e-05	135989
-0.918721	0.00186487	0.000111121	0.000281032	2.40019e-05	135820
-0.917388	0.00185145	0.000110323	0.000281032	2.40019e-05	135380
-0.916056	0.00183828	0.00010954	0.000281032	2.40019e-05	134642
-0.914724	0.00182535	0.00010877	0.000281032	2.40019e-05	137117
-0.913391	0.00181266	0.000108015	0.000281032	2.40019e-05	136427
-0.912059	0.00180019	0.000107272	0.000281032	2.40019e-05	133586
-0.910726	0.00178795	0.000106543	0.000281032	2.40019e-05	134655
-0.909394	0.00177592	0.000105825	0.000281032	2.40019e-05	136630
-0.908061	0.0017641	0.00010512	0.000281032	2.40019e-05	132368
-0.906729	0.00175247	0.000104426	0.000281032	2.40019e-05	133875
-0.905396	0.00174104	0.000103743	0.000281032	2.40019e-05	134483
-0.904064	0.00172979	0.000103071	0.000281032	2.40019e-05	135453
-0.902732	0.00171873	0.00010241	0.000281032	2.40019e-05	133792
-0.901399	0.00170784	0.000101759	0.000281032	2.40019e-05	135066
-0.900067	0.00169713	0.000101117	0.000281032	2.40019e-05	133671
-0.898734	0.00168657	0.000100486	0.000281032	2.40019e-05	137509
-0.897402	0.00167618	9.98633e-05	0.000281032	2.40019e-05	136289
-0.896069	0.00166595	9.92499e-05	0.000281032	2.40019e-05	135554
-0.894737	0.00165586	9.86453e-05	0.000281032	2.40019e-05	136433
-0.893404	0.00164593	9.80492e-05	0.000281032	2.40019e-05	135008
-0.892072	0.00163613	9.74615e-05	0.000281032	2.40019e-05	130921
-0.89074	0.00162648	9.68818e-05	0.000281032	2.40019e-05	133576
-0.889407	0.00161696	9.631e-05	0.000281032	2.40019e-05	135823
-0.888075	0.00160757	9.57458e-05	0.000281032	2.40019e-05	131291
-0.886742	0.00159831	9.51891e-05	0.000281032	2.40019e-05	138816
-0.88541	0.00158918	9.46396e-05	0.000281032	2.40019e-05	135838
-0.884077	0.00158017	9.40972e-05	0.000281032	2.40019e-05	134841
-0.882745	0.00157127	9.35616e-05	0.000281032	2.40019e-05	135054
-0.881412	0.00156249	9.30328e-05	0.000281032	2.40019e-05	136216
-0.88008	0.00155382	9.25105e-05	0.000281032	2.40019e-05	136078
-0.878748	0.00154527	9.19946e-05	0.000281032	2.40019e-05	135997
-0.877415	0.00153681	9.14849e-05	0.000281032	2.40019e-05	138918
-0.876083	0.00152847	9.09812e-05	0.000281032	2.40019e-05	132879
-0.87475	0.00152022	9.04835e-05	0.000281032	2.40019e-05	135863
-0.873418	0.00151208	8.99916e-05	0.000281032	2.40019e-05	135298
-0.872085	0.00150403	8.95053e-05	0.000281032	2.40019e-05	131955
-0.870753	0.00149607	8.90245e-05	0.000281032	2.40019e-05	137368
-0.86942	0.00148821	8.85491e-05	0.000281032	2.40019e-05	134952
-0.868088	0.00148044	8.8079e-05	0.000281032	2.40019e-05	133459
-0.866755	0.00147275	8.7614e-05	0.000281032	2.40019e-05	136610
-0.865423	0.00146515	8.7154e-05	0.000281032	2.40019e-05	134837
-0.864091	0.00145764	8.6699e-05	0.000281032	2.40019e-05	133583
-0.862758	0.00145021	8.62487e-05	0.000281032	2.40019e-05	135556
-0.861426	0.00144286	8.58032e-05	0.000281032	2.40019e-05	136007
-0.860093	0.00143558	8.53623e-05	0.000281032	2.40019e-05	134126
-0.858761	0.00142839	8.49258e-05	0.000281032	2.40019e-05	134252
-0.857428	0.00142127	8.44938e-05	0.000281032	2.40019e-05	138291
-0.856096	0.00141422	8.40661e-05	0.000281032	2.40019e-05	134787
-0.854763	0.00140725	8.36426e-05	0.000281032	2.40019e-05	136389
-0.853431	0.00140034	8.32232e-05	0.000281032	2.40019e-05	135968
-0.852099	0.00139351	8.28079e-05	0.000281032	2.40019e-05	137498
-0.850766	0.00138674	8.23966e-05	0.000281032	2.40019e-05	135917
-0.849434	0.00138004	8.19891e-05	0.000281032	2.40019e-05	137841
-0.848101	0.0013734	8.15855e-05	0.000281032	2.40019e-05	135182
-0.846769	0.00136683	8.11856e-05	0.000281032	2.40019e-05	134509
-0.845436	0.00136032	8.07893e-05	0.000281032	2.40019e-05	136182
-0.844104	0.00135388	8.03967e-05	0.000281032	2.40019e-05	135593
-0.842771	0.00134749	8.00075e-05	0.000281032	2.40019e-05	131742
-0.841439	0.00134116	7.96219e-05	0.000281032	2.40019e-05	135473
-0.840107	0.00133489	7.92396e-05	0.000281032	2.40019e-05	135728
-0.838774	0.00132867	7.88606e-05	0.000281032	2.40019e-05	134252
-0.837442	0.00132251	7.84849e-05	0.000281032	2.40019e-05	138132
-0.836109	0.00131641	7.81125e-05	0.000281032	2.40019e-05	135508
-0.834777	0.00131036	7.77431e-05	0.000281032	2.40019e-05	132480
-0.833444	0.00130436	7.73768e-05	0.000281032	2.40019e-05	136288
-0.832112	0.00129841	7.70136e-05	0.000281032	2.40019e-05	135536
-0.830779	0.00129251	7.66534e-05	0.000281032	2.40019e-05	132355
-0.829447	0.00128667	7.6296e-05	0.000281032	2.40019e-05	135843
-0.828115	0.00128087	7.59416e-05	0.000281032	2.40019e-05	133413
-0.826782	0.00127512	7.55899e-05	0.000281032	2.40019e-05	136173
-0.82545	0.00126942	7.52411e-05	0.000281032	2.40019e-05	137814
-0.824117	0.00126376	7.48949e-05	0.000281032	2.40019e-05	134710
-0.822785	0.00125815	7.45515e-05	0.000281032	2.40019e-05	133771
-0.821452	0.00125258	7.42107e-05	0.000281032	2.40019e-05	135104
-0.82012	0.00124706	7.38724e-05	0.000281032	2.40019e-05	134058
-0.818787	0.00124158	7.35367e-05	0.000281032	2.40019e-05	134774
-0.817455	0.00123614	7.32035e-05	0.000281032	2.40019e-05	134870
-0.816123	0.00123074	7.28728e-05	0.000281032	2.40019e-05	135729
-0.81479	0.00122539	7.25445e-05	0.000281032	2.40019e-05	135441
-0.813458	0.00122007	7.22186e-05	0.000281032	2.40019e-05	136856
-0.812125	0.0012148	7.1895e-05	0.000281032	2.40019e-05	134093
-0.810793	0.00120956	7.15737e-05	0.000281032	2.40019e-05	132658
-0.80946	0.00120437	7.12547e-05	0.000281032	2.40019e-05	134710
-0.808128	0.00119921	7.09379e-05	0.000281032	2.40019e-05	133754
-0.806795	0.00119408	7.06234e-05	0.000281032	2.40019e-05	133280
-0.805463	0.001189	7.03109e-05	0.000281032	2.40019e-05	135528
-0.804131	0.00118395	7.00007e-05	0.000281032	2.40019e-05	133973
-0.802798	0.00117893	6.96925e-05	0.000281032	2.40019e-05	134676
-0.801466	0.00117395	6.93864e-05	0.000281032	2.40019e-05	136749
-0.800133	0.00116901	6.90823e-05	0.000281032	2.40019e-05	133608
-0.798801	0.00116409	6.87802e-05	0.000281032	2.40019e-05	134057
-0.797468	0.00115922	6.84801e-05	0.000281032	2.40019e-05	135017
-0.796136	0.00115437	6.81819e-05	0.000281032	2.40019e-05	134921
-0.794803	0.00114956	6.78857e-05	0.000281032	2.40019e-05	133792
-0.793471	0.00114477	6.75914e-05	0.000281032	2.40019e-05	136070
-0.792139	0.00114002	6.72989e-05	0.000281032	2.40019e-05	133105
-0.790806	0.0011353	6.70082e-05	0.000281032	2.40019e-05	133917
-0.789474	0.00113061	6.67194e-05	0.000281032	2.40019e-05	134183
-0.788141	0.00112595	6.64323e-05	0.000281032	2.40019e-05	133137
-0.786809	0.00112133	6.6147e-05	0.000281032	2.40019e-05	135436
-0.785476	0.00111672	6.58634e-05	0.000281032	2.40019e-05	136001
-0.784144	0.00111215	6.55815e-05	0.000281032	2.40019e-05	134788
-0.782811	0.00110761	6.53013e-05	0.000281032	2.40019e-05	135907
-0.781479	0.00110309	6.50228e-05	0.000281032	2.40019e-05	137335
-0.780147	0.0010986	6.47459e-05	0.000281032	2.40019e-05	135580
-0.778814	0.00109414	6.44707e-05	0.000281032	2.40019e-05	136964
-0.777482	0.00108971	6.4197e-05	0.000281032	2.40019e-05	136725
-0.776149	0.0010853	6.39249e-05	0.000281032	2.40019e-05	135575
-0.774817	0.00108092	6.36544e-05	0.000281032	2.40019e-05	131620
-0.773484	0.00107656	6.33853e-05	0.000281032	2.40019e-05	137034
-0.772152	0.00107223	6.31178e-05	0.000281032	2.40019e-05	134817
-0.770819	0.00106792	6.28518e-05	0.000281032	2.40019e-05	134291
-0.769487	0.00106364	6.25873e-05	0.000281032	2.40019e-05	135762
-0.768155	0.00105938	6.23242e-05	0.000281032	2.40019e-05	135101
-0.766822	0.00105515	6.20626e-05	0.000281032	2.40019e-05	137443
-0.76549	0.00105094	6.18023e-05	0.000281032	2.40019e-05	135826
-0.764157	0.00104675	6.15435e-05	0.000281032	2.40019e-05	135494
-0.762825	0.00104259	6.1286e-05	0.000281032	2.40019e-05	133084
-0.761492	0.00103844	6.103e-05	0.000281032	2.40019e-05	136986
-0.76016	0.00103432	6.07752e-05	0.000281032	2.40019e-05	135866
-0.758827	0.00103023	6.05218e-05	0.000281032	2.40019e-05	135415
-0.757495	0.00102615	6.02697e-05	0.000281032	2.40019e-05	137044
-0.756163	0.0010221	6.00189e-05	0.000281032	2.40019e-05	134814
-0.75483	0.00101807	5.97694e-05	0.000281032	2.40019e-05	132816
-0.753498	0.00101406	5.95212e-05	0.000281032	2.40019e-05	138056
-0.752165	0.00101007	5.92742e-05	0.000281032	2.40019e-05	134672
-0.750833	0.0010061	5.90284e-05	0.000281032	2.40019e-05	133657
-0.7495	0.00100215	5.87839e-05	0.000281032	2.40019e-05	136019
-0.748168	0.000998217	5.85406e-05	0.000281032	2.40019e-05	135418
-0.746835	0.000994307	5.82984e-05	0.000281032	2.40019e-05	135362
-0.745503	0.000990416	5.80575e-05	0.000281032	2.40019e-05	137288
-0.744171	0.000986545	5.78177e-05	0.000281032	2.40019e-05	135573
-0.742838	0.000982693	5.75791e-05	0.000281032	2.40019e-05	134201
-0.741506	0.00097886	5.73416e-05	0.000281032	2.40019e-05	138202
-0.740173	0.000975046	5.71052e-05	0.000281032	2.40019e-05	139964
-0.738841	0.000971249	5.687e-05	0.000281032	2.40019e-05	132917
-0.737508	0.000967471	5.66359e-05	0.000281032	2.40019e-05	134586
-0.736176	0.000963711	5.64028e-05	0.000281032	2.40019e-05	135927
-0.734843	0.000959969	5.61708e-05	0.000281032	2.40019e-05	132022
-0.733511	0.000956244	5.59399e-05	0.000281032	2.40019e-05	136274
-0.732179	0.000952536	5.57101e-05	0.000281032	2.40019e-05	136106
-0.730846	0.000948846	5.54813e-05	0.000281032	2.40019e-05	132245
-0.729514	0.000945173	5.52535e-05	0.000281032	2.40019e-05	136952
-0.728181	0.000941516	5.50268e-05	0.000281032	2.40019e-05	133980
-0.726849	0.000937876	5.4801e-05	0.000281032	2.40019e-05	132895
-0.725516	0.000934252	5.45763e-05	0.000281032	2.40019e-05	135034
-0.724184	0.000930644	5.43526e-05	0.000281032	2.40019e-05	136560
-0.722851	0.000927053	5.41298e-05	0.000281032	2.40019e-05	134196
-0.721519	0.000923477	5.3908e-05	0.000281032	2.40019e-05	136996
-0.720187	0.000919917	5.36872e-05	0.000281032	2.40019e-05	137183
-0.718854	0.000916372	5.34673e-05	0.000281032	2.40019e-05	134134
-0.717522	0.000912843	5.32483e-05	0.000281032	2.40019e-05	137023
-0.716189	0.000909329	5.30303e-05	0.000281032	2.40019e-05	133610
-0.714857	0.00090583	5.28132e-05	0.000281032	2.40019e-05	133171
-0.713524	0.000902345	5.2597e-05	0.000281032	2.40019e-05	135616
-0.712192	0.000898876	5.23818e-05	0.000281032	2.40019e-05	134863
-0.710859	0.000895421	5.21674e-05	0.000281032	2.40019e-05	133159
-0.709527	0.00089198	5.19539e-05	0.000281032	2.40019e-05	135360
-0.708195	0.000888553	5.17413e-05	0.000281032	2.40019e-05	136676
-0.706862	0.000885141	5.15295e-05	0.000281032	2.40019e-05	132760
-0.70553	0.000881742	5.13186e-05	0.000281032	2.40019e-05	135000
-0.704197	0.000878357	5.11086e-05	0.000281032	2.40019e-05	135211
-0.702865	0.000874986	5.08994e-05	0.000281032	2.40019e-05	133478
-0.701532	0.000871628	5.0691e-05	0.000281032	2.40019e-05	136799
-0.7002	0.000868284	5.04835e-05	0.000281032	2.40019e-05	137584
-0.698867	0.000864953	5.02768e-05	0.000281032	2.40019e-05	131680
-0.697535	0.000861635	5.00709e-05	0.000281032	2.40019e-05	134243
-0.696203	0.000858329	4.98658e-05	0.000281032	2.40019e-05	133240
-0.69487	0.000855037	4.96615e-05	0.000281032	2.40019e-05	132860
-0.693538	0.000851757	4.9458e-05	0.000281032	2.40019e-05	135529
-0.692205	0.00084849	4.92553e-05	0.000281032	2.40019e-05	135097
-0.690873	0.000845236	4.90534e-05	0.000281032	2.40019e-05	135592
-0.68954	0.000841993	4.88522e-05	0.000281032	2.40019e-05	137114
-0.688208	0.000838763	4.86518e-05	0.000281032	2.40019e-05	134991
-0.686875	0.000835545	4.84522e-05	0.000281032	2.40019e-05	132936
-0.685543	0.000832339	4.82533e-05	0.000281032	2.40019e-05	134747
-0.684211	0.000829145	4.80551e-05	0.000281032	2.40019e-05	134223
-0.682878	0.000825962	4.78577e-05	0.000281032	2.40019e-05	134438
-0.681546	0.000822791	4.7661e-05	0.000281032	2.40019e-05	136520
-0.680213	0.000819632	4.74651e-05	0.000281032	2.40019e-05	136950
-0.678881	0.000816484	4.72698e-05	0.000281032	2.40019e-05	133728
-0.677548	0.000813347	4.70753e-05	0.000281032	2.40019e-05	134931
-0.676216	0.000810222	4.68815e-05	0.000281032	2.40019e-05	133843
-0.674883	0.000807107	4.66884e-05	0.000281032	2.40019e-05	134403
-0.673551	0.000804004	4.6496e-05	0.000281032	2.40019e-05	135997
-0.672219	0.000800911	4.63042e-05	0.000281032	2.40019e-05	133578
-0.670886	0.00079783	4.61132e-05	0.000281032	2.40019e-05	131763
-0.669554	0.000794758	4.59228e-05	0.000281032	2.40019e-05	134722
-0.668221	0.000791698	4.57331e-05	0.000281032	2.40019e-05	136614
-0.666889	0.000788648	4.55441e-05	0.000281032	2.40019e-05	133123
-0.665556	0.000785608	4.53558e-05	0.000281032	2.40019e-05	134133
-0.664224	0.000782579	4.51681e-05	0.000281032	2.40019e-05	134064
-0.662891	0.00077956	4.4981e-05	0.000281032	2.40019e-05	133019
-0.661559	0.00077655	4.47946e-05	0.000281032	2.40019e-05	137628
-0.660227	0.000773551	4.46089e-05	0.000281032	2.40019e-05	136071
-0.658894	0.000770562	4.44238e-05	0.000281032	2.40019e-05	136340
-0.657562	0.000767583	4.42393e-05	0.000281032	2.40019e-05	137309
-0.656229	0.000764613	4.40555e-05	0.000281032	2.40019e-05	134626
-0.654897	0.000761653	4.38722e-05	0.000281032	2.40019e-05	134567
-0.653564	0.000758703	4.36896e-05	0.000281032	2.40019e-05	137070
-0.652232	0.000755762	4.35076e-05	0.000281032	2.40019e-05	133788
-0.650899	0.000752831	4.33263e-05	0.000281032	2.40019e-05	133669
-0.649567	0.000749909	4.31455e-05	0.000281032	2.40019e-05	137190
-0.648235	0.000746996	4.29653e-05	0.000281032	2.40019e-05	135560
-0.646902	0.000744093	4.27858e-05	0.000281032	2.40019e-05	133162
-0.64557	0.000741198	4.26068e-05	0.000281032	2.40019e-05	135260
-0.644237	0.000738313	4.24284e-05	0.000281032	2.40019e-05	136150
-0.642905	0.000735436	4.22506e-05	0.000281032	2.40019e-05	133805
-0.641572	0.000732569	4.20734e-05	0.000281032	2.40019e-05	139038
-0.64024	0.00072971	4.18968e-05	0.000281032	2.40019e-05	133824
-0.638907	0.00072686	4.17207e-05	0.000281032	2.40019e-05	134092
-0.637575	0.000724018	4.15452e-05	0.000281032	2.40019e-05	135569
-0.636243	0.000721185	4.13703e-05	0.000281032	2.40019e-05	135400
-0.63491	0.000718361	4.11959e-05	0.000281032	2.40019e-05	133886
-0.633578	0.000715545	4.10221e-05	0.000281032	2.40019e-05	135016
-0.632245	0.000712738	4.08489e-05	0.000281032	2.40019e-05	135438
-0.630913	0.000709938	4.06762e-05	0.000281032	2.40019e-05	131986
-0.62958	0.000707147	4.05041e-05	0.000281032	2.40019e-05	138396
-0.628248	0.000704364	4.03325e-05	0.000281032	2.40019e-05	137908
-0.626915	0.00070159	4.01614e-05	0.000281032	2.40019e-05	133613
-0.625583	0.000698823	3.99909e-05	0.000281032	2.40019e-05	135347
-0.62425	0.000696064	3.98209e-05	0.000281032	2.40019e-05	135220
-0.622918	0.000693314	3.96515e-05	0.000281032	2.40019e-05	132961
-0.621586	0.000690571	3.94826e-05	0.000281032	2.40019e-05	139098
-0.620253	0.000687836	3.93142e-05	0.000281032	2.40019e-05	132549
-0.618921	0.000685108	3.91463e-05	0.000281032	2.40019e-05	134240
-0.617588	0.000682388	3.8979e-05	0.000281032	2.40019e-05	136228
-0.616256	0.000679676	3.88122e-05	0.000281032	2.40019e-05	134185
-0.614923	0.000676972	3.86459e-05	0.000281032	2.40019e-05	132761
-0.613591	0.000674275	3.84801e-05	0.000281032	2.40019e-05	134240
-0.612258	0.000671585	3.83148e-05	0.000281032	2.40019e-05	133240
-0.610926	0.000668903	3.815e-05	0.000281032	2.40019e-05	133459
-0.609594	0.000666228	3.79857e-05	0.000281032	2.40019e-05	134524
-0.608261	0.00066356	3.7822e-05	0.000281032	2.40019e-05	132883
-0.606929	0.0006609	3.76587e-05	0.000281032	2.40019e-05	131725
-0.605596	0.000658247	3.74959e-05	0.000281032	2.40019e-05	135601
-0.604264	0.0006556	3.73336e-05	0.000281032	2.40019e-05	133497
-0.602931	0.000652961	3.71718e-05	0.000281032	2.40019e-05	134099
-0.601599	0.000650329	3.70105e-05	0.000281032	2.40019e-05	136426
-0.600266	0.000647704	3.68497e-05	0.000281032	2.40019e-05	134228
-0.598934	0.000645086	3.66894e-05	0.000281032	2.40019e-05	134007
-0.597602	0.000642474	3.65295e-05	0.000281032	2.40019e-05	136308
-0.596269	0.00063987	3.63702e-05	0.000281032	2.40019e-05	132936
-0.594937	0.000637272	3.62113e-05	0.000281032	2.40019e-05	132323
-0.593604	0.000634681	3.60529e-05	0.000281032	2.40019e-05	133142
-0.592272	0.000632096	3.58949e-05	0.000281032	2.40019e-05	134400
-0.590939	0.000629518	3.57374e-05	0.000281032	2.40019e-05	133850
-0.589607	0.000626947	3.55804e-05	0.000281032	2.40019e-05	137035
-0.588274	0.000624382	3.54239e-05	0.000281032	2.40019e-05	133793
-0.586942	0.000621824	3.52678e-05	0.000281032	2.40019e-05	133172
-0.58561	0.000619272	3.51122e-05	0.000281032	2.40019e-05	135099
-0.584277	0.000616726	3.49571e-05	0.000281032	2.40019e-05	133486
-0.582945	0.000614187	3.48024e-05	0.000281032	2.40019e-05	134291
-0.581612	0.000611654	3.46481e-05	0.000281032	2.40019e-05	133658
-0.58028	0.000609127	3.44944e-05	0.000281032	2.40019e-05	133934
-0.578947	0.000606606	3.43411e-05	0.000281032	2.40019e-05	134452
-0.577615	0.000604092	3.41882e-05	0.000281032	2.40019e-05	135673
-0.576282	0.000601584	3.40358e-05	0.000281032	2.40019e-05	133201
-0.57495	0.000599082	3.38838e-05	0.000281032	2.40019e-05	134116
-0.573618	0.000596585	3.37323e-05	0.000281032	2.40019e-05	135188
-0.572285	0.000594095	3.35812e-05	0.000281032	2.40019e-05	136386
-0.570953	0.000591611	3.34306e-05	0.000281032	2.40019e-05	131227
-0.56962	0.000589132	3.32804e-05	0.000281032	2.40019e-05	137199
-0.568288	0.00058666	3.31306e-05	0.000281032	2.40019e-05	133780
-0.566955	0.000584193	3.29813e-05	0.000281032	2.40019e-05	134847
-0.565623	0.000581732	3.28325e-05	0.000281032	2.40019e-05	134479
-0.56429	0.000579277	3.26841e-05	0.000281032	2.40019e-05	130680
-0.562958	0.000576828	3.25361e-05	0.000281032	2.40019e-05	138521
-0.561626	0.000574384	3.23885e-05	0.000281032	2.40019e-05	135038
-0.560293	0.000571946	3.22414e-05	0.000281032	2.40019e-05	135518
-0.558961	0.000569513	3.20947e-05	0.000281032	2.40019e-05	134932
-0.557628	0.000567087	3.19484e-05	0.000281032	2.40019e-05	136630
-0.556296	0.000564665	3.18026e-05	0.000281032	2.40019e-05	134802
-0.554963	0.000562249	3.16572e-05	0.000281032	2.40019e-05	135539
-0.553631	0.000559839	3.15122e-05	0.000281032	2.40019e-05	135570
-0.552298	0.000557434	3.13677e-05	0.000281032	2.40019e-05	135619
-0.550966	0.000555034	3.12236e-05	0.000281032	2.40019e-05	136871
-0.549634	0.00055264	3.10799e-05	0.000281032	2.40019e-05	138312
-0.548301	0.000550251	3.09366e-05	0.000281032	2.40019e-05	136307
-0.546969	0.000547867	3.07938e-05	0.000281032	2.40019e-05	135037
-0.545636	0.000545488	3.06514e-05	0.000281032	2.40019e-05	139090
-0.544304	0.000543115	3.05094e-05	0.000281032	2.40019e-05	136783
-0.542971	0.000540747	3.03678e-05	0.000281032	2.40019e-05	138337
-0.541639	0.000538384	3.02266e-05	0.000281032	2.40019e-05	138202
-0.540306	0.000536026	3.00859e-05	0.000281032	2.40019e-05	137318
-0.538974	0.000533673	2.99456e-05	0.000281032	2.40019e-05	134973
-0.537642	0.000531326	2.98057e-05	0.000281032	2.40019e-05	136943
-0.536309	0.000528983	2.96662e-05	0.000281032	2.40019e-05	138585
-0.534977	0.000526645	2.95272e-05	0.000281032	2.40019e-05	136319
-0.533644	0.000524313	2.93885e-05	0.000281032	2.40019e-05	138177
-0.532312	0.000521985	2.92503e-05	0.000281032	2.40019e-05	138065
-0.530979	0.000519662	2.91125e-05	0.000281032	2.40019e-05	137160
-0.529647	0.000517344	2.89751e-05	0.000281032	2.40019e-05	138323
-0.528314	0.000515031	2.88381e-05	0.000281032	2.40019e-05	137057
-0.526982	0.000512722	2.87015e-05	0.000281032	2.40019e-05	131863
-0.52565	0.000510419	2.85654e-05	0.000281032	2.40019e-05	133773
-0.524317	0.00050812	2.84297e-05	0.000281032	2.40019e-05	137068
-0.522985	0.000505826	2.82943e-05	0.000281032	2.40019e-05	131612
-0.521652	0.000503537	2.81594e-05	0.000281032	2.40019e-05	140743
-0.52032	0.000501252	2.80249e-05	0.000281032	2.40019e-05	137074
-0.518987	0.000498972	2.78909e-05	0.000281032	2.40019e-05	132356
-0.517655	0.000496696	2.77572e-05	0.000281032	2.40019e-05	133951
-0.516322	0.000494425	2.7624e-05	0.000281032	2.40019e-05	136618
-0.51499	0.000492159	2.74911e-05	0.000281032	2.40019e-05	135144
-0.513658	0.000489897	2.73587e-05	0.000281032	2.40019e-05	136410
-0.512325	0.00048764	2.72267e-05	0.000281032	2.40019e-05	133398
-0.510993	0.000485387	2.70951e-05	0.000281032	2.40019e-05	132208
-0.50966	0.000483139	2.69639e-05	0.000281032	2.40019e-05	134089
-0.508328	0.000480895	2.68332e-05	0.000281032	2.40019e-05	135978
-0.506995	0.000478656	2.67028e-05	0.000281032	2.40019e-05	131464
-0.505663	0.000476421	2.65729e-05	0.000281032	2.40019e-05	134896
-0.50433	0.00047419	2.64434e-05	0.000281032	2.40019e-05	136238
-0.502998	0.000471963	2.63143e-05	0.000281032	2.40019e-05	132364
-0.501666	0.000469741	2.61856e-05	0.000281032	2.40019e-05	136798
-0.500333	0.000467523	2.60573e-05	0.000281032	2.40019e-05	133194
-0.499001	0.00046531	2.59295e-05	0.000281032	2.40019e-05	130964
-0.497668	0.000463101	2.5802e-05	0.000281032	2.40019e-05	134975
-0.496336	0.000460895	2.5675e-05	0.000281032	2.40019e-05	135226
-0.495003	0.000458695	2.55484e-05	0.000281032	2.40019e-05	134132
-0.493671	0.000456498	2.54223e-05	0.000281032	2.40019e-05	137100
-0.492338	0.000454305	2.52965e-05	0.000281032	2.40019e-05	134778
-0.491006	0.000452117	2.51712e-05	0.000281032	2.40019e-05	132664
-0.489674	0.000449932	2.50463e-05	0.000281032	2.40019e-05	135313
-0.488341	0.000447752	2.49218e-05	0.000281032	2.40019e-05	135298
-0.487009	0.000445576	2.47977e-05	0.000281032	2.40019e-05	133068
-0.485676	0.000443403	2.46741e-05	0.000281032	2.40019e-05	135674
-0.484344	0.000441235	2.45509e-05	0.000281032	2.40019e-05	138301
-0.483011	0.000439071	2.44281e-05	0.000281032	2.40019e-05	133844
-0.481679	0.000436911	2.43057e-05	0.000281032	2.40019e-05	135344
-0.480346	0.000434754	2.41838e-05	0.000281032	2.40019e-05	135425
-0.479014	0.000432602	2.40623e-05	0.000281032	2.40019e-05	136855
-0.477682	0.000430454	2.39412e-05	0.000281032	2.40019e-05	138076
-0.476349	0.000428309	2.38206e-05	0.000281032	2.40019e-05	136612
-0.475017	0.000426168	2.37004e-05	0.000281032	2.40019e-05	132394
-0.473684	0.000424031	2.35806e-05	0.000281032	2.40019e-05	134774
-0.472352	0.000421898	2.34613e-05	0.000281032	2.40019e-05	136458
-0.471019	0.000419769	2.33424e-05	0.000281032	2.40019e-05	131567
-0.469687	0.000417643	2.32239e-05	0.000281032	2.40019e-05	135792
-0.468354	0.000415522	2.31059e-05	0.000281032	2.40019e-05	133590
-0.467022	0.000413404	2.29884e-05	0.000281032	2.40019e-05	133193
-0.46569	0.000411289	2.28712e-05	0.000281032	2.40019e-05	137652
-0.464357	0.000409179	2.27545e-05	0.000281032	2.40019e-05	137598
-0.463025	0.000407072	2.26383e-05	0.000281032	2.40019e-05	131468
-0.461692	0.000404969	2.25225e-05	0.000281032	2.40019e-05	135056
-0.46036	0.000402869	2.24072e-05	0.000281032	2.40019e-05	135622
-0.459027	0.000400773	2.22923e-05	0.000281032	2.40019e-05	133608
-0.457695	0.000398681	2.21779e-05	0.000281032	2.40019e-05	139972
-0.456362	0.000396592	2.20639e-05	0.000281032	2.40019e-05	134111
-0.45503	0.000394507	2.19504e-05	0.000281032	2.40019e-05	133433
-0.453698	0.000392426	2.18374e-05	0.000281032	2.40019e-05	135449
-0.452365	0.000390347	2.17248e-05	0.000281032	2.40019e-05	136094
-0.451033	0.000388273	2.16126e-05	0.000281032	2.40019e-05	132600
-0.4497	0.000386202	2.1501e-05	0.000281032	2.40019e-05	136515
-0.448368	0.000384134	2.13898e-05	0.000281032	2.40019e-05	137128
-0.447035	0.00038207	2.12791e-05	0.000281032	2.40019e-05	132099
-0.445703	0.00038001	2.11689e-05	0.000281032	2.40019e-05	135749
-0.44437	0.000377953	2.10591e-05	0.000281032	2.40019e-05	134672
-0.443038	0.000375899	2.09498e-05	0.000281032	2.40019e-05	132894
-0.441706	0.000373848	2.0841e-05	0.000281032	2.40019e-05	135713
-0.440373	0.000371801	2.07327e-05	0.000281032	2.40019e-05	135195
-0.439041	0.000369758	2.06249e-05	0.000281032	2.40019e-05	132744
-0.437708	0.000367718	2.05175e-05	0.000281032	2.40019e-05	136291
-0.436376	0.000365681	2.04107e-05	0.000281032	2.40019e-05	134497
-0.435043	0.000363647	2.03044e-05	0.000281032	2.40019e-05	134103
-0.433711	0.000361617	2.01985e-05	0.000281032	2.40019e-05	137701
-0.432378	0.00035959	2.00932e-05	0.000281032	2.40019e-05	137381
-0.431046	0.000357566	1.99883e-05	0.000281032	2.40019e-05	131885
-0.429714	0.000355546	1.9884e-05	0.000281032	2.40019e-05	134423
-0.428381	0.000353529	1.97802e-05	0.000281032	2.40019e-05	136180
-0.427049	0.000351515	1.96769e-05	0.000281032	2.40019e-05	133359
-0.425716	0.000349504	1.95741e-05	0.000281032	2.40019e-05	136162
-0.424384	0.000347496	1.94718e-05	0.000281032	2.40019e-05	136976
-0.423051	0.000345492	1.93701e-05	0.000281032	2.40019e-05	133433
-0.421719	0.000343491	1.92689e-05	0.000281032	2.40019e-05	134839
-0.420386	0.000341493	1.91682e-05	0.000281032	2.40019e-05	134608
-0.419054	0.000339502	1.90681e-05	0.000281032	2.40019e-05	132895
-0.417722	0.000337525	1.89685e-05	0.000281032	2.40019e-05	134908
-0.416389	0.000335566	1.88694e-05	0.000281032	2.40019e-05	133583
-0.415057	0.000333623	1.87709e-05	0.000281032	2.40019e-05	133262
-0.413724	0.000331699	1.8673e-05	0.000281032	2.40019e-05	134430
-0.412392	0.000329793	1.85756e-05	0.000281032	2.40019e-05	136255
-0.411059	0.000327906	1.84788e-05	0.000281032	2.40019e-05	133258
-0.409727	0.000326037	1.83825e-05	0.000281032	2.40019e-05	138484
-0.408394	0.000324187	1.82868e-05	0.000281032	2.40019e-05	136501
-0.407062	0.000322356	1.81917e-05	0.000281032	2.40019e-05	132311
-0.40573	0.000320543	1.80971e-05	0.000281032	2.40019e-05	140027
-0.404397	0.000318748	1.80031e-05	0.000281032	2.40019e-05	135361
-0.403065	0.000316973	1.79098e-05	0.000281032	2.40019e-05	131933
-0.401732	0.000315215	1.7817e-05	0.000281032	2.40019e-05	136004
-0.4004	0.000313475	1.77248e-05	0.000281032	2.40019e-05	135575
-0.399067	0.000311754	1.76332e-05	0.000281032	2.40019e-05	131282
-0.397735	0.000310051	1.75422e-05	0.000281032	2.40019e-05	134608
-0.396402	0.000308366	1.74518e-05	0.000281032	2.40019e-05	136549
-0.39507	0.000306698	1.7362e-05	0.000281032	2.40019e-05	134633
-0.393738	0.000305048	1.72729e-05	0.000281032	2.40019e-05	134139
-0.392405	0.000303415	1.71844e-05	0.000281032	2.40019e-05	136720
-0.391073	0.0003018	1.70965e-05	0.000281032	2.40019e-05	136095
-0.38974	0.000300202	1.70092e-05	0.000281032	2.40019e-05	137487
-0.388408	0.000298622	1.69226e-05	0.000281032	2.40019e-05	135441
-0.387075	0.000297058	1.68367e-05	0.000281032	2.40019e-05	131453
-0.385743	0.000295511	1.67514e-05	0.000281032	2.40019e-05	140651
-0.38441	0.00029398	1.66667e-05	0.000281032	2.40019e-05	135757
-0.383078	0.000292467	1.65827e-05	0.000281032	2.40019e-05	132695
-0.381746	0.000290971	1.64994e-05	0.000281032	2.40019e-05	136854
-0.380413	0.000289491	1.64167e-05	0.000281032	2.40019e-05	138228
-0.379081	0.000288029	1.63348e-05	0.000281032	2.40019e-05	133537
-0.377748	0.000286582	1.62535e-05	0.000281032	2.40019e-05	137008
-0.376416	0.000285153	1.61729e-05	0.000281032	2.40019e-05	136084
-0.375083	0.00028374	1.6093e-05	0.000281032	2.40019e-05	135955
-0.373751	0.000282343	1.60138e-05	0.000281032	2.40019e-05	136974
-0.372418	0.000280963	1.59354e-05	0.000281032	2.40019e-05	136932
-0.371086	0.000279599	1.58576e-05	0.000281032	2.40019e-05	139129
-0.369753	0.000278252	1.57806e-05	0.000281032	2.40019e-05	135592
-0.368421	0.000276921	1.57043e-05	0.000281032	2.40019e-05	138831
-0.367089	0.000275607	1.56287e-05	0.000281032	2.40019e-05	135088
-0.365756	0.000274308	1.55539e-05	0.000281032	2.40019e-05	137116
-0.364424	0.000273025	1.54798e-05	0.000281032	2.40019e-05	140616
-0.363091	0.000271759	1.54064e-05	0.000281032	2.40019e-05	135122
-0.361759	0.000270509	1.53339e-05	0.000281032	2.40019e-05	134418
-0.360426	0.000269274	1.52621e-05	0.000281032	2.40019e-05	138395
-0.359094	0.000268055	1.5191e-05	0.000281032	2.40019e-05	136491
-0.357761	0.000266853	1.51208e-05	0.000281032	2.40019e-05	137336
-0.356429	0.000265664	1.50513e-05	0.000281032	2.40019e-05	136426
-0.355097	0.000264493	1.49827e-05	0.000281032	2.40019e-05	137331
-0.353764	0.000263337	1.49148e-05	0.000281032	2.40019e-05	133872
-0.352432	0.000262196	1.48477e-05	0.000281032	2.40019e-05	137241
-0.351099	0.000261069	1.47815e-05	0.000281032	2.40019e-05	137015
-0.349767	0.00025996	1.47161e-05	0.000281032	2.40019e-05	135125
-0.348434	0.000258863	1.46515e-05	0.000281032	2.40019e-05	137043
-0.347102	0.000257783	1.45877e-05	0.000281032	2.40019e-05	138005
-0.345769	0.000256718	1.45248e-05	0.000281032	2.40019e-05	135145
-0.344437	0.000255667	1.44627e-05	0.000281032	2.40019e-05	138890
-0.343105	0.000254631	1.44015e-05	0.000281032	2.40019e-05	134662
-0.341772	0.00025361	1.43411e-05	0.000281032	2.40019e-05	132611
-0.34044	0.000252603	1.42817e-05	0.000281032	2.40019e-05	139768
-0.339107	0.00025161	1.4223e-05	0.000281032	2.40019e-05	136342
-0.337775	0.000250632	1.41653e-05	0.000281032	2.40019e-05	134858
-0.336442	0.000249669	1.41084e-05	0.000281032	2.40019e-05	139098
-0.33511	0.000248719	1.40525e-05	0.000281032	2.40019e-05	138125
-0.333777	0.000247784	1.39974e-05	0.000281032	2.40019e-05	133721
-0.332445	0.000246862	1.39433e-05	0.000281032	2.40019e-05	137463
-0.331113	0.000245955	1.38901e-05	0.000281032	2.40019e-05	135594
-0.32978	0.000245061	1.38377e-05	0.000281032	2.40019e-05	132069
-0.328448	0.00024418	1.37864e-05	0.000281032	2.40019e-05	136372
-0.327115	0.000243313	1.37359e-05	0.000281032	2.40019e-05	141762
-0.325783	0.00024246	1.36864e-05	0.000281032	2.40019e-05	136035
-0.32445	0.00024162	1.36378e-05	0.000281032	2.40019e-05	137030
-0.323118	0.000240793	1.35902e-05	0.000281032	2.40019e-05	137151
-0.321785	0.000239979	1.35435e-05	0.000281032	2.40019e-05	134990
-0.320453	0.000239179	1.34978e-05	0.000281032	2.40019e-05	136227
-0.319121	0.000238391	1.34531e-05	0.000281032	2.40019e-05	134839
-0.317788	0.000237615	1.34093e-05	0.000281032	2.40019e-05	132644
-0.316456	0.000236853	1.33666e-05	0.000281032	2.40019e-05	135408
-0.315123	0.000236103	1.33248e-05	0.000281032	2.40019e-05	136034
-0.313791	0.000235367	1.3284e-05	0.000281032	2.40019e-05	132948
-0.312458	0.000234641	1.32442e-05	0.000281032	2.40019e-05	135072
-0.311126	0.000233929	1.32054e-05	0.000281032	2.40019e-05	134458
-0.309793	0.000233228	1.31676e-05	0.000281032	2.40019e-05	132068
-0.308461	0.00023254	1.31308e-05	0.000281032	2.40019e-05	136635
-0.307129	0.000231864	1.3095e-05	0.000281032	2.40019e-05	134809
-0.305796	0.000231199	1.30603e-05	0.000281032	2.40019e-05	133296
-0.304464	0.000230545	1.30265e-05	0.000281032	2.40019e-05	133021
-0.303131	0.000229904	1.29938e-05	0.000281032	2.40019e-05	134399
-0.301799	0.000229275	1.29622e-05	0.000281032	2.40019e-05	130795
-0.300466	0.000228657	1.29315e-05	0.000281032	2.40019e-05	134948
-0.299134	0.000228049	1.29019e-05	0.000281032	2.40019e-05	135344
-0.297801	0.000227454	1.28734e-05	0.000281032	2.40019e-05	132831
-0.296469	0.000226869	1.28459e-05	0.000281032	2.40019e-05	136713
-0.295137	0.000226295	1.28194e-05	0.000281032	2.40019e-05	136179
-0.293804	0.000225733	1.2794e-05	0.000281032	2.40019e-05	132467
-0.292472	0.000225181	1.27697e-05	0.000281032	2.40019e-05	136793
-0.291139	0.000224639	1.27464e-05	0.000281032	2.40019e-05	137026
-0.289807	0.000224108	1.27241e-05	0.000281032	2.40019e-05	133146
-0.288474	0.000223589	1.27029e-05	0.000281032	2.40019e-05	138276
-0.287142	0.000223079	1.26828e-05	0.000281032	2.40019e-05	135957
-0.285809	0.00022258	1.26637e-05	0.000281032	2.40019e-05	134770
-0.284477	0.00022209	1.26458e-05	0.000281032	2.40019e-05	135682
-0.283145	0.000221611	1.26288e-05	0.000281032	2.40019e-05	134724
-0.281812	0.000221142	1.2613e-05	0.000281032	2.40019e-05	135321
-0.28048	0.000220683	1.25982e-05	0.000281032	2.40019e-05	133057
-0.279147	0.000220234	1.25844e-05	0.000281032	2.40019e-05	136321
-0.277815	0.000219795	1.25718e-05	0.000281032	2.40019e-05	133502
-0.276482	0.000219364	1.25601e-05	0.000281032	2.40019e-05	135602
-0.27515	0.000218943	1.25496e-05	0.000281032	2.40019e-05	138376
-0.273817	0.000218533	1.25401e-05	0.000281032	2.40019e-05	132940
-0.272485	0.000218132	1.25317e-05	0.000281032	2.40019e-05	133635
-0.271153	0.000217741	1.25244e-05	0.000281032	2.40019e-05	136480
-0.26982	0.000217359	1.25181e-05	0.000281032	2.40019e-05	135259
-0.268488	0.000216985	1.25128e-05	0.000281032	2.40019e-05	139784
-0.267155	0.000216621	1.25086e-05	0.000281032	2.40019e-05	134884
-0.265823	0.000216267	1.25055e-05	0.000281032	2.40019e-05	135664
-0.26449	0.000215922	1.25034e-05	0.000281032	2.40019e-05	131450
-0.263158	0.000215586	1.25024e-05	0.000281032	2.40019e-05	136197
-0.261825	0.000215259	1.25024e-05	0.000281032	2.40019e-05	135207
-0.260493	0.00021494	1.25035e-05	0.000281032	2.40019e-05	134462
-0.259161	0.00021463	1.25056e-05	0.000281032	2.40019e-05	136230
-0.257828	0.000214329	1.25087e-05	0.000281032	2.40019e-05	135443
-0.256496	0.000214038	1.25128e-05	0.000281032	2.40019e-05	133707
-0.255163	0.000213755	1.2518e-05	0.000281032	2.40019e-05	135488
-0.253831	0.000213481	1.25242e-05	0.000281032	2.40019e-05	133725
-0.252498	0.000213215	1.25314e-05	0.000281032	2.40019e-05	132871
-0.251166	0.000212958	1.25397e-05	0.000281032	2.40019e-05	133839
-0.249833	0.00021271	1.25489e-05	0.000281032	2.40019e-05	134002
-0.248501	0.00021247	1.25591e-05	0.000281032	2.40019e-05	135693
-0.247169	0.00021224	1.25703e-05	0.000281032	2.40019e-05	134550
-0.245836	0.000212017	1.25825e-05	0.000281032	2.40019e-05	133825
-0.244504	0.000211802	1.25957e-05	0.000281032	2.40019e-05	132259
-0.243171	0.000211595	1.26099e-05	0.000281032	2.40019e-05	134382
-0.241839	0.000211397	1.2625e-05	0.000281032	2.40019e-05	133563
-0.240506	0.000211208	1.26411e-05	0.000281032	2.40019e-05	133652
-0.239174	0.000211027	1.26582e-05	0.000281032	2.40019e-05	134281
-0.237841	0.000210854	1.26762e-05	0.000281032	2.40019e-05	134341
-0.236509	0.000210689	1.26952e-05	0.000281032	2.40019e-05	136525
-0.235177	0.000210531	1.2715e-05	0.000281032	2.40019e-05	134300
-0.233844	0.000210383	1.27359e-05	0.000281032	2.40019e-05	136699
-0.232512	0.000210242	1.27576e-05	0.000281032	2.40019e-05	133554
-0.231179	0.000210109	1.27802e-05	0.000281032	2.40019e-05	136867
-0.229847	0.000209985	1.28038e-05	0.000281032	2.40019e-05	135035
-0.228514	0.000209867	1.28282e-05	0.000281032	2.40019e-05	135805
-0.227182	0.000209758	1.28536e-05	0.000281032	2.40019e-05	136597
-0.225849	0.000209656	1.28798e-05	0.000281032	2.40019e-05	134837
-0.224517	0.000209563	1.29069e-05	0.000281032	2.40019e-05	135907
-0.223185	0.000209478	1.29348e-05	0.000281032	2.40019e-05	134257
-0.221852	0.0002094	1.29636e-05	0.000281032	2.40019e-05	134138
-0.22052	0.00020933	1.29933e-05	0.000281032	2.40019e-05	133808
-0.219187	0.000209267	1.30238e-05	0.000281032	2.40019e-05	134352
-0.217855	0.000209212	1.30551e-05	0.000281032	2.40019e-05	133454
-0.216522	0.000209164	1.30873e-05	0.000281032	2.40019e-05	133129
-0.21519	0.000209125	1.31202e-05	0.000281032	2.40019e-05	132866
-0.213857	0.000209093	1.3154e-05	0.000281032	2.40019e-05	132374
-0.212525	0.000209068	1.31885e-05	0.000281032	2.40019e-05	136487
-0.211193	0.00020905	1.32239e-05	0.000281032	2.40019e-05	134878
-0.20986	0.000209039	1.326e-05	0.000281032	2.40019e-05	135000
-0.208528	0.000209037	1.32969e-05	0.000281032	2.40019e-05	134775
-0.207195	0.000209042	1.33345e-05	0.000281032	2.40019e-05	134909
-0.205863	0.000209055	1.33729e-05	0.000281032	2.40019e-05	132985
-0.20453	0.000209075	1.34121e-05	0.000281032	2.40019e-05	135400
-0.203198	0.000209101	1.3452e-05	0.000281032	2.40019e-05	134464
-0.201865	0.000209134	1.34926e-05	0.000281032	2.40019e-05	133405
-0.200533	0.000209175	1.35339e-05	0.000281032	2.40019e-05	136988
-0.199201	0.000209224	1.35759e-05	0.000281032	2.40019e-05	134858
-0.197868	0.00020928	1.36186e-05	0.000281032	2.40019e-05	134096
-0.196536	0.000209343	1.3662e-05	0.000281032	2.40019e-05	137847
-0.195203	0.000209413	1.37061e-05	0.000281032	2.40019e-05	137606
-0.193871	0.000209488	1.37508e-05	0.000281032	2.40019e-05	134283
-0.192538	0.000209571	1.37962e-05	0.000281032	2.40019e-05	138192
-0.191206	0.000209662	1.38423e-05	0.000281032	2.40019e-05	135025
-0.189873	0.00020976	1.3889e-05	0.000281032	2.40019e-05	138990
-0.188541	0.000209866	1.39363e-05	0.000281032	2.40019e-05	138776
-0.187209	0.000209978	1.39843e-05	0.000281032	2.40019e-05	139380
-0.185876	0.000210095	1.40329e-05	0.000281032	2.40019e-05	134662
-0.184544	0.00021022	1.40821e-05	0.000281032	2.40019e-05	135661
-0.183211	0.000210351	1.41318e-05	0.000281032	2.40019e-05	134355
-0.181879	0.000210491	1.41822e-05	0.000281032	2.40019e-05	134334
-0.180546	0.000210637	1.42332e-05	0.000281032	2.40019e-05	135721
-0.179214	0.00021079	1.42847e-05	0.000281032	2.40019e-05	136491
-0.177881	0.000210949	1.43368e-05	0.000281032	2.40019e-05	135014
-0.176549	0.000211113	1.43895e-05	0.000281032	2.40019e-05	135182
-0.175217	0.000211285	1.44427e-05	0.000281032	2.40019e-05	134813
-0.173884	0.000211464	1.44964e-05	0.000281032	2.40019e-05	131850
-0.172552	0.000211652	1.45507e-05	0.000281032	2.40019e-05	139752
-0.171219	0.000211845	1.46055e-05	0.000281032	2.40019e-05	137262
-0.169887	0.000212042	1.46608e-05	0.000281032	2.40019e-05	133068
-0.168554	0.000212247	1.47167e-05	0.000281032	2.40019e-05	136516
-0.167222	0.000212459	1.4773e-05	0.000281032	2.40019e-05	136539
-0.165889	0.000212677	1.48298e-05	0.000281032	2.40019e-05	137209
-0.164557	0.000212902	1.48872e-05	0.000281032	2.40019e-05	135071
-0.163225	0.000213134	1.49449e-05	0.000281032	2.40019e-05	135016
-0.161892	0.000213372	1.50032e-05	0.000281032	2.40019e-05	132896
-0.16056	0.000213615	1.50619e-05	0.000281032	2.40019e-05	133850
-0.159227	0.000213863	1.51211e-05	0.000281032	2.40019e-05	134838
-0.157895	0.00021412	1.51807e-05	0.000281032	2.40019e-05	132104
-0.156562	0.000214384	1.52408e-05	0.000281032	2.40019e-05	137423
-0.15523	0.000214654	1.53013e-05	0.000281032	2.40019e-05	134679
-0.153897	0.00021493	1.53623e-05	0.000281032	2.40019e-05	130918
-0.152565	0.00021521	1.54236e-05	0.000281032	2.40019e-05	136722
-0.151233	0.000215499	1.54854e-05	0.000281032	2.40019e-05	136584
-0.1499	0.000215793	1.55476e-05	0.000281032	2.40019e-05	133729
-0.148568	0.000216092	1.56101e-05	0.000281032	2.40019e-05	135565
-0.147235	0.0002164	1.56731e-05	0.000281032	2.40019e-05	134386
-0.145903	0.000216713	1.57365e-05	0.000281032	2.40019e-05	131238
-0.14457	0.000217031	1.58002e-05	0.000281032	2.40019e-05	134792
-0.143238	0.000217353	1.58643e-05	0.000281032	2.40019e-05	136154
-0.141905	0.000217683	1.59288e-05	0.000281032	2.40019e-05	132739
-0.140573	0.000218022	1.59936e-05	0.000281032	2.40019e-05	135091
-0.139241	0.000218366	1.60588e-05	0.000281032	2.40019e-05	133399
-0.137908	0.000218714	1.61244e-05	0.000281032	2.40019e-05	132440
-0.136576	0.000219068	1.61903e-05	0.000281032	2.40019e-05	133702
-0.135243	0.000219429	1.62565e-05	0.000281032	2.40019e-05	133549
-0.133911	0.000219795	1.63231e-05	0.000281032	2.40019e-05	132294
-0.132578	0.000220167	1.639e-05	0.000281032	2.40019e-05	135896
-0.131246	0.000220547	1.64572e-05	0.000281032	2.40019e-05	138061
-0.129913	0.000220932	1.65247e-05	0.000281032	2.40019e-05	134097
-0.128581	0.000221321	1.65926e-05	0.000281032	2.40019e-05	135622
-0.127249	0.000221715	1.66607e-05	0.000281032	2.40019e-05	133263
-0.125916	0.000222117	1.67292e-05	0.000281032	2.40019e-05	132874
-0.124584	0.000222526	1.67979e-05	0.000281032	2.40019e-05	133816
-0.123251	0.000222939	1.68669e-05	0.000281032	2.40019e-05	134574
-0.121919	0.000223358	1.69362e-05	0.000281032	2.40019e-05	133450
-0.120586	0.000223783	1.70058e-05	0.000281032	2.40019e-05	134697
-0.119254	0.000224214	1.70757e-05	0.000281032	2.40019e-05	133887
-0.117921	0.00022465	1.71458e-05	0.000281032	2.40019e-05	134100
-0.116589	0.000225093	1.72162e-05	0.000281032	2.40019e-05	140461
-0.115256	0.00022554	1.72869e-05	0.000281032	2.40019e-05	136408
-0.113924	0.000225994	1.73578e-05	0.000281032	2.40019e-05	134439
-0.112592	0.000226453	1.7429e-05	0.000281032	2.40019e-05	135005
-0.111259	0.000226918	1.75004e-05	0.000281032	2.40019e-05	137424
-0.109927	0.000227388	1.7572e-05	0.000281032	2.40019e-05	134481
-0.108594	0.000227864	1.76439e-05	0.000281032	2.40019e-05	137763
-0.107262	0.000228346	1.77161e-05	0.000281032	2.40019e-05	138710
-0.105929	0.000228834	1.77884e-05	0.000281032	2.40019e-05	133013
-0.104597	0.000229327	1.7861e-05	0.000281032	2.40019e-05	135107
-0.103264	0.000229825	1.79338e-05	0.000281032	2.40019e-05	136409
-0.101932	0.000230328	1.80068e-05	0.000281032	2.40019e-05	134122
-0.1006	0.000230836	1.808e-05	0.000281032	2.40019e-05	137144
-0.0992672	0.000231349	1.81535e-05	0.000281032	2.40019e-05	136583
-0.0979347	0.000231868	1.82271e-05	0.000281032	2.40019e-05	135222
-0.0966023	0.000232392	1.8301e-05	0.000281032	2.40019e-05	137155
-0.0952698	0.000232919	1.8375e-05	0.000281032	2.40019e-05	136512
-0.0939374	0.000233451	1.84493e-05	0.000281032	2.40019e-05	134082
-0.0926049	0.000233989	1.85237e-05	0.000281032	2.40019e-05	136756
-0.0912725	0.000234532	1.85983e-05	0.000281032	2.40019e-05	135372
-0.08994	0.000235078	1.86731e-05	0.000281032	2.40019e-05	133789
-0.0886076	0.000235629	1.87481e-05	0.000281032	2.40019e-05	137098
-0.0872751	0.000236185	1.88232e-05	0.000281032	2.40019e-05	135542
-0.0859427	0.000236746	1.88986e-05	0.000281032	2.40019e-05	133280
-0.0846103	0.000237311	1.89741e-05	0.000281032	2.40019e-05	136562
-0.0832778	0.00023788	1.90497e-05	0.000281032	2.40019e-05	134810
-0.0819454	0.000238453	1.91256e-05	0.000281032	2.40019e-05	132625
-0.0806129	0.000239031	1.92015e-05	0.000281032	2.40019e-05	136126
-0.0792805	0.000239614	1.92777e-05	0.000281032	2.40019e-05	135861
-0.077948	0.000240201	1.9354e-05	0.000281032	2.40019e-05	133234
-0.0766156	0.000240791	1.94304e-05	0.000281032	2.40019e-05	136929
-0.0752831	0.000241387	1.9507e-05	0.000281032	2.40019e-05	135132
-0.0739507	0.000241987	1.95838e-05	0.000281032	2.40019e-05	133433
-0.0726183	0.000242591	1.96607e-05	0.000281032	2.40019e-05	137726
-0.0712858	0.000243199	1.97377e-05	0.000281032	2.40019e-05	135536
-0.0699534	0.00024381	1.98149e-05	0.000281032	2.40019e-05	132703
-0.0686209	0.000244425	1.98922e-05	0.000281032	2.40019e-05	134705
-0.0672885	0.000245046	1.99696e-05	0.000281032	2.40019e-05	139944
-0.065956	0.000245671	2.00471e-05	0.000281032	2.40019e-05	133350
-0.0646236	0.000246299	2.01248e-05	0.000281032	2.40019e-05	137684
-0.0632911	0.000246932	2.02026e-05	0.000281032	2.40019e-05	135185
-0.0619587	0.000247567	2.02806e-05	0.000281032	2.40019e-05	134703
-0.0606262	0.000248207	2.03586e-05	0.000281032	2.40019e-05	133869
-0.0592938	0.000248851	2.04368e-05	0.000281032	2.40019e-05	136221
-0.0579614	0.000249498	2.05151e-05	0.000281032	2.40019e-05	135171
-0.0566289	0.00025015	2.05935e-05	0.000281032	2.40019e-05	134398
-0.0552965	0.000250806	2.0672e-05	0.000281032	2.40019e-05	135874
-0.053964	0.000251466	2.07506e-05	0.000281032	2.40019e-05	135933
-0.0526316	0.000252128	2.08293e-05	0.000281032	2.40019e-05	137935
-0.0512991	0.000252794	2.09081e-05	0.000281032	2.40019e-05	138549
-0.0499667	0.000253464	2.0987e-05	0.000281032	2.40019e-05	136078
-0.0486342	0.000254138	2.10661e-05	0.000281032	2.40019e-05	135476
-0.0473018	0.000254816	2.11452e-05	0.000281032	2.40019e-05	136567
-0.0459694	0.000255498	2.12244e-05	0.000281032	2.40019e-05	135460
-0.0446369	0.000256183	2.13037e-05	0.000281032	2.40019e-05	136436
-0.0433045	0.000256871	2.13831e-05	0.000281032	2.40019e-05	135701
-0.041972	0.000257562	2.14626e-05	0.000281032	2.40019e-05	137114
-0.0406396	0.000258257	2.15421e-05	0.000281032	2.40019e-05	136019
-0.0393071	0.000258956	2.16218e-05	0.000281032	2.40019e-05	136839
-0.0379747	0.000259659	2.17015e-05	0.000281032	2.40019e-05	135764
-0.0366422	0.000260365	2.17814e-05	0.000281032	2.40019e-05	134950
-0.0353098	0.000261074	2.18613e-05	0.000281032	2.40019e-05	136044
-0.0339773	0.000261786	2.19412e-05	0.000281032	2.40019e-05	137263
-0.0326449	0.000262503	2.20213e-05	0.000281032	2.40019e-05	137609
-0.0313125	0.000263222	2.21014e-05	0.000281032	2.40019e-05	137738
-0.02998	0.000263944	2.21816e-05	0.000281032	2.40019e-05	135789
-0.0286476	0.00026467	2.22619e-05	0.000281032	2.40019e-05	135091
-0.0273151	0.000265399	2.23422e-05	0.000281032	2.40019e-05	136916
-0.0259827	0.000266131	2.24226e-05	0.000281032	2.40019e-05	137148
-0.0246502	0.000266867	2.25031e-05	0.000281032	2.40019e-05	134404
-0.0233178	0.000267607	2.25836e-05	0.000281032	2.40019e-05	137181
-0.0219853	0.000268349	2.26642e-05	0.000281032	2.40019e-05	137128
-0.0206529	0.000269093	2.27449e-05	0.000281032	2.40019e-05	134421
-0.0193205	0.000269841	2.28256e-05	0.000281032	2.40019e-05	136731
-0.017988	0.000270593	2.29064e-05	0.000281032	2.40019e-05	137056
-0.0166556	0.000271347	2.29872e-05	0.000281032	2.40019e-05	134887
-0.0153231	0.000272105	2.30681e-05	0.000281032	2.40019e-05	137229
-0.0139907	0.000272866	2.31491e-05	0.000281032	2.40019e-05	139918
-0.0126582	0.00027363	2.323e-05	0.000281032	2.40019e-05	136019
-0.0113258	0.000274396	2.33111e-05	0.000281032	2.40019e-05	138224
-0.00999334	0.000275166	2.33922e-05	0.000281032	2.40019e-05	137783
-0.00866089	0.000275938	2.34733e-05	0.000281032	2.40019e-05	133065
-0.00732845	0.000276714	2.35545e-05	0.000281032	2.40019e-05	137218
-0.005996	0.000277492	2.36358e-05	0.000281032	2.40019e-05	134690
-0.00466356	0.000278274	2.37171e-05	0.000281032	2.40019e-05	133809
-0.00333111	0.000279058	2.37984e-05	0.000281032	2.40019e-05	137773
-0.00199867	0.000279846	2.38798e-05	0.000281032	2.40019e-05	137551
-0.000666223	0.000280636	2.39612e-05	0.000281032	2.40019e-05	136170
0.000666223	0.000281429	2.40427e-05	0.000281032	2.40019e-05	136347
0.00199867	0.000282226	2.41244e-05	0.000281032	2.40019e-05	137152
0.00333111	0.000283029	2.42063e-05	0.000281032	2.40019e-05	136105
0.00466356	0.000283837	2.42886e-05	0.000281032	2.40019e-05	134504
0.005996	0.00028465	2.43711e-05	0.000281032	2.40019e-05	135863
0.00732845	0.000285468	2.44538e-05	0.000281032	2.40019e-05	133627
0.00866089	0.00028629	2.45368e-05	0.000281032	2.40019e-05	136532
0.00999334	0.000287117	2.462e-05	0.000281032	2.40019e-05	135866
0.0113258	0.00028795	2.47035e-05	0.000281032	2.40019e-05	133565
0.0126582	0.000288788	2.47873e-05	0.000281032	2.40019e-05	137132
0.0139907	0.000289631	2.48713e-05	0.000281032	2.40019e-05	136345
0.0153231	0.000290479	2.49556e-05	0.000281032	2.40019e-05	133986
0.0166556	0.000291333	2.50402e-05	0.000281032	2.40019e-05	137391
0.017988	0.000292191	2.51249e-05	0.000281032	2.40019e-05	137072
0.0193205	0.000293054	2.521e-05	0.000281032	2.40019e-05	133311
0.0206529	0.000293922	2.52953e-05	0.000281032	2.40019e-05	138679
0.0219853	0.000294795	2.53809e-05	0.000281032	2.40019e-05	138336
0.0233178	0.000295674	2.54667e-05	0.000281032	2.40019e-05	134323
0.0246502	0.000296558	2.55528e-05	0.000281032	2.40019e-05	139179
0.0259827	0.000297447	2.56391e-05	0.000281032	2.40019e-05	137713
0.0273151	0.000298342	2.57257e-05	0.000281032	2.40019e-05	136161
0.0286476	0.000299241	2.58126e-05	0.000281032	2.40019e-05	134931
0.02998	0.000300145	2.58997e-05	0.000281032	2.40019e-05	137248
0.0313125	0.000301056	2.59871e-05	0.000281032	2.40019e-05	132971
0.0326449	0.000301971	2.60747e-05	0.000281032	2.40019e-05	137222
0.0339773	0.000302891	2.61626e-05	0.000281032	2.40019e-05	137842
0.0353098	0.000303818	2.62508e-05	0.000281032	2.40019e-05	135345
0.0366422	0.000304749	2.63392e-05	0.000281032	2.40019e-05	138717
0.0379747	0.000305685	2.64279e-05	0.000281032	2.40019e-05	142571
0.0393071	0.000306627	2.65168e-05	0.000281032	2.40019e-05	138402
0.0406396	0.000307574	2.6606e-05	0.000281032	2.40019e-05	137785
0.041972	0.000308527	2.66955e-05	0.000281032	2.40019e-05	137812
0.0433045	0.000309485	2.67852e-05	0.000281032	2.40019e-05	138092
0.0446369	0.000310449	2.68752e-05	0.000281032	2.40019e-05	141034
0.0459694	0.000311418	2.69654e-05	0.000281032	2.40019e-05	137849
0.0473018	0.000312393	2.70559e-05	0.000281032	2.40019e-05	136535
0.0486342	0.000313373	2.71467e-05	0.000281032	2.40019e-05	134051
0.0499667	0.000314359	2.72377e-05	0.000281032	2.40019e-05	135981
0.0512991	0.00031535	2.7329e-05	0.000281032	2.40019e-05	138366
0.0526316	0.000316348	2.74206e-05	0.000281032	2.40019e-05	134642
0.053964	0.000317351	2.75124e-05	0.000281032	2.40019e-05	138147
0.0552965	0.000318359	2.76045e-05	0.000281032	2.40019e-05	135941
0.0566289	0.000319373	2.76968e-05	0.000281032	2.40019e-05	134946
0.0579614	0.000320393	2.77894e-05	0.000281032	2.40019e-05	134983
0.0592938	0.000321419	2.78823e-05	0.000281032	2.40019e-05	138272
0.0606262	0.00032245	2.79754e-05	0.000281032	2.40019e-05	135082
0.0619587	0.000323488	2.80688e-05	0.000281032	2.40019e-05	137509
0.0632911	0.000324531	2.81625e-05	0.000281032	2.40019e-05	141270
0.0646236	0.00032558	2.82564e-05	0.000281032	2.40019e-05	135528
0.065956	0.000326634	2.83506e-05	0.000281032	2.40019e-05	138291
0.0672885	0.000327695	2.84451e-05	0.000281032	2.40019e-05	138881
0.0686209	0.000328761	2.85398e-05	0.000281032	2.40019e-05	138789
0.0699534	0.000329834	2.86348e-05	0.000281032	2.40019e-05	137289
0.0712858	0.000330912	2.873e-05	0.000281032	2.40019e-05	135735
0.0726183	0.000331997	2.88256e-05	0.000281032	2.40019e-05	136378
0.0739507	0.000333087	2.89214e-05	0.000281032	2.40019e-05	135829
0.0752831	0.000334183	2.90174e-05	0.000281032	2.40019e-05	136910
0.0766156	0.000335285	2.91138e-05	0.000281032	2.40019e-05	138321
0.077948	0.000336393	2.92104e-05	0.000281032	2.40019e-05	136204
0.0792805	0.000337507	2.93073e-05	0.000281032	2.40019e-05	136544
0.0806129	0.000338627	2.94044e-05	0.000281032	2.40019e-05	138529
0.0819454	0.000339754	2.95018e-05	0.000281032	2.40019e-05	134234
0.0832778	0.000340887	2.95995e-05	0.000281032	2.40019e-05	139914
0.0846103	0.000342025	2.96975e-05	0.000281032	2.40019e-05	137665
0.0859427	0.00034317	2.97957e-05	0.000281032	2.40019e-05	133476
0.0872751	0.00034432	2.98942e-05	0.000281032	2.40019e-05	133915
0.0886076	0.000345477	2.9993e-05	0.000281032	2.40019e-05	134527
0.08994	0.000346641	3.0092e-05	0.000281032	2.40019e-05	132344
0.0912725	0.00034781	3.01914e-05	0.000281032	2.40019e-05	135232
0.0926049	0.000348986	3.02909e-05	0.000281032	2.40019e-05	134173
0.0939374	0.000350168	3.03908e-05	0.000281032	2.40019e-05	135652
0.0952698	0.000351355	3.0491e-05	0.000281032	2.40019e-05	133315
0.0966023	0.00035255	3.05914e-05	0.000281032	2.40019e-05	133959
0.0979347	0.000353751	3.06921e-05	0.000281032	2.40019e-05	130596
0.0992672	0.000354958	3.07931e-05	0.000281032	2.40019e-05	134876
0.1006	0.000356171	3.08943e-05	0.000281032	2.40019e-05	134461
0.101932	0.00035739	3.09958e-05	0.000281032	2.40019e-05	133797
0.103264	0.000358615	3.10976e-05	0.000281032	2.40019e-05	136293
0.104597	0.000359847	3.11997e-05	0.000281032	2.40019e-05	132553
0.105929	0.000361085	3.13021e-05	0.000281032	2.40019e-05	134306
0.107262	0.000362329	3.14047e-05	0.000281032	2.40019e-05	134103
0.108594	0.00036358	3.15077e-05	0.000281032	2.40019e-05	134138
0.109927	0.000364836	3.16109e-05	0.000281032	2.40019e-05	133295
0.111259	0.000366099	3.17144e-05	0.000281032	2.40019e-05	134164
0.112592	0.000367369	3.18181e-05	0.000281032	2.40019e-05	132648
0.113924	0.000368644	3.19222e-05	0.000281032	2.40019e-05	134224
0.115256	0.000369926	3.20265e-05	0.000281032	2.40019e-05	134899
0.116589	0.000371214	3.21311e-05	0.000281032	2.40019e-05	132047
0.117921	0.000372508	3.2236e-05	0.000281032	2.40019e-05	133552
0.119254	0.000373808	3.23412e-05	0.000281032	2.40019e-05	134973
0.120586	0.000375114	3.24467e-05	0.000281032	2.40019e-05	132064
0.121919	0.000376426	3.25525e-05	0.000281032	2.40019e-05	135243
0.123251	0.000377745	3.26585e-05	0.000281032	2.40019e-05	134253
0.124584	0.00037907	3.27648e-05	0.000281032	2.40019e-05	133236
0.125916	0.0003804	3.28715e-05	0.000281032	2.40019e-05	133069
0.127249	0.000381737	3.29784e-05	0.000281032	2.40019e-05	135016
0.128581	0.000383079	3.30856e-05	0.000281032	2.40019e-05	131593
0.129913	0.000384428	3.3193e-05	0.000281032	2.40019e-05	135508
0.131246	0.000385783	3.33008e-05	0.000281032	2.40019e-05	134817
0.132578	0.000387143	3.34089e-05	0.000281032	2.40019e-05	131629
0.133911	0.00038851	3.35173e-05	0.000281032	2.40019e-05	136668
0.135243	0.000389883	3.36259e-05	0.000281032	2.40019e-05	135005
0.136576	0.000391261	3.37349e-05	0.000281032	2.40019e-05	134132
0.137908	0.000392645	3.38441e-05	0.000281032	2.40019e-05	135022
0.139241	0.000394035	3.39536e-05	0.000281032	2.40019e-05	135004
0.140573	0.000395431	3.40635e-05	0.000281032	2.40019e-05	132653
0.141905	0.000396833	3.41736e-05	0.000281032	2.40019e-05	137637
0.143238	0.000398241	3.4284e-05	0.000281032	2.40019e-05	135736
0.14457	0.000399654	3.43948e-05	0.000281032	2.40019e-05	133104
0.145903	0.000401074	3.45058e-05	0.000281032	2.40019e-05	135256
0.147235	0.000402499	3.46171e-05	0.000281032	2.40019e-05	135739
0.148568	0.00040393	3.47287e-05	0.000281032	2.40019e-05	134744
0.1499	0.000405366	3.48406e-05	0.000281032	2.40019e-05	135888
0.151233	0.000406809	3.49529e-05	0.000281032	2.40019e-05	136234
0.152565	0.000408257	3.50654e-05	0.000281032	2.40019e-05	133730
0.153897	0.000409711	3.51782e-05	0.000281032	2.40019e-05	137469
0.15523	0.00041117	3.52913e-05	0.000281032	2.40019e-05	135941
0.156562	0.000412636	3.54048e-05	0.000281032	2.40019e-05	132995
0.157895	0.000414106	3.55185e-05	0.000281032	2.40019e-05	135401
0.159227	0.000415583	3.56326e-05	0.000281032	2.40019e-05	136551
0.16056	0.000417065	3.57469e-05	0.000281032	2.40019e-05	133841
0.161892	0.000418553	3.58616e-05	0.000281032	2.40019e-05	136396
0.163225	0.000420046	3.59765e-05	0.000281032	2.40019e-05	136214
0.164557	0.000421545	3.60918e-05	0.000281032	2.40019e-05	133779
0.165889	0.000423049	3.62074e-05	0.000281032	2.40019e-05	133063
0.167222	0.000424559	3.63233e-05	0.000281032	2.40019e-05	134463
0.168554	0.000426075	3.64395e-05	0.000281032	2.40019e-05	132587
0.169887	0.000427596	3.6556e-05	0.000281032	2.40019e-05	133072
0.171219	0.000429122	3.66729e-05	0.000281032	2.40019e-05	134097
0.172552	0.000430654	3.679e-05	0.000281032	2.40019e-05	132354
0.173884	0.000432191	3.69075e-05	0.000281032	2.40019e-05	134071
0.175217	0.000433734	3.70253e-05	0.000281032	2.40019e-05	133988
0.176549	0.000435282	3.71434e-05	0.000281032	2.40019e-05	133503
0.177881	0.000436835	3.72618e-05	0.000281032	2.40019e-05	134441
0.179214	0.000438394	3.73805e-05	0.000281032	2.40019e-05	134251
0.180546	0.000439959	3.74996e-05	0.000281032	2.40019e-05	131212
0.181879	0.000441529	3.76189e-05	0.000281032	2.40019e-05	136114
0.183211	0.000443104	3.77386e-05	0.000281032	2.40019e-05	133672
0.184544	0.000444685	3.78587e-05	0.000281032	2.40019e-05	131785
0.185876	0.000446271	3.7979e-05	0.000281032	2.40019e-05	134361
0.187209	0.000447862	3.80997e-05	0.000281032	2.40019e-05	132611
0.188541	0.000449459	3.82207e-05	0.000281032	2.40019e-05	132141
0.189873	0.000451062	3.8342e-05	0.000281032	2.40019e-05	134777
0.191206	0.00045267	3.84636e-05	0.000281032	2.40019e-05	136450
0.192538	0.000454283	3.85856e-05	0.000281032	2.40019e-05	132047
0.193871	0.000455901	3.87079e-05	0.000281032	2.40019e-05	134618
0.195203	0.000457525	3.88305e-05	0.000281032	2.40019e-05	134307
0.196536	0.000459155	3.89535e-05	0.000281032	2.40019e-05	135377
0.197868	0.00046079	3.90768e-05	0.000281032	2.40019e-05	134765
0.199201	0.00046243	3.92004e-05	0.000281032	2.40019e-05	134392
0.200533	0.000464076	3.93244e-05	0.000281032	2.40019e-05	131951
0.201865	0.000465727	3.94487e-05	0.000281032	2.40019e-05	136671
0.203198	0.000467383	3.95733e-05	0.000281032	2.40019e-05	132738
0.20453	0.000469045	3.96983e-05	0.000281032	2.40019e-05	133463
0.205863	0.000470713	3.98236e-05	0.000281032	2.40019e-05	135221
0.207195	0.000472386	3.99493e-05	0.000281032	2.40019e-05	133352
0.208528	0.000474064	4.00753e-05	0.000281032	2.40019e-05	132344
0.20986	0.000475748	4.02016e-05	0.000281032	2.40019e-05	133765
0.211193	0.000477437	4.03283e-05	0.000281032	2.40019e-05	132673
0.212525	0.000479132	4.04553e-05	0.000281032	2.40019e-05	134082
0.213857	0.000480832	4.05827e-05	0.000281032	2.40019e-05	137618
0.21519	0.000482538	4.07104e-05	0.000281032	2.40019e-05	134220
0.216522	0.000484249	4.08384e-05	0.000281032	2.40019e-05	132754
0.217855	0.000485966	4.09668e-05	0.000281032	2.40019e-05	134897
0.219187	0.000487688	4.10956e-05	0.000281032	2.40019e-05	131375
0.22052	0.000489416	4.12247e-05	0.000281032	2.40019e-05	135988
0.221852	0.00049115	4.13542e-05	0.000281032	2.40019e-05	134995
0.223185	0.000492889	4.1484e-05	0.000281032	2.40019e-05	131887
0.224517	0.000494634	4.16141e-05	0.000281032	2.40019e-05	134811
0.225849	0.000496385	4.17447e-05	0.000281032	2.40019e-05	132990
0.227182	0.000498141	4.18755e-05	0.000281032	2.40019e-05	131323
0.228514	0.000499903	4.20068e-05	0.000281032	2.40019e-05	134222
0.229847	0.00050167	4.21384e-05	0.000281032	2.40019e-05	134692
0.231179	0.000503444	4.22703e-05	0.000281032	2.40019e-05	132277
0.232512	0.000505223	4.24026e-05	0.000281032	2.40019e-05	135175
0.233844	0.000507008	4.25353e-05	0.000281032	2.40019e-05	135420
0.235177	0.000508798	4.26683e-05	0.000281032	2.40019e-05	133457
0.236509	0.000510595	4.28018e-05	0.000281032	2.40019e-05	133561
0.237841	0.000512397	4.29355e-05	0.000281032	2.40019e-05	134786
0.239174	0.000514205	4.30697e-05	0.000281032	2.40019e-05	135778
0.240506	0.000516019	4.32042e-05	0.000281032	2.40019e-05	136119
0.241839	0.000517839	4.33391e-05	0.000281032	2.40019e-05	134958
0.243171	0.000519665	4.34743e-05	0.000281032	2.40019e-05	133354
0.244504	0.000521496	4.36099e-05	0.000281032	2.40019e-05	135279
0.245836	0.000523334	4.37459e-05	0.000281032	2.40019e-05	136218
0.247169	0.000525177	4.38823e-05	0.000281032	2.40019e-05	131996
0.248501	0.000527027	4.4019e-05	0.000281032	2.40019e-05	137060
0.249833	0.000528882	4.41562e-05	0.000281032	2.40019e-05	132863
0.251166	0.000530744	4.42937e-05	0.000281032	2.40019e-05	133091
0.252498	0.000532612	4.44316e-05	0.000281032	2.40019e-05	135366
0.253831	0.000534485	4.45698e-05	0.000281032	2.40019e-05	134709
0.255163	0.000536365	4.47085e-05	0.000281032	2.40019e-05	132847
0.256496	0.00053825	4.48475e-05	0.000281032	2.40019e-05	135127
0.257828	0.000540142	4.49869e-05	0.000281032	2.40019e-05	134441
0.259161	0.000542041	4.51267e-05	0.000281032	2.40019e-05	131513
0.260493	0.000543945	4.52669e-05	0.000281032	2.40019e-05	135836
0.261825	0.000545855	4.54075e-05	0.000281032	2.40019e-05	134648
0.263158	0.000547772	4.55485e-05	0.000281032	2.40019e-05	133266
0.26449	0.000549695	4.56899e-05	0.000281032	2.40019e-05	135869
0.265823	0.000551624	4.58316e-05	0.000281032	2.40019e-05	133950
0.267155	0.00055356	4.59738e-05	0.000281032	2.40019e-05	132645
0.268488	0.000555501	4.61164e-05	0.000281032	2.40019e-05	133620
0.26982	0.000557449	4.62593e-05	0.000281032	2.40019e-05	131963
0.271153	0.000559404	4.64027e-05	0.000281032	2.40019e-05	131565
0.272485	0.000561365	4.65465e-05	0.000281032	2.40019e-05	134442
0.273817	0.000563332	4.66906e-05	0.000281032	2.40019e-05	132929
0.27515	0.000565306	4.68352e-05	0.000281032	2.40019e-05	132741
0.276482	0.000567286	4.69802e-05	0.000281032	2.40019e-05	133948
0.277815	0.000569272	4.71256e-05	0.000281032	2.40019e-05	133313
0.279147	0.000571265	4.72714e-05	0.000281032	2.40019e-05	132356
0.28048	0.000573265	4.74176e-05	0.000281032	2.40019e-05	136215
0.281812	0.000575271	4.75642e-05	0.000281032	2.40019e-05	133687
0.283145	0.000577284	4.77112e-05	0.000281032	2.40019e-05	133813
0.284477	0.000579303	4.78587e-05	0.000281032	2.40019e-05	134681
0.285809	0.000581329	4.80065e-05	0.000281032	2.40019e-05	132928
0.287142	0.000583361	4.81548e-05	0.000281032	2.40019e-05	131279
0.288474	0.0005854	4.83035e-05	0.000281032	2.40019e-05	134966
0.289807	0.000587447	4.84527e-05	0.000281032	2.40019e-05	131759
0.291139	0.000589499	4.86022e-05	0.000281032	2.40019e-05	134534
0.292472	0.000591558	4.87522e-05	0.000281032	2.40019e-05	134814
0.293804	0.000593625	4.89026e-05	0.000281032	2.40019e-05	132810
0.295137	0.000595698	4.90535e-05	0.000281032	2.40019e-05	132943
0.296469	0.000597777	4.92047e-05	0.000281032	2.40019e-05	134401
0.297801	0.000599864	4.93564e-05	0.000281032	2.40019e-05	134264
0.299134	0.000601958	4.95086e-05	0.000281032	2.40019e-05	132872
0.300466	0.000604058	4.96611e-05	0.000281032	2.40019e-05	136225
0.301799	0.000606166	4.98142e-05	0.000281032	2.40019e-05	133715
0.303131	0.00060828	4.99676e-05	0.000281032	2.40019e-05	134832
0.304464	0.000610401	5.01215e-05	0.000281032	2.40019e-05	134619
0.305796	0.00061253	5.02758e-05	0.000281032	2.40019e-05	132985
0.307129	0.000614666	5.04306e-05	0.000281032	2.40019e-05	132035
0.308461	0.000616808	5.05858e-05	0.000281032	2.40019e-05	136444
0.309793	0.000618958	5.07415e-05	0.000281032	2.40019e-05	132814
0.311126	0.000621114	5.08976e-05	0.000281032	2.40019e-05	134081
0.312458	0.000623278	5.10542e-05	0.000281032	2.40019e-05	135547
0.313791	0.000625449	5.12113e-05	0.000281032	2.40019e-05	131986
0.315123	0.000627628	5.13687e-05	0.000281032	2.40019e-05	134504
0.316456	0.000629813	5.15267e-05	0.000281032	2.40019e-05	134977
0.317788	0.000632006	5.16851e-05	0.000281032	2.40019e-05	132381
0.319121	0.000634206	5.1844e-05	0.000281032	2.40019e-05	135452
0.320453	0.000636413	5.20033e-05	0.000281032	2.40019e-05	136555
0.321785	0.000638628	5.21631e-05	0.000281032	2.40019e-05	133075
0.323118	0.00064085	5.23233e-05	0.000281032	2.40019e-05	137102
0.32445	0.000643079	5.24841e-05	0.000281032	2.40019e-05	136966
0.325783	0.000645316	5.26453e-05	0.000281032	2.40019e-05	133328
0.327115	0.00064756	5.2807e-05	0.000281032	2.40019e-05	133910
0.328448	0.000649812	5.29691e-05	0.000281032	2.40019e-05	136799
0.32978	0.000652071	5.31317e-05	0.000281032	2.40019e-05	133915
0.331113	0.000654338	5.32949e-05	0.000281032	2.40019e-05	135523
0.332445	0.000656613	5.34584e-05	0.000281032	2.40019e-05	133077
0.333777	0.000658895	5.36225e-05	0.000281032	2.40019e-05	131585
0.33511	0.000661184	5.37871e-05	0.000281032	2.40019e-05	135324
0.336442	0.000663482	5.39521e-05	0.000281032	2.40019e-05	134372
0.337775	0.000665787	5.41177e-05	0.000281032	2.40019e-05	132672
0.339107	0.000668099	5.42837e-05	0.000281032	2.40019e-05	137583
0.34044	0.00067042	5.44502e-05	0.000281032	2.40019e-05	136077
0.341772	0.000672748	5.46172e-05	0.000281032	2.40019e-05	131886
0.343105	0.000675084	5.47848e-05	0.000281032	2.40019e-05	133992
0.344437	0.000677428	5.49528e-05	0.000281032	2.40019e-05	135387
0.345769	0.00067978	5.51213e-05	0.000281032	2.40019e-05	133935
0.347102	0.00068214	5.52903e-05	0.000281032	2.40019e-05	136437
0.348434	0.000684508	5.54598e-05	0.000281032	2.40019e-05	134672
0.349767	0.000686883	5.56299e-05	0.000281032	2.40019e-05	132299
0.351099	0.000689267	5.58004e-05	0.000281032	2.40019e-05	136386
0.352432	0.000691659	5.59715e-05	0.000281032	2.40019e-05	137840
0.353764	0.000694059	5.61431e-05	0.000281032	2.40019e-05	134180
0.355097	0.000696467	5.63152e-05	0.000281032	2.40019e-05	134887
0.356429	0.000698883	5.64878e-05	0.000281032	2.40019e-05	133898
0.357761	0.000701308	5.6661e-05	0.000281032	2.40019e-05	133020
0.359094	0.00070374	5.68346e-05	0.000281032	2.40019e-05	139360
0.360426	0.000706181	5.70088e-05	0.000281032	2.40019e-05	135463
0.361759	0.00070863	5.71836e-05	0.000281032	2.40019e-05	134415
0.363091	0.000711088	5.73588e-05	0.000281032	2.40019e-05	132367
0.364424	0.000713554	5.75346e-05	0.000281032	2.40019e-05	134677
0.365756	0.000716028	5.77109e-05	0.000281032	2.40019e-05	131551
0.367089	0.000718511	5.78878e-05	0.000281032	2.40019e-05	133778
0.368421	0.000721002	5.80652e-05	0.000281032	2.40019e-05	133646
0.369753	0.000723502	5.82432e-05	0.000281032	2.40019e-05	131404
0.371086	0.000726011	5.84217e-05	0.000281032	2.40019e-05	135951
0.372418	0.000728528	5.86007e-05	0.000281032	2.40019e-05	136091
0.373751	0.000731053	5.87804e-05	0.000281032	2.40019e-05	131603
0.375083	0.000733588	5.89605e-05	0.000281032	2.40019e-05	134048
0.376416	0.000736131	5.91412e-05	0.000281032	2.40019e-05	134566
0.377748	0.000738683	5.93225e-05	0.000281032	2.40019e-05	132132
0.379081	0.000741243	5.95044e-05	0.000281032	2.40019e-05	136259
0.380413	0.000743813	5.96868e-05	0.000281032	2.40019e-05	135350
0.381746	0.000746392	5.98697e-05	0.000281032	2.40019e-05	135022
0.383078	0.000748979	6.00533e-05	0.000281032	2.40019e-05	134590
0.38441	0.000751575	6.02374e-05	0.000281032	2.40019e-05	134621
0.385743	0.000754181	6.04221e-05	0.000281032	2.40019e-05	131404
0.387075	0.000756795	6.06074e-05	0.000281032	2.40019e-05	136612
0.388408	0.000759419	6.07932e-05	0.000281032	2.40019e-05	133574
0.38974	0.000762051	6.09797e-05	0.000281032	2.40019e-05	132336
0.391073	0.000764693	6.11667e-05	0.000281032	2.40019e-05	134918
0.392405	0.000767344	6.13543e-05	0.000281032	2.40019e-05	135521
0.393738	0.000770005	6.15425e-05	0.000281032	2.40019e-05	133866
0.39507	0.000772674	6.17313e-05	0.000281032	2.40019e-05	135633
0.396402	0.000775353	6.19207e-05	0.000281032	2.40019e-05	135353
0.397735	0.000778042	6.21107e-05	0.000281032	2.40019e-05	134770
0.399067	0.00078074	6.23013e-05	0.000281032	2.40019e-05	135760
0.4004	0.000783448	6.24925e-05	0.000281032	2.40019e-05	133447
0.401732	0.000786165	6.26843e-05	0.000281032	2.40019e-05	132648
0.403065	0.000788893	6.28767e-05	0.000281032	2.40019e-05	134020
0.404397	0.00079163	6.30698e-05	0.000281032	2.40019e-05	133740
0.40573	0.000794377	6.32635e-05	0.000281032	2.40019e-05	132192
0.407062	0.000797134	6.34577e-05	0.000281032	2.40019e-05	135416
0.408394	0.000799901	6.36527e-05	0.000281032	2.40019e-05	133592
0.409727	0.000802679	6.38482e-05	0.000281032	2.40019e-05	133061
0.411059	0.000805466	6.40444e-05	0.000281032	2.40019e-05	134662
0.412392	0.000808263	6.42412e-05	0.000281032	2.40019e-05	131646
0.413724	0.00081107	6.44386e-05	0.000281032	2.40019e-05	132771
0.415057	0.000813888	6.46367e-05	0.000281032	2.40019e-05	135731
0.416389	0.000816715	6.48354e-05	0.000281032	2.40019e-05	133316
0.417722	0.000819553	6.50348e-05	0.000281032	2.40019e-05	132355
0.419054	0.000822401	6.52348e-05	0.000281032	2.40019e-05	136679
0.420386	0.000825258	6.54355e-05	0.000281032	2.40019e-05	134422
0.421719	0.000828126	6.56368e-05	0.000281032	2.40019e-05	133143
0.423051	0.000831003	6.58388e-05	0.000281032	2.40019e-05	133751
0.424384	0.000833891	6.60414e-05	0.000281032	2.40019e-05	133462
0.425716	0.000836789	6.62447e-05	0.000281032	2.40019e-05	133217
0.427049	0.000839697	6.64487e-05	0.000281032	2.40019e-05	133781
0.428381	0.000842615	6.66534e-05	0.000281032	2.40019e-05	131145
0.429714	0.000845543	6.68587e-05	0.000281032	2.40019e-05	134808
0.431046	0.000848482	6.70647e-05	0.000281032	2.40019e-05	135095
0.432378	0.000851431	6.72714e-05	0.000281032	2.40019e-05	131823
0.433711	0.00085439	6.74788e-05	0.000281032	2.40019e-05	133599
0.435043	0.00085736	6.76869e-05	0.000281032	2.40019e-05	134411
0.436376	0.00086034	6.78957e-05	0.000281032	2.40019e-05	132447
0.437708	0.000863329	6.81051e-05	0.000281032	2.40019e-05	135140
0.439041	0.00086633	6.83153e-05	0.000281032	2.40019e-05	136930
0.440373	0.00086934	6.85262e-05	0.000281032	2.40019e-05	132407
0.441706	0.000872361	6.87378e-05	0.000281032	2.40019e-05	135716
0.443038	0.000875392	6.895e-05	0.000281032	2.40019e-05	134204
0.44437	0.000878434	6.91631e-05	0.000281032	2.40019e-05	131436
0.445703	0.000881486	6.93768e-05	0.000281032	2.40019e-05	134905
0.447035	0.000884548	6.95912e-05	0.000281032	2.40019e-05	134980
0.448368	0.000887621	6.98064e-05	0.000281032	2.40019e-05	134302
0.4497	0.000890704	7.00223e-05	0.000281032	2.40019e-05	135236
0.451033	0.000893798	7.0239e-05	0.000281032	2.40019e-05	134634
0.452365	0.000896903	7.04563e-05	0.000281032	2.40019e-05	132663
0.453698	0.000900018	7.06745e-05	0.000281032	2.40019e-05	134237
0.45503	0.000903143	7.08933e-05	0.000281032	2.40019e-05	135166
0.456362	0.00090628	7.11129e-05	0.000281032	2.40019e-05	132308
0.457695	0.000909427	7.13333e-05	0.000281032	2.40019e-05	140797
0.459027	0.000912586	7.15545e-05	0.000281032	2.40019e-05	136455
0.46036	0.000915755	7.17763e-05	0.000281032	2.40019e-05	133873
0.461692	0.000918934	7.1999e-05	0.000281032	2.40019e-05	134114
0.463025	0.000922125	7.22224e-05	0.000281032	2.40019e-05	133529
0.464357	0.000925327	7.24466e-05	0.000281032	2.40019e-05	132314
0.46569	0.00092854	7.26716e-05	0.000281032	2.40019e-05	135282
0.467022	0.000931764	7.28974e-05	0.000281032	2.40019e-05	135860
0.468354	0.000935	7.3124e-05	0.000281032	2.40019e-05	133068
0.469687	0.000938246	7.33513e-05	0.000281032	2.40019e-05	134732
0.471019	0.000941504	7.35795e-05	0.000281032	2.40019e-05	134162
0.472352	0.000944774	7.38084e-05	0.000281032	2.40019e-05	131698
0.473684	0.000948055	7.40381e-05	0.000281032	2.40019e-05	135743
0.475017	0.000951347	7.42687e-05	0.000281032	2.40019e-05	135141
0.476349	0.00095465	7.45001e-05	0.000281032	2.40019e-05	130842
0.477682	0.000957965	7.47323e-05	0.000281032	2.40019e-05	136734
0.479014	0.000961292	7.49653e-05	0.000281032	2.40019e-05	133949
0.480346	0.000964631	7.51991e-05	0.000281032	2.40019e-05	131358
0.481679	0.000967981	7.54338e-05	0.000281032	2.40019e-05	133679
0.483011	0.000971344	7.56693e-05	0.000281032	2.40019e-05	134286
0.484344	0.000974718	7.59057e-05	0.000281032	2.40019e-05	132260
0.485676	0.000978104	7.61429e-05	0.000281032	2.40019e-05	135576
0.487009	0.000981502	7.63809e-05	0.000281032	2.40019e-05	136425
0.488341	0.000984912	7.66198e-05	0.000281032	2.40019e-05	131289
0.489674	0.000988334	7.68596e-05	0.000281032	2.40019e-05	135142
0.491006	0.000991768	7.71002e-05	0.000281032	2.40019e-05	133500
0.492338	0.000995215	7.73417e-05	0.000281032	2.40019e-05	131190
0.493671	0.000998673	7.75841e-05	0.000281032	2.40019e-05	135170
0.495003	0.00100214	7.78273e-05	0.000281032	2.40019e-05	134295
0.496336	0.00100563	7.80715e-05	0.000281032	2.40019e-05	133309
0.497668	0.00100912	7.83165e-05	0.000281032	2.40019e-05	141143
0.499001	0.00101263	7.85624e-05	0.000281032	2.40019e-05	134392
0.500333	0.00101615	7.88093e-05	0.000281032	2.40019e-05	131722
0.501666	0.00101969	7.9057e-05	0.000281032	2.40019e-05	135367
0.502998	0.00102324	7.93056e-05	0.000281032	2.40019e-05	134816
0.50433	0.0010268	7.95552e-05	0.000281032	2.40019e-05	133508
0.505663	0.00103037	7.98057e-05	0.000281032	2.40019e-05	134692
0.506995	0.00103395	8.00571e-05	0.000281032	2.40019e-05	134901
0.508328	0.00103755	8.03094e-05	0.000281032	2.40019e-05	132281
0.50966	0.00104116	8.05627e-05	0.000281032	2.40019e-05	133978
0.510993	0.00104479	8.08169e-05	0.000281032	2.40019e-05	134665
0.512325	0.00104843	8.10721e-05	0.000281032	2.40019e-05	131869
0.513658	0.00105208	8.13282e-05	0.000281032	2.40019e-05	135163
0.51499	0.00105574	8.15853e-05	0.000281032	2.40019e-05	134903
0.516322	0.00105942	8.18434e-05	0.000281032	2.40019e-05	131860
0.517655	0.00106311	8.21024e-05	0.000281032	2.40019e-05	137998
0.518987	0.00106682	8.23624e-05	0.000281032	2.40019e-05	134976
0.52032	0.00107054	8.26234e-05	0.000281032	2.40019e-05	131325
0.521652	0.00107427	8.28853e-05	0.000281032	2.40019e-05	134065
0.522985	0.00107802	8.31483e-05	0.000281032	2.40019e-05	134470
0.524317	0.00108178	8.34123e-05	0.000281032	2.40019e-05	133876
0.52565	0.00108555	8.36773e-05	0.000281032	2.40019e-05	135080
0.526982	0.00108934	8.39433e-05	0.000281032	2.40019e-05	133527
0.528314	0.00109314	8.42103e-05	0.000281032	2.40019e-05	132166
0.529647	0.00109696	8.44783e-05	0.000281032	2.40019e-05	134674
0.530979	0.00110079	8.47474e-05	0.000281032	2.40019e-05	132713
0.532312	0.00110464	8.50175e-05	0.000281032	2.40019e-05	132334
0.533644	0.0011085	8.52886e-05	0.000281032	2.40019e-05	134187
0.534977	0.00111238	8.55608e-05	0.000281032	2.40019e-05	133823
0.536309	0.00111627	8.58341e-05	0.000281032	2.40019e-05	132338
0.537642	0.00112017	8.61084e-05	0.000281032	2.40019e-05	135752
0.538974	0.00112409	8.63838e-05	0.000281032	2.40019e-05	132853
0.540306	0.00112802	8.66603e-05	0.000281032	2.40019e-05	133037
0.541639	0.00113197	8.69378e-05	0.000281032	2.40019e-05	134122
0.542971	0.00113594	8.72165e-05	0.000281032	2.40019e-05	132153
0.544304	0.00113992	8.74962e-05	0.000281032	2.40019e-05	135177
0.545636	0.00114391	8.7777e-05	0.000281032	2.40019e-05	134370
0.546969	0.00114792	8.8059e-05	0.000281032	2.40019e-05	133177
0.548301	0.00115195	8.83421e-05	0.000281032	2.40019e-05	134757
0.549634	0.00115599	8.86263e-05	0.000281032	2.40019e-05	136801
0.550966	0.00116005	8.89116e-05	0.000281032	2.40019e-05	133080
0.552298	0.00116412	8.91981e-05	0.000281032	2.40019e-05	135506
0.553631	0.00116821	8.94857e-05	0.000281032	2.40019e-05	135659
0.554963	0.00117231	8.97745e-05	0.000281032	2.40019e-05	132519
0.556296	0.00117643	9.00644e-05	0.000281032	2.40019e-05	134682
0.557628	0.00118057	9.03555e-05	0.000281032	2.40019e-05	135811
0.558961	0.00118472	9.06478e-05	0.000281032	2.40019e-05	131835
0.560293	0.00118889	9.09413e-05	0.000281032	2.40019e-05	136301
0.561626	0.00119308	9.12359e-05	0.000281032	2.40019e-05	134096
0.562958	0.00119728	9.15318e-05	0.000281032	2.40019e-05	131377
0.56429	0.0012015	9.18288e-05	0.000281032	2.40019e-05	133172
0.565623	0.00120574	9.21271e-05	0.000281032	2.40019e-05	132526
0.566955	0.00120999	9.24266e-05	0.000281032	2.40019e-05	131682
0.568288	0.00121426	9.27274e-05	0.000281032	2.40019e-05	133846
0.56962	0.00121854	9.30293e-05	0.000281032	2.40019e-05	134564
0.570953	0.00122285	9.33326e-05	0.000281032	2.40019e-05	131588
0.572285	0.00122717	9.3637e-05	0.000281032	2.40019e-05	134779
0.573618	0.00123151	9.39428e-05	0.000281032	2.40019e-05	134413
0.57495	0.00123586	9.42498e-05	0.000281032	2.40019e-05	131581
0.576282	0.00124024	9.45581e-05	0.000281032	2.40019e-05	135158
0.577615	0.00124463	9.48677e-05	0.000281032	2.40019e-05	135430
0.578947	0.00124904	9.51785e-05	0.000281032	2.40019e-05	132137
0.58028	0.00125346	9.54907e-05	0.000281032	2.40019e-05	133386
0.581612	0.00125791	9.58042e-05	0.000281032	2.40019e-05	134122
0.582945	0.00126237	9.61191e-05	0.000281032	2.40019e-05	130725
0.584277	0.00126685	9.64352e-05	0.000281032	2.40019e-05	135836
0.58561	0.00127135	9.67527e-05	0.000281032	2.40019e-05	133041
0.586942	0.00127587	9.70716e-05	0.000281032	2.40019e-05	131550
0.588274	0.00128041	9.73918e-05	0.000281032	2.40019e-05	133411
0.589607	0.00128496	9.77134e-05	0.000281032	2.40019e-05	134502
0.590939	0.00128954	9.80364e-05	0.000281032	2.40019e-05	133584
0.592272	0.00129413	9.83607e-05	0.000281032	2.40019e-05	134200
0.593604	0.00129874	9.86865e-05	0.000281032	2.40019e-05	133456
0.594937	0.00130338	9.90136e-05	0.000281032	2.40019e-05	132235
0.596269	0.00130803	9.93422e-05	0.000281032	2.40019e-05	134354
0.597602	0.0013127	9.96722e-05	0.000281032	2.40019e-05	135659
0.598934	0.00131739	0.000100004	0.000281032	2.40019e-05	132504
0.600266	0.0013221	0.000100337	0.000281032	2.40019e-05	137838
0.601599	0.00132683	0.000100671	0.000281032	2.40019e-05	133323
0.602931	0.00133158	0.000101007	0.000281032	2.40019e-05	133776
0.604264	0.00133635	0.000101344	0.000281032	2.40019e-05	134646
0.605596	0.00134114	0.000101683	0.000281032	2.40019e-05	134418
0.606929	0.00134595	0.000102023	0.000281032	2.40019e-05	133029
0.608261	0.00135078	0.000102365	0.000281032	2.40019e-05	134868
0.609594	0.00135564	0.000102708	0.000281032	2.40019e-05	133769
0.610926	0.00136051	0.000103053	0.000281032	2.40019e-05	132180
0.612258	0.00136541	0.000103399	0.000281032	2.40019e-05	133622
0.613591	0.00137032	0.000103747	0.000281032	2.40019e-05	134421
0.614923	0.00137526	0.000104097	0.000281032	2.40019e-05	132740
0.616256	0.00138022	0.000104448	0.000281032	2.40019e-05	136721
0.617588	0.0013852	0.000104801	0.000281032	2.40019e-05	132602
0.618921	0.0013902	0.000105155	0.000281032	2.40019e-05	132437
0.620253	0.00139523	0.000105511	0.000281032	2.40019e-05	135309
0.621586	0.00140027	0.000105868	0.000281032	2.40019e-05	132885
0.622918	0.00140534	0.000106228	0.000281032	2.40019e-05	133331
0.62425	0.00141043	0.000106588	0.000281032	2.40019e-05	134305
0.625583	0.00141555	0.000106951	0.000281032	2.40019e-05	131800
0.626915	0.00142068	0.000107315	0.000281032	2.40019e-05	133591
0.628248	0.00142584	0.000107681	0.000281032	2.40019e-05	133930
0.62958	0.00143103	0.000108048	0.000281032	2.40019e-05	134392
0.630913	0.00143623	0.000108417	0.000281032	2.40019e-05	132530
0.632245	0.00144146	0.000108788	0.000281032	2.40019e-05	133698
0.633578	0.00144671	0.000109161	0.000281032	2.40019e-05	131618
0.63491	0.00145199	0.000109535	0.000281032	2.40019e-05	133752
0.636243	0.00145729	0.000109912	0.000281032	2.40019e-05	135297
0.637575	0.00146261	0.00011029	0.000281032	2.40019e-05	132513
0.638907	0.00146796	0.000110669	0.000281032	2.40019e-05	135171
0.64024	0.00147333	0.000111051	0.000281032	2.40019e-05	135198
0.641572	0.00147873	0.000111434	0.000281032	2.40019e-05	131636
0.642905	0.00148415	0.000111819	0.000281032	2.40019e-05	133632
0.644237	0.00148959	0.000112206	0.000281032	2.40019e-05	135765
0.64557	0.00149507	0.000112595	0.000281032	2.40019e-05	130670
0.646902	0.00150056	0.000112986	0.000281032	2.40019e-05	134726
0.648235	0.00150608	0.000113379	0.000281032	2.40019e-05	133301
0.649567	0.00151163	0.000113773	0.000281032	2.40019e-05	132872
0.650899	0.0015172	0.00011417	0.000281032	2.40019e-05	134763
0.652232	0.0015228	0.000114568	0.000281032	2.40019e-05	134194
0.653564	0.00152843	0.000114968	0.000281032	2.40019e-05	131662
0.654897	0.00153408	0.000115371	0.000281032	2.40019e-05	134462
0.656229	0.00153976	0.000115775	0.000281032	2.40019e-05	136694
0.657562	0.00154546	0.000116181	0.000281032	2.40019e-05	133534
0.658894	0.0015512	0.00011659	0.000281032	2.40019e-05	134784
0.660227	0.00155695	0.000117	0.000281032	2.40019e-05	134316
0.661559	0.00156274	0.000117412	0.000281032	2.40019e-05	132316
0.662891	0.00156856	0.000117827	0.000281032	2.40019e-05	135692
0.664224	0.0015744	0.000118243	0.000281032	2.40019e-05	134123
0.665556	0.00158027	0.000118662	0.000281032	2.40019e-05	133197
0.666889	0.00158617	0.000119082	0.000281032	2.40019e-05	134088
0.668221	0.00159209	0.000119505	0.000281032	2.40019e-05	133597
0.669554	0.00159805	0.00011993	0.000281032	2.40019e-05	133828
0.670886	0.00160403	0.000120357	0.000281032	2.40019e-05	134652
0.672219	0.00161004	0.000120786	0.000281032	2.40019e-05	133124
0.673551	0.00161609	0.000121218	0.000281032	2.40019e-05	133304
0.674883	0.00162216	0.000121652	0.000281032	2.40019e-05	133799
0.676216	0.00162826	0.000122088	0.000281032	2.40019e-05	136083
0.677548	0.00163439	0.000122526	0.000281032	2.40019e-05	132028
0.678881	0.00164055	0.000122966	0.000281032	2.40019e-05	133859
0.680213	0.00164675	0.000123409	0.000281032	2.40019e-05	132141
0.681546	0.00165297	0.000123854	0.000281032	2.40019e-05	132935
0.682878	0.00165922	0.000124301	0.000281032	2.40019e-05	135274
0.684211	0.00166551	0.000124751	0.000281032	2.40019e-05	132758
0.685543	0.00167182	0.000125203	0.000281032	2.40019e-05	132576
0.686875	0.00167817	0.000125657	0.000281032	2.40019e-05	133375
0.688208	0.00168455	0.000126114	0.000281032	2.40019e-05	132812
0.68954	0.00169096	0.000126574	0.000281032	2.40019e-05	132376
0.690873	0.00169741	0.000127035	0.000281032	2.40019e-05	133636
0.692205	0.00170389	0.0001275	0.000281032	2.40019e-05	131273
0.693538	0.0017104	0.000127966	0.000281032	2.40019e-05	134795
0.69487	0.00171694	0.000128435	0.000281032	2.40019e-05	134358
0.696203	0.00172352	0.000128907	0.000281032	2.40019e-05	133805
0.697535	0.00173013	0.000129381	0.000281032	2.40019e-05	135476
0.698867	0.00173678	0.000129858	0.000281032	2.40019e-05	133174
0.7002	0.00174346	0.000130338	0.000281032	2.40019e-05	131680
0.701532	0.00175017	0.00013082	0.000281032	2.40019e-05	133753
0.702865	0.00175692	0.000131305	0.000281032	2.40019e-05	138149
0.704197	0.00176371	0.000131792	0.000281032	2.40019e-05	130958
0.70553	0.00177053	0.000132282	0.000281032	2.40019e-05	134758
0.706862	0.00177739	0.000132775	0.000281032	2.40019e-05	133140
0.708195	0.00178428	0.000133271	0.000281032	2.40019e-05	132403
0.709527	0.00179121	0.000133769	0.000281032	2.40019e-05	133466
0.710859	0.00179818	0.00013427	0.000281032	2.40019e-05	133566
0.712192	0.00180518	0.000134774	0.000281032	2.40019e-05	133489
0.713524	0.00181222	0.000135281	0.000281032	2.40019e-05	136924
0.714857	0.0018193	0.000135791	0.000281032	2.40019e-05	133760
0.716189	0.00182642	0.000136303	0.000281032	2.40019e-05	135440
0.717522	0.00183358	0.000136819	0.000281032	2.40019e-05	133859
0.718854	0.00184077	0.000137337	0.000281032	2.40019e-05	134805
0.720187	0.00184801	0.000137858	0.000281032	2.40019e-05	133376
0.721519	0.00185528	0.000138383	0.000281032	2.40019e-05	134945
0.722851	0.00186259	0.00013891	0.000281032	2.40019e-05	135156
0.724184	0.00186995	0.000139441	0.000281032	2.40019e-05	135022
0.725516	0.00187734	0.000139974	0.000281032	2.40019e-05	136101
0.726849	0.00188477	0.000140511	0.000281032	2.40019e-05	135080
0.728181	0.00189225	0.000141051	0.000281032	2.40019e-05	132948
0.729514	0.00189976	0.000141594	0.000281032	2.40019e-05	135109
0.730846	0.00190732	0.00014214	0.000281032	2.40019e-05	133039
0.732179	0.00191492	0.00014269	0.000281032	2.40019e-05	131302
0.733511	0.00192256	0.000143243	0.000281032	2.40019e-05	135538
0.734843	0.00193025	0.000143799	0.000281032	2.40019e-05	133238
0.736176	0.00193798	0.000144358	0.000281032	2.40019e-05	135300
0.737508	0.00194575	0.000144921	0.000281032	2.40019e-05	135714
0.738841	0.00195357	0.000145487	0.000281032	2.40019e-05	135398
0.740173	0.00196143	0.000146057	0.000281032	2.40019e-05	134075
0.741506	0.00196933	0.00014663	0.000281032	2.40019e-05	135594
0.742838	0.00197728	0.000147206	0.000281032	2.40019e-05	135287
0.744171	0.00198528	0.000147787	0.000281032	2.40019e-05	134316
0.745503	0.00199332	0.00014837	0.000281032	2.40019e-05	136310
0.746835	0.00200141	0.000148957	0.000281032	2.40019e-05	135818
0.748168	0.00200954	0.000149548	0.000281032	2.40019e-05	136229
0.7495	0.00201773	0.000150143	0.000281032	2.40019e-05	136476
0.750833	0.00202596	0.000150741	0.000281032	2.40019e-05	137397
0.752165	0.00203424	0.000151343	0.000281032	2.40019e-05	137096
0.753498	0.00204256	0.000151949	0.000281032	2.40019e-05	136845
0.75483	0.00205094	0.000152559	0.000281032	2.40019e-05	138785
0.756163	0.00205936	0.000153173	0.000281032	2.40019e-05	137811
0.757495	0.00206784	0.00015379	0.000281032	2.40019e-05	137004
0.758827	0.00207637	0.000154412	0.000281032	2.40019e-05	136974
0.76016	0.00208494	0.000155037	0.000281032	2.40019e-05	134767
0.761492	0.00209357	0.000155666	0.000281032	2.40019e-05	135908
0.762825	0.00210225	0.0001563	0.000281032	2.40019e-05	135294
0.764157	0.00211099	0.000156938	0.000281032	2.40019e-05	133543
0.76549	0.00211977	0.000157579	0.000281032	2.40019e-05	135568
0.766822	0.00212861	0.000158225	0.000281032	2.40019e-05	135918
0.768155	0.0021375	0.000158876	0.000281032	2.40019e-05	132004
0.769487	0.00214645	0.00015953	0.000281032	2.40019e-05	135817
0.770819	0.00215546	0.000160189	0.000281032	2.40019e-05	135100
0.772152	0.00216452	0.000160852	0.000281032	2.40019e-05	132828
0.773484	0.00217363	0.00016152	0.000281032	2.40019e-05	134553
0.774817	0.0021828	0.000162192	0.000281032	2.40019e-05	134977
0.776149	0.00219203	0.000162869	0.000281032	2.40019e-05	131599
0.777482	0.00220132	0.00016355	0.000281032	2.40019e-05	134802
0.778814	0.00221066	0.000164236	0.000281032	2.40019e-05	133770
0.780147	0.00222007	0.000164927	0.000281032	2.40019e-05	131501
0.781479	0.00222953	0.000165622	0.000281032	2.40019e-05	135409
0.782811	0.00223906	0.000166322	0.000281032	2.40019e-05	134002
0.784144	0.00224864	0.000167027	0.000281032	2.40019e-05	131746
0.785476	0.00225829	0.000167737	0.000281032	2.40019e-05	134021
0.786809	0.002268	0.000168452	0.000281032	2.40019e-05	133669
0.788141	0.00227777	0.000169171	0.000281032	2.40019e-05	132340
0.789474	0.0022876	0.000169896	0.000281032	2.40019e-05	135850
0.790806	0.0022975	0.000170626	0.000281032	2.40019e-05	133993
0.792139	0.00230746	0.000171361	0.000281032	2.40019e-05	133481
0.793471	0.00231749	0.000172102	0.000281032	2.40019e-05	135556
0.794803	0.00232759	0.000172847	0.000281032	2.40019e-05	134522
0.796136	0.00233775	0.000173598	0.000281032	2.40019e-05	132790
0.797468	0.00234798	0.000174355	0.000281032	2.40019e-05	135744
0.798801	0.00235828	0.000175117	0.000281032	2.40019e-05	133307
0.800133	0.00236864	0.000175884	0.000281032	2.40019e-05	132489
0.801466	0.00237908	0.000176657	0.000281032	2.40019e-05	136883
0.802798	0.00238958	0.000177436	0.000281032	2.40019e-05	134025
0.804131	0.00240016	0.00017822	0.000281032	2.40019e-05	133921
0.805463	0.00241081	0.00017901	0.000281032	2.40019e-05	134147
0.806795	0.00242153	0.000179806	0.000281032	2.40019e-05	133296
0.808128	0.00243232	0.000180608	0.000281032	2.40019e-05	132103
0.80946	0.00244319	0.000181417	0.000281032	2.40019e-05	135285
0.810793	0.00245414	0.000182231	0.000281032	2.40019e-05	134253
0.812125	0.00246516	0.000183051	0.000281032	2.40019e-05	133760
0.813458	0.00247625	0.000183877	0.000281032	2.40019e-05	134272
0.81479	0.00248743	0.00018471	0.000281032	2.40019e-05	134757
0.816123	0.00249868	0.000185549	0.000281032	2.40019e-05	134131
0.817455	0.00251001	0.000186395	0.000281032	2.40019e-05	135234
0.818787	0.00252142	0.000187247	0.000281032	2.40019e-05	132961
0.82012	0.00253291	0.000188106	0.000281032	2.40019e-05	132897
0.821452	0.00254448	0.000188972	0.000281032	2.40019e-05	135271
0.822785	0.00255614	0.000189844	0.000281032	2.40019e-05	132431
0.824117	0.00256788	0.000190723	0.000281032	2.40019e-05	135201
0.82545	0.0025797	0.000191609	0.000281032	2.40019e-05	134543
0.826782	0.00259161	0.000192503	0.000281032	2.40019e-05	133164
0.828115	0.00260361	0.000193403	0.000281032	2.40019e-05	134739
0.829447	0.00261569	0.00019431	0.000281032	2.40019e-05	135423
0.830779	0.00262786	0.000195225	0.000281032	2.40019e-05	132505
0.832112	0.00264012	0.000196147	0.000281032	2.40019e-05	134657
0.833444	0.00265248	0.000197077	0.000281032	2.40019e-05	133094
0.834777	0.00266492	0.000198015	0.000281032	2.40019e-05	134397
0.836109	0.00267745	0.00019896	0.000281032	2.40019e-05	135386
0.837442	0.00269008	0.000199912	0.000281032	2.40019e-05	135577
0.838774	0.0027028	0.000200873	0.000281032	2.40019e-05	133041
0.840107	0.00271562	0.000201842	0.000281032	2.40019e-05	133992
0.841439	0.00272854	0.000202819	0.000281032	2.40019e-05	134179
0.842771	0.00274155	0.000203804	0.000281032	2.40019e-05	133081
0.844104	0.00275466	0.000204797	0.000281032	2.40019e-05	133866
0.845436	0.00276787	0.000205799	0.000281032	2.40019e-05	135292
0.846769	0.00278118	0.000206809	0.000281032	2.40019e-05	133093
0.848101	0.0027946	0.000207828	0.000281032	2.40019e-05	135702
0.849434	0.00280812	0.000208855	0.000281032	2.40019e-05	134475
0.850766	0.00282174	0.000209892	0.000281032	2.40019e-05	132679
0.852099	0.00283547	0.000210938	0.000281032	2.40019e-05	136836
0.853431	0.0028493	0.000211992	0.000281032	2.40019e-05	135757
0.854763	0.00286324	0.000213056	0.000281032	2.40019e-05	133250
0.856096	0.0028773	0.000214129	0.000281032	2.40019e-05	137191
0.857428	0.00289146	0.000215212	0.000281032	2.40019e-05	133107
0.858761	0.00290573	0.000216304	0.000281032	2.40019e-05	132994
0.860093	0.00292012	0.000217406	0.000281032	2.40019e-05	134801
0.861426	0.00293462	0.000218518	0.000281032	2.40019e-05	132473
0.862758	0.00294924	0.00021964	0.000281032	2.40019e-05	133660
0.864091	0.00296398	0.000220772	0.000281032	2.40019e-05	134049
0.865423	0.00297883	0.000221914	0.000281032	2.40019e-05	132635
0.866755	0.0029938	0.000223066	0.000281032	2.40019e-05	133223
0.868088	0.0030089	0.00022423	0.000281032	2.40019e-05	134123
0.86942	0.00302411	0.000225403	0.000281032	2.40019e-05	133336
0.870753	0.00303945	0.000226588	0.000281032	2.40019e-05	133783
0.872085	0.00305492	0.000227784	0.000281032	2.40019e-05	132989
0.873418	0.00307051	0.00022899	0.000281032	2.40019e-05	132368
0.87475	0.00308623	0.000230208	0.000281032	2.40019e-05	133904
0.876083	0.00310208	0.000231437	0.000281032	2.40019e-05	133306
0.877415	0.00311805	0.000232678	0.000281032	2.40019e-05	132632
0.878748	0.00313416	0.000233931	0.000281032	2.40019e-05	133501
0.88008	0.00315041	0.000235195	0.000281032	2.40019e-05	133925
0.881412	0.00316678	0.000236472	0.000281032	2.40019e-05	132355
0.882745	0.0031833	0.00023776	0.000281032	2.40019e-05	134880
0.884077	0.00319995	0.000239061	0.000281032	2.40019e-05	133808
0.88541	0.00321674	0.000240375	0.000281032	2.40019e-05	130755
0.886742	0.00323366	0.000241701	0.000281032	2.40019e-05	134529
0.888075	0.00325073	0.00024304	0.000281032	2.40019e-05	134737
0.889407	0.00326795	0.000244392	0.000281032	2.40019e-05	131590
0.89074	0.0032853	0.000245757	0.000281032	2.40019e-05	135259
0.892072	0.0033028	0.000247135	0.000281032	2.40019e-05	134484
0.893404	0.00332045	0.000248526	0.000281032	2.40019e-05	133953
0.894737	0.00333824	0.000249932	0.000281032	2.40019e-05	136828
0.896069	0.00335619	0.00025135	0.000281032	2.40019e-05	135976
0.897402	0.00337428	0.000252783	0.000281032	2.40019e-05	131521
0.898734	0.00339252	0.00025423	0.000281032	2.40019e-05	133394
0.900067	0.00341091	0.000255691	0.000281032	2.40019e-05	135235
0.901399	0.00342946	0.000257167	0.000281032	2.40019e-05	133962
0.902732	0.00344816	0.000258657	0.000281032	2.40019e-05	133364
0.904064	0.00346701	0.000260161	0.000281032	2.40019e-05	134031
0.905396	0.00348602	0.00026168	0.000281032	2.40019e-05	132290
0.906729	0.00350519	0.000263215	0.000281032	2.40019e-05	133272
0.908061	0.0035245	0.000264764	0.000281032	2.40019e-05	134676
0.909394	0.00354398	0.000266328	0.000281032	2.40019e-05	131550
0.910726	0.00356361	0.000267907	0.000281032	2.40019e-05	135039
0.912059	0.0035834	0.000269502	0.000281032	2.40019e-05	134086
0.913391	0.00360334	0.000271112	0.000281032	2.40019e-05	133412
0.914724	0.00362343	0.000272738	0.000281032	2.40019e-05	135640
0.916056	0.00364369	0.000274379	0.000281032	2.40019e-05	134440
0.917388	0.00366409	0.000276036	0.000281032	2.40019e-05	132125
0.918721	0.00368465	0.000277708	0.000281032	2.40019e-05	133544
0.920053	0.00370536	0.000279396	0.000281032	2.40019e-05	132965
0.921386	0.00372622	0.000281099	0.000281032	2.40019e-05	132456
0.922718	0.00374722	0.000282817	0.000281032	2.40019e-05	137896
0.924051	0.00376837	0.000284551	0.000281032	2.40019e-05	134272
0.925383	0.00378966	0.0002863	0.000281032	2.40019e-05	132769
0.926716	0.00381109	0.000288064	0.000281032	2.40019e-05	134484
0.928048	0.00383264	0.000289843	0.000281032	2.40019e-05	134333
0.92938	0.00385433	0.000291637	0.000281032	2.40019e-05	130391
0.930713	0.00387614	0.000293444	0.000281032	2.40019e-05	134251
0.932045	0.00389807	0.000295266	0.000281032	2.40019e-05	133970
0.933378	0.0039201	0.0002971	0.000281032	2.40019e-05	134119
0.93471	0.00394223	0.000298948	0.000281032	2.40019e-05	133413
0.936043	0.00396446	0.000300807	0.000281032	2.40019e-05	135220
0.937375	0.00398676	0.000302678	0.000281032	2.40019e-05	132668
0.938708	0.00400913	0.00030456	0.000281032	2.40019e-05	135025
0.94004	0.00403155	0.000306451	0.000281032	2.40019e-05	137275
0.941372	0.00405401	0.00030835	0.000281032	2.40019e-05	133688
0.942705	0.00407649	0.000310256	0.000281032	2.40019e-05	135690
0.944037	0.00409896	0.000312167	0.000281032	2.40019e-05	135065
0.94537	0.00412141	0.000314082	0.000281032	2.40019e-05	138099
0.946702	0.00414381	0.000315999	0.000281032	2.40019e-05	135488
0.948035	0.00416613	0.000317915	0.000281032	2.40019e-05	133475
0.949367	0.00418834	0.000319828	0.000281032	2.40019e-05	133201
0.9507	0.00421039	0.000321734	0.000281032	2.40019e-05	136062
0.952032	0.00423226	0.000323631	0.000281032	2.40019e-05	132173
0.953364	0.00425388	0.000325514	0.000281032	2.40019e-05	133331
0.954697	0.0042752	0.000327378	0.000281032	2.40019e-05	133132
0.956029	0.00429616	0.000329218	0.000281032	2.40019e-05	134028
0.957362	0.0043167	0.000331029	0.000281032	2.40019e-05	131367
0.958694	0.00433673	0.000332803	0.000281032	2.40019e-05	133906
0.960027	0.00435618	0.000334533	0.000281032	2.40019e-05	133137
0.961359	0.00437495	0.000336208	0.000281032	2.40019e-05	132803
0.962692	0.00439292	0.000337819	0.000281032	2.40019e-05	133787
0.964024	0.00440995	0.000339352	0.000281032	2.40019e-05	132593
0.965356	0.00442586	0.000340793	0.000281032	2.40019e-05	134701
0.966689	0.00444044	0.000342125	0.000281032	2.40019e-05	133207
0.968021	0.00445347	0.000343328	0.000281032	2.40019e-05	132180
0.969354	0.00446465	0.000344378	0.000281032	2.40019e-05	134002
0.970686	0.00447365	0.000345247	0.000281032	2.40019e-05	133666
0.972019	0.00448008	0.000345901	0.000281032	2.40019e-05	130356
0.973351	0.00448345	0.0003463	0.000281032	2.40019e-05	135034
0.974684	0.0044832	0.000346397	0.000281032	2.40019e-05	133306
0.976016	0.00447863	0.000346132	0.000281032	2.40019e-05	130371
0.977348	0.00446888	0.000345433	0.000281032	2.40019e-05	133699
0.978681	0.00445289	0.000344213	0.000281032	2.40019e-05	133502
0.980013	0.00442932	0.000342362	0.000281032	2.40019e-05	131721
0.981346	0.00439651	0.00033974	0.000281032	2.40019e-05	134863
0.982678	0.00435231	0.000336173	0.000281032	2.40019e-05	133918
0.984011	0.00429419	0.000331432	0.000281032	2.40019e-05	132367
0.985343	0.00421944	0.000325218	0.000281032	2.40019e-05	133257
0.986676	0.00412493	0.000317131	0.000281032	2.40019e-05	134257
0.988008	0.00401166	0.000306624	0.000281032	2.40019e-05	130397
0.98934	0.0038686	0.000292929	0.000281032	2.40019e-05	136129
0.990673	0.00368094	0.000274938	0.000281032	2.40019e-05	134123
0.992005	0.00342602	0.000250995	0.000281032	2.40019e-05	134224
0.993338	0.00306432	0.00021856	0.000281032	2.40019e-05	136095
0.99467	0.00252547	0.000173836	0.000281032	2.40019e-05	134041
0.996003	0.00168082	0.00011433	0.000281032	2.40019e-05	132116
0.997335	0.00120099	0.00010059	0.000281032	2.40019e-05	134316
0.998668	0.00386954	0.000334098	0.000281032	2.40019e-05	132634
