t	integral	norm	uniform_integral	uniform_norm	time
-1	4.3295e-12	5.23761e-13	1.67847e-12	2.00388e-13	89901
-0.997337	8.40147e-13	1.02174e-13	1.67847e-12	2.00388e-13	11298
-0.994674	1.49395e-12	1.87166e-13	1.67847e-12	2.00388e-13	11303
-0.992011	4.73923e-13	5.99029e-14	1.67847e-12	2.00388e-13	11378
-0.989348	8.21239e-13	1.07449e-13	1.67847e-12	2.00388e-13	11350
-0.986684	1.26954e-12	1.77191e-13	1.67847e-12	2.00388e-13	12171
-0.984021	9.43158e-13	1.25908e-13	1.67847e-12	2.00388e-13	11706
-0.981358	3.62758e-13	5.13682e-14	1.67847e-12	2.00388e-13	12185
-0.978695	5.71153e-13	7.10896e-14	1.67847e-12	2.00388e-13	11495
-0.976032	1.25825e-12	1.86253e-13	1.67847e-12	2.00388e-13	11588
-0.973369	9.45123e-13	1.22724e-13	1.67847e-12	2.00388e-13	11173
-0.970706	1.95688e-12	2.38167e-13	1.67847e-12	2.00388e-13	11343
-0.968043	1.17183e-12	1.46786e-13	1.67847e-12	2.00388e-13	11560
-0.965379	4.79406e-13	6.31362e-14	1.67847e-12	2.00388e-13	11873
-0.962716	5.03032e-13	7.57606e-14	1.67847e-12	2.00388e-13	11396
-0.960053	4.23863e-13	5.48693e-14	1.67847e-12	2.00388e-13	11432
-0.95739	2.24318e-12	2.70486e-13	1.67847e-12	2.00388e-13	11415
-0.954727	9.92584e-13	1.19242e-13	1.67847e-12	2.00388e-13	11512
-0.952064	5.13939e-13	6.69036e-14	1.67847e-12	2.00388e-13	11784
-0.949401	6.93736e-13	8.28653e-14	1.67847e-12	2.00388e-13	11478
-0.946738	1.47339e-12	1.70475e-13	1.67847e-12	2.00388e-13	11673
-0.944075	8.11073e-13	1.02378e-13	1.67847e-12	2.00388e-13	11804
-0.941411	6.20597e-13	1.0242e-13	1.67847e-12	2.00388e-13	12953
-0.938748	1.21736e-12	1.51878e-13	1.67847e-12	2.00388e-13	11637
-0.936085	2.00313e-12	2.42686e-13	1.67847e-12	2.00388e-13	11807
-0.933422	2.18124e-12	2.40171e-13	1.67847e-12	2.00388e-13	11257
-0.930759	3.63915e-13	5.11163e-14	1.67847e-12	2.00388e-13	11252
-0.928096	1.01644e-12	1.52883e-13	1.67847e-12	2.00388e-13	11221
-0.925433	1.1154e-12	1.38921e-13	1.67847e-12	2.00388e-13	11357
-0.92277	6.80632e-13	9.60082e-14	1.67847e-12	2.00388e-13	11311
-0.920107	6.58129e-13	8.88582e-14	1.67847e-12	2.00388e-13	11729
-0.917443	9.06864e-13	1.25166e-13	1.67847e-12	2.00388e-13	11703
-0.91478	8.70975e-13	1.15805e-13	1.67847e-12	2.00388e-13	12602
-0.912117	1.54175e-12	2.07386e-13	1.67847e-12	2.00388e-13	12054
-0.909454	6.91168e-13	9.33049e-14	1.67847e-12	2.00388e-13	12043
-0.906791	6.12967e-13	8.33981e-14	1.67847e-12	2.00388e-13	12358
-0.904128	1.85349e-12	2.39965e-13	1.67847e-12	2.00388e-13	11803
-0.901465	7.95731e-13	1.06102e-13	1.67847e-12	2.00388e-13	11952
-0.898802	2.01911e-12	2.47415e-13	1.67847e-12	2.00388e-13	12755
-0.896138	6.289e-13	7.68526e-14	1.67847e-12	2.00388e-13	13177
-0.893475	1.30146e-12	1.64666e-13	1.67847e-12	2.00388e-13	12133
-0.890812	1.56645e-12	1.84678e-13	1.67847e-12	2.00388e-13	11851
-0.888149	1.24791e-12	1.69768e-13	1.67847e-12	2.00388e-13	11606
-0.885486	1.52512e-12	1.9304e-13	1.67847e-12	2.00388e-13	11674
-0.882823	3.62928e-13	5.09407e-14	1.67847e-12	2.00388e-13	11677
-0.88016	9.93072e-13	1.13058e-13	1.67847e-12	2.00388e-13	11695
-0.877497	5.0677e-13	6.59786e-14	1.67847e-12	2.00388e-13	11649
-0.874834	5.24776e-13	7.2696e-14	1.67847e-12	2.00388e-13	11552
-0.87217	1.16974e-12	1.53521e-13	1.67847e-12	2.00388e-13	11383
-0.869507	6.62246e-13	8.30436e-14	1.67847e-12	2.00388e-13	11302
-0.866844	1.26126e-12	1.5153e-13	1.67847e-12	2.00388e-13	11448
-0.864181	1.56706e-12	1.86293e-13	1.67847e-12	2.00388e-13	11363
-0.861518	7.7897e-13	1.00932e-13	1.67847e-12	2.00388e-13	11475
-0.858855	1.95021e-12	2.31642e-13	1.67847e-12	2.00388e-13	11934
-0.856192	1.76378e-12	2.14289e-13	1.67847e-12	2.00388e-13	12305
-0.853529	7.98035e-13	1.067e-13	1.67847e-12	2.00388e-13	12668
-0.850866	1.68385e-12	2.34454e-13	1.67847e-12	2.00388e-13	12731
-0.848202	1.91547e-12	2.61346e-13	1.67847e-12	2.00388e-13	12594
-0.845539	1.51905e-12	1.99841e-13	1.67847e-12	2.00388e-13	11721
-0.842876	1.14756e-12	1.54492e-13	1.67847e-12	2.00388e-13	11524
-0.840213	2.57243e-12	3.26119e-13	1.67847e-12	2.00388e-13	11716
-0.83755	9.06134e-13	1.13674e-13	1.67847e-12	2.00388e-13	11698
-0.834887	1.28001e-12	1.79014e-13	1.67847e-12	2.00388e-13	11613
-0.832224	7.10722e-13	8.80497e-14	1.67847e-12	2.00388e-13	11491
-0.829561	6.97172e-13	9.2152e-14	1.67847e-12	2.00388e-13	11675
-0.826897	7.76156e-13	9.57936e-14	1.67847e-12	2.00388e-13	11526
-0.824234	5.63816e-13	7.65695e-14	1.67847e-12	2.00388e-13	11224
-0.821571	1.85375e-12	2.28693e-13	1.67847e-12	2.00388e-13	11388
-0.818908	1.48182e-12	1.89731e-13	1.67847e-12	2.00388e-13	11442
-0.816245	6.13392e-13	7.96323e-14	1.67847e-12	2.00388e-13	11344
-0.813582	6.95998e-13	9.01277e-14	1.67847e-12	2.00388e-13	11454
-0.810919	7.496e-13	9.22978e-14	1.67847e-12	2.00388e-13	12507
-0.808256	9.32319e-13	1.29758e-13	1.67847e-12	2.00388e-13	12016
-0.805593	4.41623e-13	5.57713e-14	1.67847e-12	2.00388e-13	12457
-0.802929	5.255e-13	6.94722e-14	1.67847e-12	2.00388e-13	12994
-0.800266	5.88352e-13	7.91803e-14	1.67847e-12	2.00388e-13	11815
-0.797603	1.02264e-12	1.26077e-13	1.67847e-12	2.00388e-13	11680
-0.79494	7.04227e-13	1.00064e-13	1.67847e-12	2.00388e-13	11709
-0.792277	9.18833e-13	1.19491e-13	1.67847e-12	2.00388e-13	11543
-0.789614	7.5208e-13	9.399e-14	1.67847e-12	2.00388e-13	11644
-0.786951	1.0572e-12	1.31117e-13	1.67847e-12	2.00388e-13	11454
-0.784288	2.13261e-12	2.38125e-13	1.67847e-12	2.00388e-13	11537
-0.781625	1.03197e-12	1.3744e-13	1.67847e-12	2.00388e-13	11675
-0.778961	1.21479e-12	1.41607e-13	1.67847e-12	2.00388e-13	11450
-0.776298	8.30434e-13	1.01401e-13	1.67847e-12	2.00388e-13	11788
-0.773635	7.48584e-13	1.03957e-13	1.67847e-12	2.00388e-13	11619
-0.770972	2.26195e-12	2.60797e-13	1.67847e-12	2.00388e-13	11709
-0.768309	3.00207e-12	3.49358e-13	1.67847e-12	2.00388e-13	12233
-0.765646	9.70646e-13	1.29322e-13	1.67847e-12	2.00388e-13	12536
-0.762983	1.68661e-12	2.07257e-13	1.67847e-12	2.00388e-13	11553
-0.76032	7.52663e-13	9.27515e-14	1.67847e-12	2.00388e-13	11778
-0.757656	1.23198e-12	1.55321e-13	1.67847e-12	2.00388e-13	11923
-0.754993	1.66728e-12	1.91175e-13	1.67847e-12	2.00388e-13	11501
-0.75233	1.60619e-12	1.85071e-13	1.67847e-12	2.00388e-13	11967
-0.749667	1.25454e-12	1.60771e-13	1.67847e-12	2.00388e-13	11596
-0.747004	1.04634e-12	1.38605e-13	1.67847e-12	2.00388e-13	11348
-0.744341	7.33839e-13	1.09767e-13	1.67847e-12	2.00388e-13	11440
-0.741678	5.4066e-13	7.05331e-14	1.67847e-12	2.00388e-13	11487
-0.739015	1.36593e-12	1.59341e-13	1.67847e-12	2.00388e-13	11312
-0.736352	2.95556e-12	3.58799e-13	1.67847e-12	2.00388e-13	11259
-0.733688	2.48033e-12	3.19655e-13	1.67847e-12	2.00388e-13	11488
-0.731025	6.817e-13	8.9697e-14	1.67847e-12	2.00388e-13	11559
-0.728362	1.02609e-12	1.52394e-13	1.67847e-12	2.00388e-13	11346
-0.725699	1.40031e-12	1.90936e-13	1.67847e-12	2.00388e-13	11461
-0.723036	8.02721e-13	9.77893e-14	1.67847e-12	2.00388e-13	13141
-0.720373	9.45947e-13	1.28831e-13	1.67847e-12	2.00388e-13	12023
-0.71771	9.2352e-13	1.10375e-13	1.67847e-12	2.00388e-13	12510
-0.715047	1.03449e-12	1.41886e-13	1.67847e-12	2.00388e-13	12256
-0.712383	1.53718e-12	1.98292e-13	1.67847e-12	2.00388e-13	11673
-0.70972	9.49762e-13	1.15759e-13	1.67847e-12	2.00388e-13	11812
-0.707057	3.34017e-12	3.91525e-13	1.67847e-12	2.00388e-13	11688
-0.704394	6.30118e-13	7.8332e-14	1.67847e-12	2.00388e-13	11649
-0.701731	1.14792e-12	1.47506e-13	1.67847e-12	2.00388e-13	11780
-0.699068	8.92064e-13	1.26639e-13	1.67847e-12	2.00388e-13	11902
-0.696405	6.38283e-13	8.54492e-14	1.67847e-12	2.00388e-13	12225
-0.693742	7.21549e-13	9.11323e-14	1.67847e-12	2.00388e-13	11585
-0.691079	1.28265e-12	1.77409e-13	1.67847e-12	2.00388e-13	11408
-0.688415	7.00033e-13	9.4401e-14	1.67847e-12	2.00388e-13	12140
-0.685752	6.47318e-13	8.57085e-14	1.67847e-12	2.00388e-13	11231
-0.683089	2.18934e-12	2.59181e-13	1.67847e-12	2.00388e-13	11701
-0.680426	5.81016e-13	7.30455e-14	1.67847e-12	2.00388e-13	11907
-0.677763	1.72878e-12	2.22095e-13	1.67847e-12	2.00388e-13	12062
-0.6751	1.49617e-12	1.72655e-13	1.67847e-12	2.00388e-13	12311
-0.672437	9.26819e-13	1.16696e-13	1.67847e-12	2.00388e-13	11532
-0.669774	8.21624e-13	1.03118e-13	1.67847e-12	2.00388e-13	11634
-0.667111	1.13159e-12	1.47314e-13	1.67847e-12	2.00388e-13	11413
-0.664447	2.60696e-12	3.11784e-13	1.67847e-12	2.00388e-13	11342
-0.661784	4.65411e-13	5.95126e-14	1.67847e-12	2.00388e-13	11272
-0.659121	8.76143e-13	1.0959e-13	1.67847e-12	2.00388e-13	11367
-0.656458	1.3504e-12	1.82569e-13	1.67847e-12	2.00388e-13	11606
-0.653795	1.20122e-12	1.59508e-13	1.67847e-12	2.00388e-13	11756
-0.651132	6.47401e-13	8.91346e-14	1.67847e-12	2.00388e-13	11421
-0.648469	1.77106e-12	2.15638e-13	1.67847e-12	2.00388e-13	11400
-0.645806	6.56834e-13	8.52609e-14	1.67847e-12	2.00388e-13	11494
-0.643142	1.38855e-12	1.67568e-13	1.67847e-12	2.00388e-13	12281
-0.640479	6.34429e-13	8.40524e-14	1.67847e-12	2.00388e-13	12782
-0.637816	9.69434e-13	1.51689e-13	1.67847e-12	2.00388e-13	12005
-0.635153	1.17896e-12	1.54638e-13	1.67847e-12	2.00388e-13	13545
-0.63249	5.24274e-13	7.57393e-14	1.67847e-12	2.00388e-13	12181
-0.629827	7.89419e-13	9.64083e-14	1.67847e-12	2.00388e-13	12076
-0.627164	8.20952e-13	1.14295e-13	1.67847e-12	2.00388e-13	12053
-0.624501	1.5137e-12	1.89123e-13	1.67847e-12	2.00388e-13	12005
-0.621838	1.92365e-12	2.2623e-13	1.67847e-12	2.00388e-13	12508
-0.619174	1.19331e-12	1.48746e-13	1.67847e-12	2.00388e-13	11954
-0.616511	1.17468e-12	1.45721e-13	1.67847e-12	2.00388e-13	11804
-0.613848	8.85856e-13	1.21396e-13	1.67847e-12	2.00388e-13	12260
-0.611185	9.03976e-13	1.15299e-13	1.67847e-12	2.00388e-13	12092
-0.608522	1.29041e-12	1.54401e-13	1.67847e-12	2.00388e-13	11619
-0.605859	9.87779e-13	1.17352e-13	1.67847e-12	2.00388e-13	11802
-0.603196	9.26978e-13	1.2567e-13	1.67847e-12	2.00388e-13	11500
-0.600533	9.6321e-13	1.43585e-13	1.67847e-12	2.00388e-13	11372
-0.59787	1.24276e-12	1.6825e-13	1.67847e-12	2.00388e-13	11368
-0.595206	1.45845e-12	1.69217e-13	1.67847e-12	2.00388e-13	11282
-0.592543	1.11925e-12	1.44395e-13	1.67847e-12	2.00388e-13	12484
-0.58988	6.04901e-13	8.22677e-14	1.67847e-12	2.00388e-13	12535
-0.587217	2.87411e-12	3.2932e-13	1.67847e-12	2.00388e-13	12141
-0.584554	1.38407e-12	1.65622e-13	1.67847e-12	2.00388e-13	11687
-0.581891	8.51631e-13	1.17194e-13	1.67847e-12	2.00388e-13	12115
-0.579228	2.16248e-12	2.45765e-13	1.67847e-12	2.00388e-13	11532
-0.576565	7.46505e-13	1.01555e-13	1.67847e-12	2.00388e-13	11694
-0.573901	1.79592e-12	2.34958e-13	1.67847e-12	2.00388e-13	11348
-0.571238	1.84032e-12	2.39667e-13	1.67847e-12	2.00388e-13	11684
-0.568575	1.50587e-12	1.99167e-13	1.67847e-12	2.00388e-13	11647
-0.565912	1.20419e-12	1.59325e-13	1.67847e-12	2.00388e-13	11446
-0.563249	1.65216e-12	2.13216e-13	1.67847e-12	2.00388e-13	11544
-0.560586	8.04482e-13	1.02711e-13	1.67847e-12	2.00388e-13	11462
-0.557923	1.76097e-12	2.1123e-13	1.67847e-12	2.00388e-13	11426
-0.55526	8.08096e-13	1.14848e-13	1.67847e-12	2.00388e-13	11460
-0.552597	9.22954e-13	1.23379e-13	1.67847e-12	2.00388e-13	11525
-0.549933	2.18833e-12	2.50985e-13	1.67847e-12	2.00388e-13	11399
-0.54727	1.38531e-12	1.75441e-13	1.67847e-12	2.00388e-13	13289
-0.544607	1.43034e-12	1.63424e-13	1.67847e-12	2.00388e-13	12737
-0.541944	7.39432e-13	1.00409e-13	1.67847e-12	2.00388e-13	11782
-0.539281	1.11381e-12	1.39853e-13	1.67847e-12	2.00388e-13	12466
-0.536618	1.36812e-12	1.72456e-13	1.67847e-12	2.00388e-13	12133
-0.533955	1.22473e-12	1.60957e-13	1.67847e-12	2.00388e-13	11809
-0.531292	8.51316e-13	1.16829e-13	1.67847e-12	2.00388e-13	12363
-0.528628	1.10527e-12	1.31389e-13	1.67847e-12	2.00388e-13	11980
-0.525965	9.94589e-13	1.37914e-13	1.67847e-12	2.00388e-13	11900
-0.523302	1.45221e-12	1.87599e-13	1.67847e-12	2.00388e-13	12383
-0.520639	9.84797e-13	1.30407e-13	1.67847e-12	2.00388e-13	12040
-0.517976	2.00038e-12	2.72268e-13	1.67847e-12	2.00388e-13	12266
-0.515313	1.97312e-12	2.2476e-13	1.67847e-12	2.00388e-13	12067
-0.51265	4.63168e-13	6.26938e-14	1.67847e-12	2.00388e-13	12084
-0.509987	1.44149e-12	1.83986e-13	1.67847e-12	2.00388e-13	12004
-0.507324	1.18159e-12	1.47596e-13	1.67847e-12	2.00388e-13	12182
-0.50466	1.24858e-12	1.50258e-13	1.67847e-12	2.00388e-13	13928
-0.501997	1.30766e-12	1.98615e-13	1.67847e-12	2.00388e-13	12485
-0.499334	7.37411e-13	1.00647e-13	1.67847e-12	2.00388e-13	11960
-0.496671	8.09901e-13	1.00569e-13	1.67847e-12	2.00388e-13	11809
-0.494008	6.73988e-13	9.25353e-14	1.67847e-12	2.00388e-13	11729
-0.491345	6.08729e-13	8.25457e-14	1.67847e-12	2.00388e-13	11511
-0.488682	1.28131e-12	1.79217e-13	1.67847e-12	2.00388e-13	11348
-0.486019	2.88044e-12	3.32983e-13	1.67847e-12	2.00388e-13	11340
-0.483356	9.73972e-13	1.30473e-13	1.67847e-12	2.00388e-13	11983
-0.480692	2.37293e-12	2.77152e-13	1.67847e-12	2.00388e-13	11766
-0.478029	6.31271e-13	8.3763e-14	1.67847e-12	2.00388e-13	11403
-0.475366	1.42582e-12	1.82691e-13	1.67847e-12	2.00388e-13	11598
-0.472703	1.09005e-12	1.36635e-13	1.67847e-12	2.00388e-13	11358
-0.47004	8.32107e-13	1.07114e-13	1.67847e-12	2.00388e-13	11347
-0.467377	5.5394e-13	7.4878e-14	1.67847e-12	2.00388e-13	11390
-0.464714	6.90238e-13	8.82334e-14	1.67847e-12	2.00388e-13	11362
-0.462051	1.05756e-12	1.28171e-13	1.67847e-12	2.00388e-13	12818
-0.459387	1.0551e-12	1.60482e-13	1.67847e-12	2.00388e-13	12188
-0.456724	1.54031e-12	2.04954e-13	1.67847e-12	2.00388e-13	12033
-0.454061	1.74257e-12	2.10785e-13	1.67847e-12	2.00388e-13	11442
-0.451398	1.27302e-12	1.46348e-13	1.67847e-12	2.00388e-13	11214
-0.448735	1.02765e-12	1.30165e-13	1.67847e-12	2.00388e-13	11236
-0.446072	3.20171e-12	3.64419e-13	1.67847e-12	2.00388e-13	11159
-0.443409	1.02524e-12	1.43096e-13	1.67847e-12	2.00388e-13	11394
-0.440746	2.37601e-12	2.7278e-13	1.67847e-12	2.00388e-13	11793
-0.438083	7.8291e-13	1.00804e-13	1.67847e-12	2.00388e-13	11846
-0.435419	8.51645e-13	1.15205e-13	1.67847e-12	2.00388e-13	12196
-0.432756	7.74131e-13	1.02348e-13	1.67847e-12	2.00388e-13	11903
-0.430093	8.1699e-13	1.1165e-13	1.67847e-12	2.00388e-13	12103
-0.42743	1.5737e-12	2.13191e-13	1.67847e-12	2.00388e-13	13295
-0.424767	2.14983e-12	2.59995e-13	1.67847e-12	2.00388e-13	12070
-0.422104	1.04649e-12	1.63479e-13	1.67847e-12	2.00388e-13	12205
-0.419441	5.67378e-13	7.04549e-14	1.67847e-12	2.00388e-13	11500
-0.416778	8.89776e-13	1.22905e-13	1.67847e-12	2.00388e-13	11970
-0.414115	7.45059e-13	1.02103e-13	1.67847e-12	2.00388e-13	11903
-0.411451	2.20801e-12	2.66443e-13	1.67847e-12	2.00388e-13	11514
-0.408788	6.71347e-13	8.82784e-14	1.67847e-12	2.00388e-13	11810
-0.406125	9.99264e-13	1.3674e-13	1.67847e-12	2.00388e-13	11928
-0.403462	8.54201e-13	1.08045e-13	1.67847e-12	2.00388e-13	11868
-0.400799	9.35451e-13	1.1643e-13	1.67847e-12	2.00388e-13	11380
-0.398136	1.08296e-12	1.4704e-13	1.67847e-12	2.00388e-13	11248
-0.395473	7.0955e-13	8.98337e-14	1.67847e-12	2.00388e-13	12285
-0.39281	9.79318e-13	1.1605e-13	1.67847e-12	2.00388e-13	11672
-0.390146	4.46292e-13	6.60208e-14	1.67847e-12	2.00388e-13	11446
-0.387483	1.27948e-12	1.65743e-13	1.67847e-12	2.00388e-13	11620
-0.38482	9.65641e-13	1.2536e-13	1.67847e-12	2.00388e-13	11256
-0.382157	9.47788e-13	1.17957e-13	1.67847e-12	2.00388e-13	11208
-0.379494	1.39376e-12	1.58718e-13	1.67847e-12	2.00388e-13	11493
-0.376831	7.69966e-13	1.17817e-13	1.67847e-12	2.00388e-13	11288
-0.374168	1.08251e-12	1.4046e-13	1.67847e-12	2.00388e-13	12594
-0.371505	8.55812e-13	1.24902e-13	1.67847e-12	2.00388e-13	12290
-0.368842	4.26211e-13	6.19814e-14	1.67847e-12	2.00388e-13	11692
-0.366178	1.90704e-12	2.09772e-13	1.67847e-12	2.00388e-13	11909
-0.363515	1.07668e-12	1.33359e-13	1.67847e-12	2.00388e-13	11600
-0.360852	7.94157e-13	1.17293e-13	1.67847e-12	2.00388e-13	11483
-0.358189	9.34538e-13	1.12331e-13	1.67847e-12	2.00388e-13	11306
-0.355526	5.88882e-13	8.39528e-14	1.67847e-12	2.00388e-13	11306
-0.352863	4.25926e-13	5.68275e-14	1.67847e-12	2.00388e-13	11273
-0.3502	1.2173e-12	1.55336e-13	1.67847e-12	2.00388e-13	11287
-0.347537	2.19985e-12	2.96609e-13	1.67847e-12	2.00388e-13	11407
-0.344874	5.78936e-13	7.00298e-14	1.67847e-12	2.00388e-13	11544
-0.34221	1.80275e-12	2.06044e-13	1.67847e-12	2.00388e-13	11370
-0.339547	1.68775e-12	2.12022e-13	1.67847e-12	2.00388e-13	11185
-0.336884	7.75772e-13	9.7543e-14	1.67847e-12	2.00388e-13	11134
-0.334221	1.92031e-12	2.4845e-13	1.67847e-12	2.00388e-13	11384
-0.331558	9.23874e-13	1.26371e-13	1.67847e-12	2.00388e-13	11163
-0.328895	1.15743e-12	1.66261e-13	1.67847e-12	2.00388e-13	12627
-0.326232	2.29925e-12	2.84233e-13	1.67847e-12	2.00388e-13	12181
-0.323569	1.08399e-12	1.28699e-13	1.67847e-12	2.00388e-13	11937
-0.320905	7.49774e-13	9.44887e-14	1.67847e-12	2.00388e-13	11697
-0.318242	1.00762e-12	1.2916e-13	1.67847e-12	2.00388e-13	13070
-0.315579	1.004e-12	1.27319e-13	1.67847e-12	2.00388e-13	11784
-0.312916	1.06402e-12	1.39016e-13	1.67847e-12	2.00388e-13	11318
-0.310253	1.8287e-12	2.42431e-13	1.67847e-12	2.00388e-13	11210
-0.30759	9.31262e-13	1.19847e-13	1.67847e-12	2.00388e-13	11542
-0.304927	9.97841e-13	1.22652e-13	1.67847e-12	2.00388e-13	11447
-0.302264	1.42292e-12	2.01162e-13	1.67847e-12	2.00388e-13	11314
-0.299601	5.66752e-13	6.89133e-14	1.67847e-12	2.00388e-13	11400
-0.296937	8.05327e-13	1.07706e-13	1.67847e-12	2.00388e-13	11411
-0.294274	1.54916e-12	1.85369e-13	1.67847e-12	2.00388e-13	11487
-0.291611	5.65897e-13	7.34214e-14	1.67847e-12	2.00388e-13	11398
-0.288948	2.88323e-12	3.60746e-13	1.67847e-12	2.00388e-13	11481
-0.286285	5.82141e-13	7.58745e-14	1.67847e-12	2.00388e-13	11401
-0.283622	8.5656e-13	1.03889e-13	1.67847e-12	2.00388e-13	12560
-0.280959	6.9801e-13	8.4994e-14	1.67847e-12	2.00388e-13	11979
-0.278296	1.49203e-12	1.83612e-13	1.67847e-12	2.00388e-13	11959
-0.275632	1.18577e-12	1.63022e-13	1.67847e-12	2.00388e-13	12076
-0.272969	8.98135e-13	1.16521e-13	1.67847e-12	2.00388e-13	11446
-0.270306	2.75606e-12	3.19507e-13	1.67847e-12	2.00388e-13	11583
-0.267643	1.42655e-12	1.86019e-13	1.67847e-12	2.00388e-13	11606
-0.26498	6.72906e-13	8.68959e-14	1.67847e-12	2.00388e-13	11655
-0.262317	1.43091e-12	1.66538e-13	1.67847e-12	2.00388e-13	11272
-0.259654	4.63446e-13	6.51773e-14	1.67847e-12	2.00388e-13	11450
-0.256991	1.1888e-12	1.49717e-13	1.67847e-12	2.00388e-13	11327
-0.254328	6.42041e-13	8.92373e-14	1.67847e-12	2.00388e-13	11209
-0.251664	5.52758e-13	7.71323e-14	1.67847e-12	2.00388e-13	11200
-0.249001	8.29689e-13	1.14676e-13	1.67847e-12	2.00388e-13	11393
-0.246338	6.75365e-13	8.73471e-14	1.67847e-12	2.00388e-13	11378
-0.243675	7.83839e-13	1.00163e-13	1.67847e-12	2.00388e-13	11307
-0.241012	7.06879e-13	9.17551e-14	1.67847e-12	2.00388e-13	11583
-0.238349	5.38503e-13	6.87848e-14	1.67847e-12	2.00388e-13	12216
-0.235686	1.93397e-12	2.55464e-13	1.67847e-12	2.00388e-13	11566
-0.233023	1.7531e-12	2.12274e-13	1.67847e-12	2.00388e-13	12555
-0.23036	1.25864e-12	1.50764e-13	1.67847e-12	2.00388e-13	11631
-0.227696	2.22213e-12	2.59405e-13	1.67847e-12	2.00388e-13	11594
-0.225033	5.77799e-13	7.62354e-14	1.67847e-12	2.00388e-13	11550
-0.22237	6.43094e-13	8.78933e-14	1.67847e-12	2.00388e-13	11357
-0.219707	1.50333e-12	1.97104e-13	1.67847e-12	2.00388e-13	11629
-0.217044	1.62223e-12	1.85269e-13	1.67847e-12	2.00388e-13	11403
-0.214381	7.22458e-13	9.70316e-14	1.67847e-12	2.00388e-13	11363
-0.211718	1.25147e-12	1.7122e-13	1.67847e-12	2.00388e-13	11286
-0.209055	5.50963e-13	7.28136e-14	1.67847e-12	2.00388e-13	11604
-0.206391	1.07859e-12	1.27979e-13	1.67847e-12	2.00388e-13	11371
-0.203728	1.19366e-12	1.58268e-13	1.67847e-12	2.00388e-13	11722
-0.201065	8.33963e-13	1.00256e-13	1.67847e-12	2.00388e-13	11620
-0.198402	1.68244e-12	1.9365e-13	1.67847e-12	2.00388e-13	11352
-0.195739	1.02756e-12	1.22802e-13	1.67847e-12	2.00388e-13	12866
-0.193076	1.16271e-12	1.46286e-13	1.67847e-12	2.00388e-13	12322
-0.190413	1.19873e-12	1.43102e-13	1.67847e-12	2.00388e-13	11612
-0.18775	7.43467e-13	9.90935e-14	1.67847e-12	2.00388e-13	11603
-0.185087	1.25642e-12	1.50201e-13	1.67847e-12	2.00388e-13	11745
-0.182423	1.52371e-12	1.94358e-13	1.67847e-12	2.00388e-13	11593
-0.17976	1.57246e-12	1.89204e-13	1.67847e-12	2.00388e-13	11481
-0.177097	6.37673e-13	8.64686e-14	1.67847e-12	2.00388e-13	11303
-0.174434	2.17167e-12	2.54989e-13	1.67847e-12	2.00388e-13	11311
-0.171771	1.13583e-12	1.40951e-13	1.67847e-12	2.00388e-13	11373
-0.169108	1.60234e-12	2.1328e-13	1.67847e-12	2.00388e-13	11436
-0.166445	3.32067e-12	3.99005e-13	1.67847e-12	2.00388e-13	11462
-0.163782	8.71082e-13	1.16748e-13	1.67847e-12	2.00388e-13	11555
-0.161119	9.21756e-13	1.38413e-13	1.67847e-12	2.00388e-13	11566
-0.158455	1.41335e-12	1.87094e-13	1.67847e-12	2.00388e-13	11390
-0.155792	1.33732e-12	1.79842e-13	1.67847e-12	2.00388e-13	11250
-0.153129	8.99867e-13	1.17329e-13	1.67847e-12	2.00388e-13	11819
-0.150466	9.28594e-13	1.18648e-13	1.67847e-12	2.00388e-13	12785
-0.147803	6.25994e-13	7.71595e-14	1.67847e-12	2.00388e-13	12556
-0.14514	1.02603e-12	1.30682e-13	1.67847e-12	2.00388e-13	11380
-0.142477	7.09579e-13	8.95195e-14	1.67847e-12	2.00388e-13	11466
-0.139814	2.06897e-12	2.50626e-13	1.67847e-12	2.00388e-13	11512
-0.13715	9.73493e-13	1.29202e-13	1.67847e-12	2.00388e-13	11288
-0.134487	2.05072e-12	2.44706e-13	1.67847e-12	2.00388e-13	11717
-0.131824	2.61629e-12	3.39944e-13	1.67847e-12	2.00388e-13	11622
-0.129161	1.47287e-12	2.02987e-13	1.67847e-12	2.00388e-13	11436
-0.126498	7.07337e-13	9.92885e-14	1.67847e-12	2.00388e-13	11521
-0.123835	7.48111e-13	9.65428e-14	1.67847e-12	2.00388e-13	11455
-0.121172	1.88011e-12	2.46237e-13	1.67847e-12	2.00388e-13	11272
-0.118509	1.58258e-12	1.88173e-13	1.67847e-12	2.00388e-13	11443
-0.115846	2.13371e-12	2.50993e-13	1.67847e-12	2.00388e-13	11442
-0.113182	5.52666e-13	7.54545e-14	1.67847e-12	2.00388e-13	11328
-0.110519	1.17908e-12	1.53379e-13	1.67847e-12	2.00388e-13	11541
-0.107856	1.16717e-12	1.48434e-13	1.67847e-12	2.00388e-13	12572
-0.105193	1.05672e-12	1.2944e-13	1.67847e-12	2.00388e-13	11933
-0.10253	5.50009e-13	6.99701e-14	1.67847e-12	2.00388e-13	11824
-0.0998668	7.38398e-13	9.67038e-14	1.67847e-12	2.00388e-13	11965
-0.0972037	9.67959e-13	1.2744e-13	1.67847e-12	2.00388e-13	11764
-0.0945406	8.38336e-13	1.09892e-13	1.67847e-12	2.00388e-13	11598
-0.0918775	8.65367e-13	1.11027e-13	1.67847e-12	2.00388e-13	11655
-0.0892144	1.84276e-12	2.33241e-13	1.67847e-12	2.00388e-13	12123
-0.0865513	1.59864e-12	2.3008e-13	1.67847e-12	2.00388e-13	11729
-0.0838881	1.23148e-12	1.46621e-13	1.67847e-12	2.00388e-13	11315
-0.081225	4.98863e-13	6.88694e-14	1.67847e-12	2.00388e-13	11992
-0.0785619	8.60481e-13	1.15616e-13	1.67847e-12	2.00388e-13	11563
-0.0758988	1.59433e-12	2.18744e-13	1.67847e-12	2.00388e-13	11735
-0.0732357	9.13936e-13	1.37852e-13	1.67847e-12	2.00388e-13	11370
-0.0705726	1.31517e-12	1.68236e-13	1.67847e-12	2.00388e-13	11820
-0.0679095	1.06197e-12	1.27337e-13	1.67847e-12	2.00388e-13	11736
-0.0652463	1.07038e-12	1.30415e-13	1.67847e-12	2.00388e-13	12197
-0.0625832	1.77856e-12	2.1049e-13	1.67847e-12	2.00388e-13	12233
-0.0599201	8.51847e-13	1.00388e-13	1.67847e-12	2.00388e-13	12140
-0.057257	7.76553e-13	9.68114e-14	1.67847e-12	2.00388e-13	11776
-0.0545939	2.04246e-12	2.7143e-13	1.67847e-12	2.00388e-13	11791
-0.0519308	2.02694e-12	2.38591e-13	1.67847e-12	2.00388e-13	11464
-0.0492676	2.25898e-12	3.02908e-13	1.67847e-12	2.00388e-13	11688
-0.0466045	1.30281e-12	1.62755e-13	1.67847e-12	2.00388e-13	12202
-0.0439414	8.57213e-13	1.12477e-13	1.67847e-12	2.00388e-13	12426
-0.0412783	4.8937e-13	6.28049e-14	1.67847e-12	2.00388e-13	12763
-0.0386152	6.69321e-13	8.68658e-14	1.67847e-12	2.00388e-13	12216
-0.0359521	6.93164e-13	8.78614e-14	1.67847e-12	2.00388e-13	11621
-0.0332889	8.82405e-13	1.15599e-13	1.67847e-12	2.00388e-13	11644
-0.0306258	2.18565e-12	2.59956e-13	1.67847e-12	2.00388e-13	11587
-0.0279627	1.15324e-12	1.59612e-13	1.67847e-12	2.00388e-13	11731
-0.0252996	6.62389e-13	8.59521e-14	1.67847e-12	2.00388e-13	11683
-0.0226365	1.78177e-12	2.0645e-13	1.67847e-12	2.00388e-13	12182
-0.0199734	2.45754e-12	2.93489e-13	1.67847e-12	2.00388e-13	12665
-0.0173103	1.08599e-12	1.50286e-13	1.67847e-12	2.00388e-13	12556
-0.0146471	8.20055e-13	1.09056e-13	1.67847e-12	2.00388e-13	11593
-0.011984	1.42994e-12	1.75182e-13	1.67847e-12	2.00388e-13	11655
-0.00932091	1.21346e-12	1.45005e-13	1.67847e-12	2.00388e-13	11542
-0.00665779	8.7835e-13	1.09492e-13	1.67847e-12	2.00388e-13	11390
-0.00399467	2.068e-12	2.35837e-13	1.67847e-12	2.00388e-13	11363
-0.00133156	2.08287e-12	2.44084e-13	1.67847e-12	2.00388e-13	11391
0.00133156	1.72361e-12	2.1161e-13	1.67847e-12	2.00388e-13	11377
0.00399467	5.74016e-13	7.46307e-14	1.67847e-12	2.00388e-13	11771
0.00665779	8.32337e-13	1.0747e-13	1.67847e-12	2.00388e-13	12394
0.00932091	1.1867e-12	1.50352e-13	1.67847e-12	2.00388e-13	12140
0.011984	1.20149e-12	1.64983e-13	1.67847e-12	2.00388e-13	11773
0.0146471	3.15462e-12	3.65702e-13	1.67847e-12	2.00388e-13	12434
0.0173103	2.9656e-12	3.63183e-13	1.67847e-12	2.00388e-13	11344
0.0199734	3.60362e-12	4.27363e-13	1.67847e-12	2.00388e-13	11446
0.0226365	5.95447e-13	7.88358e-14	1.67847e-12	2.00388e-13	11771
0.0252996	2.22556e-12	2.76583e-13	1.67847e-12	2.00388e-13	12345
0.0279627	1.6263e-12	2.20405e-13	1.67847e-12	2.00388e-13	12826
0.0306258	1.5021e-12	1.77433e-13	1.67847e-12	2.00388e-13	11765
0.0332889	1.98525e-12	2.22216e-13	1.67847e-12	2.00388e-13	12555
0.0359521	7.45115e-13	1.06493e-13	1.67847e-12	2.00388e-13	11674
0.0386152	1.08847e-12	1.42867e-13	1.67847e-12	2.00388e-13	11554
0.0412783	5.97147e-13	7.78135e-14	1.67847e-12	2.00388e-13	11629
0.0439414	1.16426e-12	1.46465e-13	1.67847e-12	2.00388e-13	11455
0.0466045	9.25867e-13	1.09363e-13	1.67847e-12	2.00388e-13	11741
0.0492676	7.31972e-13	9.42695e-14	1.67847e-12	2.00388e-13	11494
0.0519308	9.69404e-13	1.27454e-13	1.67847e-12	2.00388e-13	11817
0.0545939	1.48712e-12	1.80149e-13	1.67847e-12	2.00388e-13	11562
0.057257	5.99182e-13	7.38863e-14	1.67847e-12	2.00388e-13	11467
0.0599201	8.72192e-13	1.13186e-13	1.67847e-12	2.00388e-13	11245
0.0625832	1.6813e-12	2.1608e-13	1.67847e-12	2.00388e-13	11501
0.0652463	9.16007e-13	1.13246e-13	1.67847e-12	2.00388e-13	11641
0.0679095	1.18768e-12	1.43846e-13	1.67847e-12	2.00388e-13	12478
0.0705726	4.73723e-13	6.05385e-14	1.67847e-12	2.00388e-13	12000
0.0732357	1.77316e-12	2.12707e-13	1.67847e-12	2.00388e-13	11719
0.0758988	6.66419e-13	8.88616e-14	1.67847e-12	2.00388e-13	12661
0.0785619	9.3419e-13	1.2804e-13	1.67847e-12	2.00388e-13	11620
0.081225	1.04535e-12	1.44955e-13	1.67847e-12	2.00388e-13	11378
0.0838881	1.71217e-12	2.18185e-13	1.67847e-12	2.00388e-13	11311
0.0865513	1.34316e-12	1.60495e-13	1.67847e-12	2.00388e-13	11447
0.0892144	1.8358e-12	2.19421e-13	1.67847e-12	2.00388e-13	12097
0.0918775	1.67224e-12	1.85988e-13	1.67847e-12	2.00388e-13	12007
0.0945406	1.17788e-12	1.52805e-13	1.67847e-12	2.00388e-13	11629
0.0972037	6.36396e-13	8.39184e-14	1.67847e-12	2.00388e-13	11700
0.0998668	1.18195e-12	1.5747e-13	1.67847e-12	2.00388e-13	11532
0.10253	1.06806e-12	1.431e-13	1.67847e-12	2.00388e-13	12323
0.105193	1.7971e-12	2.08459e-13	1.67847e-12	2.00388e-13	11557
0.107856	1.67048e-12	2.24556e-13	1.67847e-12	2.00388e-13	11561
0.110519	8.94266e-13	1.29217e-13	1.67847e-12	2.00388e-13	11334
0.113182	1.15649e-12	1.45422e-13	1.67847e-12	2.00388e-13	13088
0.115846	1.05589e-12	1.37685e-13	1.67847e-12	2.00388e-13	12758
0.118509	9.42381e-13	1.14852e-13	1.67847e-12	2.00388e-13	11779
0.121172	1.2222e-12	1.63667e-13	1.67847e-12	2.00388e-13	11576
0.123835	1.97714e-12	2.45206e-13	1.67847e-12	2.00388e-13	12140
0.126498	3.03155e-12	3.43378e-13	1.67847e-12	2.00388e-13	11854
0.129161	2.13448e-12	2.57529e-13	1.67847e-12	2.00388e-13	11574
0.131824	1.70773e-12	2.37916e-13	1.67847e-12	2.00388e-13	11472
0.134487	2.69104e-12	3.21078e-13	1.67847e-12	2.00388e-13	11555
0.13715	9.2151e-13	1.22039e-13	1.67847e-12	2.00388e-13	11684
0.139814	2.5302e-12	2.85189e-13	1.67847e-12	2.00388e-13	11358
0.142477	1.98293e-12	2.31568e-13	1.67847e-12	2.00388e-13	11391
0.14514	2.04042e-12	2.5586e-13	1.67847e-12	2.00388e-13	11509
0.147803	8.51969e-13	1.08805e-13	1.67847e-12	2.00388e-13	11415
0.150466	9.0547e-13	1.16543e-13	1.67847e-12	2.00388e-13	11272
0.153129	7.9217e-13	1.13853e-13	1.67847e-12	2.00388e-13	11610
0.155792	1.04143e-12	1.33172e-13	1.67847e-12	2.00388e-13	12572
0.158455	1.14226e-12	1.51041e-13	1.67847e-12	2.00388e-13	12064
0.161119	2.45633e-12	3.32261e-13	1.67847e-12	2.00388e-13	11594
0.163782	1.48283e-12	1.77274e-13	1.67847e-12	2.00388e-13	11335
0.166445	9.99475e-13	1.30365e-13	1.67847e-12	2.00388e-13	11411
0.169108	8.64554e-13	1.14382e-13	1.67847e-12	2.00388e-13	11552
0.171771	7.66418e-13	9.37928e-14	1.67847e-12	2.00388e-13	11639
0.174434	5.69845e-13	7.60588e-14	1.67847e-12	2.00388e-13	11809
0.177097	7.03167e-13	1.07343e-13	1.67847e-12	2.00388e-13	12022
0.17976	2.21722e-12	2.95315e-13	1.67847e-12	2.00388e-13	11597
0.182423	8.75825e-13	1.10549e-13	1.67847e-12	2.00388e-13	11507
0.185087	1.08377e-12	1.56288e-13	1.67847e-12	2.00388e-13	11475
0.18775	8.01806e-13	1.03488e-13	1.67847e-12	2.00388e-13	11825
0.190413	5.15971e-13	6.82776e-14	1.67847e-12	2.00388e-13	11484
0.193076	7.12084e-13	8.66346e-14	1.67847e-12	2.00388e-13	11482
0.195739	9.80388e-13	1.28281e-13	1.67847e-12	2.00388e-13	11438
0.198402	1.03686e-12	1.3041e-13	1.67847e-12	2.00388e-13	11631
0.201065	8.66925e-13	1.15691e-13	1.67847e-12	2.00388e-13	12281
0.203728	1.29747e-12	1.61195e-13	1.67847e-12	2.00388e-13	12274
0.206391	7.97498e-13	9.71341e-14	1.67847e-12	2.00388e-13	11305
0.209055	2.13241e-12	2.72352e-13	1.67847e-12	2.00388e-13	11485
0.211718	1.13397e-12	1.45212e-13	1.67847e-12	2.00388e-13	11301
0.214381	1.09019e-12	1.3499e-13	1.67847e-12	2.00388e-13	11387
0.217044	8.72216e-13	1.25609e-13	1.67847e-12	2.00388e-13	11349
0.219707	1.83442e-12	2.16443e-13	1.67847e-12	2.00388e-13	11356
0.22237	1.52791e-12	2.06964e-13	1.67847e-12	2.00388e-13	11752
0.225033	1.09859e-12	1.36064e-13	1.67847e-12	2.00388e-13	11591
0.227696	3.29545e-13	4.4745e-14	1.67847e-12	2.00388e-13	11299
0.23036	9.95507e-13	1.29528e-13	1.67847e-12	2.00388e-13	11449
0.233023	2.00287e-12	2.39627e-13	1.67847e-12	2.00388e-13	11402
0.235686	9.93741e-13	1.23659e-13	1.67847e-12	2.00388e-13	11410
0.238349	1.89515e-12	2.48334e-13	1.67847e-12	2.00388e-13	11513
0.241012	7.98047e-13	9.87749e-14	1.67847e-12	2.00388e-13	11354
0.243675	8.72632e-13	1.14165e-13	1.67847e-12	2.00388e-13	11614
0.246338	1.18324e-12	1.68355e-13	1.67847e-12	2.00388e-13	12694
0.249001	8.68248e-13	9.95651e-14	1.67847e-12	2.00388e-13	12051
0.251664	8.15582e-13	1.07339e-13	1.67847e-12	2.00388e-13	11957
0.254328	9.25741e-13	1.21915e-13	1.67847e-12	2.00388e-13	11340
0.256991	9.37085e-13	1.14063e-13	1.67847e-12	2.00388e-13	11292
0.259654	1.01363e-12	1.34115e-13	1.67847e-12	2.00388e-13	11195
0.262317	1.10063e-12	1.42797e-13	1.67847e-12	2.00388e-13	11259
0.26498	5.55551e-13	7.75173e-14	1.67847e-12	2.00388e-13	11178
0.267643	9.25773e-13	1.14715e-13	1.67847e-12	2.00388e-13	11538
0.270306	1.10139e-12	1.3369e-13	1.67847e-12	2.00388e-13	11212
0.272969	8.77922e-13	1.24763e-13	1.67847e-12	2.00388e-13	11255
0.275632	1.30431e-12	1.61701e-13	1.67847e-12	2.00388e-13	11188
0.278296	1.2528e-12	1.57277e-13	1.67847e-12	2.00388e-13	11260
0.280959	1.04844e-12	1.4367e-13	1.67847e-12	2.00388e-13	11293
0.283622	1.25427e-12	1.65557e-13	1.67847e-12	2.00388e-13	11384
0.286285	7.00981e-13	1.04793e-13	1.67847e-12	2.00388e-13	11200
0.288948	1.23343e-12	1.4986e-13	1.67847e-12	2.00388e-13	11267
0.291611	4.79692e-13	5.93872e-14	1.67847e-12	2.00388e-13	12464
0.294274	1.0925e-12	1.45463e-13	1.67847e-12	2.00388e-13	12079
0.296937	2.36558e-12	2.6651e-13	1.67847e-12	2.00388e-13	11409
0.299601	9.50367e-13	1.12363e-13	1.67847e-12	2.00388e-13	11500
0.302264	4.52889e-13	7.02759e-14	1.67847e-12	2.00388e-13	11564
0.304927	1.1395e-12	1.57127e-13	1.67847e-12	2.00388e-13	11223
0.30759	8.19755e-13	1.20666e-13	1.67847e-12	2.00388e-13	11404
0.310253	5.48598e-13	6.90205e-14	1.67847e-12	2.00388e-13	11780
0.312916	1.34342e-12	1.8022e-13	1.67847e-12	2.00388e-13	11437
0.315579	8.68176e-13	1.13389e-13	1.67847e-12	2.00388e-13	11532
0.318242	7.37942e-13	1.02962e-13	1.67847e-12	2.00388e-13	11517
0.320905	7.63758e-13	9.85941e-14	1.67847e-12	2.00388e-13	11245
0.323569	1.83187e-12	2.25535e-13	1.67847e-12	2.00388e-13	11483
0.326232	1.05696e-12	1.27072e-13	1.67847e-12	2.00388e-13	11434
0.328895	8.88139e-13	1.08871e-13	1.67847e-12	2.00388e-13	11575
0.331558	2.14391e-12	2.43418e-13	1.67847e-12	2.00388e-13	11177
0.334221	9.00743e-13	1.15991e-13	1.67847e-12	2.00388e-13	11414
0.336884	5.99238e-13	7.67493e-14	1.67847e-12	2.00388e-13	12412
0.339547	1.27251e-12	1.56883e-13	1.67847e-12	2.00388e-13	12376
0.34221	7.70793e-13	1.11204e-13	1.67847e-12	2.00388e-13	11691
0.344874	1.00368e-12	1.25149e-13	1.67847e-12	2.00388e-13	11756
0.347537	8.25771e-13	1.11491e-13	1.67847e-12	2.00388e-13	11425
0.3502	9.06184e-13	1.2919e-13	1.67847e-12	2.00388e-13	11477
0.352863	8.22568e-13	1.06555e-13	1.67847e-12	2.00388e-13	11589
0.355526	1.07755e-12	1.32304e-13	1.67847e-12	2.00388e-13	11679
0.358189	1.33122e-12	1.7251e-13	1.67847e-12	2.00388e-13	11270
0.360852	1.23925e-12	1.4702e-13	1.67847e-12	2.00388e-13	11294
0.363515	1.44781e-12	1.73693e-13	1.67847e-12	2.00388e-13	11494
0.366178	1.19973e-12	1.40131e-13	1.67847e-12	2.00388e-13	11513
0.368842	1.26998e-12	1.73887e-13	1.67847e-12	2.00388e-13	11976
0.371505	8.5323e-13	1.0237e-13	1.67847e-12	2.00388e-13	11431
0.374168	1.08013e-12	1.26741e-13	1.67847e-12	2.00388e-13	11375
0.376831	6.55455e-13	8.99918e-14	1.67847e-12	2.00388e-13	11406
0.379494	1.17063e-12	1.55504e-13	1.67847e-12	2.00388e-13	11422
0.382157	7.22175e-13	9.13443e-14	1.67847e-12	2.00388e-13	11967
0.38482	1.31538e-12	1.6431e-13	1.67847e-12	2.00388e-13	12407
0.387483	1.21471e-12	1.45453e-13	1.67847e-12	2.00388e-13	11963
0.390146	1.36807e-12	1.70076e-13	1.67847e-12	2.00388e-13	11270
0.39281	2.03888e-12	2.61665e-13	1.67847e-12	2.00388e-13	11553
0.395473	2.61663e-12	3.30684e-13	1.67847e-12	2.00388e-13	11365
0.398136	2.56906e-12	3.00917e-13	1.67847e-12	2.00388e-13	11790
0.400799	8.00346e-13	9.38989e-14	1.67847e-12	2.00388e-13	11576
0.403462	1.01205e-12	1.29167e-13	1.67847e-12	2.00388e-13	11573
0.406125	7.52803e-13	9.2399e-14	1.67847e-12	2.00388e-13	11443
0.408788	1.46515e-12	1.86781e-13	1.67847e-12	2.00388e-13	11674
0.411451	1.05753e-12	1.36849e-13	1.67847e-12	2.00388e-13	11433
0.414115	8.58921e-13	1.32666e-13	1.67847e-12	2.00388e-13	11356
0.416778	1.2305e-12	1.58055e-13	1.67847e-12	2.00388e-13	11804
0.419441	8.41376e-13	1.13477e-13	1.67847e-12	2.00388e-13	11560
0.422104	1.36163e-12	1.8247e-13	1.67847e-12	2.00388e-13	11595
0.424767	6.46445e-13	9.61848e-14	1.67847e-12	2.00388e-13	12138
0.42743	5.99845e-13	8.68408e-14	1.67847e-12	2.00388e-13	12368
0.430093	1.2531e-12	1.65558e-13	1.67847e-12	2.00388e-13	12030
0.432756	1.28265e-12	1.45511e-13	1.67847e-12	2.00388e-13	11724
0.435419	1.20722e-12	1.69393e-13	1.67847e-12	2.00388e-13	12011
0.438083	6.5393e-13	8.86873e-14	1.67847e-12	2.00388e-13	11929
0.440746	1.00247e-12	1.35127e-13	1.67847e-12	2.00388e-13	11652
0.443409	1.31624e-12	1.61676e-13	1.67847e-12	2.00388e-13	11631
0.446072	8.22108e-13	1.04826e-13	1.67847e-12	2.00388e-13	11691
0.448735	8.94357e-13	1.2336e-13	1.67847e-12	2.00388e-13	12579
0.451398	8.52583e-13	1.2183e-13	1.67847e-12	2.00388e-13	12202
0.454061	1.25794e-12	1.51434e-13	1.67847e-12	2.00388e-13	11971
0.456724	1.75982e-12	2.3517e-13	1.67847e-12	2.00388e-13	11725
0.459387	9.21257e-13	1.09068e-13	1.67847e-12	2.00388e-13	11661
0.462051	1.11692e-12	1.33942e-13	1.67847e-12	2.00388e-13	11665
0.464714	1.30177e-12	1.67399e-13	1.67847e-12	2.00388e-13	11646
0.467377	7.71753e-13	9.29728e-14	1.67847e-12	2.00388e-13	11746
0.47004	4.25194e-13	5.83309e-14	1.67847e-12	2.00388e-13	12449
0.472703	9.65077e-13	1.28159e-13	1.67847e-12	2.00388e-13	12180
0.475366	8.85935e-13	1.19925e-13	1.67847e-12	2.00388e-13	11471
0.478029	7.48031e-13	9.35569e-14	1.67847e-12	2.00388e-13	11251
0.480692	2.1788e-12	2.68909e-13	1.67847e-12	2.00388e-13	11260
0.483356	1.284e-12	1.52237e-13	1.67847e-12	2.00388e-13	11236
0.486019	1.14734e-12	1.46331e-13	1.67847e-12	2.00388e-13	11211
0.488682	2.20118e-12	2.69263e-13	1.67847e-12	2.00388e-13	11724
0.491345	7.36383e-13	8.96682e-14	1.67847e-12	2.00388e-13	11375
0.494008	8.88656e-13	1.13923e-13	1.67847e-12	2.00388e-13	11246
0.496671	1.01408e-12	1.43735e-13	1.67847e-12	2.00388e-13	11514
0.499334	1.00976e-12	1.23059e-13	1.67847e-12	2.00388e-13	11605
0.501997	1.07624e-12	1.44582e-13	1.67847e-12	2.00388e-13	11223
0.50466	2.20739e-12	3.13288e-13	1.67847e-12	2.00388e-13	11516
0.507324	1.55043e-12	1.87899e-13	1.67847e-12	2.00388e-13	11185
0.509987	5.8752e-13	7.55988e-14	1.67847e-12	2.00388e-13	11369
0.51265	5.51581e-13	7.54948e-14	1.67847e-12	2.00388e-13	11311
0.515313	7.42021e-13	9.68162e-14	1.67847e-12	2.00388e-13	12906
0.517976	4.12634e-12	4.97478e-13	1.67847e-12	2.00388e-13	11957
0.520639	1.34987e-12	1.54299e-13	1.67847e-12	2.00388e-13	11789
0.523302	8.40118e-13	1.1132e-13	1.67847e-12	2.00388e-13	11851
0.525965	6.38851e-13	8.62651e-14	1.67847e-12	2.00388e-13	11453
0.528628	7.99035e-13	1.02985e-13	1.67847e-12	2.00388e-13	11373
0.531292	1.58114e-12	1.91607e-13	1.67847e-12	2.00388e-13	11491
0.533955	1.51443e-12	2.08046e-13	1.67847e-12	2.00388e-13	11621
0.536618	5.6706e-13	6.88983e-14	1.67847e-12	2.00388e-13	11297
0.539281	7.66615e-13	9.82348e-14	1.67847e-12	2.00388e-13	11408
0.541944	1.13816e-12	1.61166e-13	1.67847e-12	2.00388e-13	11541
0.544607	1.04763e-12	1.40536e-13	1.67847e-12	2.00388e-13	11315
0.54727	2.80251e-12	3.31605e-13	1.67847e-12	2.00388e-13	11795
0.549933	2.74285e-12	3.34494e-13	1.67847e-12	2.00388e-13	11382
0.552597	5.87516e-13	8.60649e-14	1.67847e-12	2.00388e-13	11406
0.55526	2.51845e-12	2.91543e-13	1.67847e-12	2.00388e-13	11596
0.557923	6.22551e-13	7.78765e-14	1.67847e-12	2.00388e-13	12129
0.560586	9.38209e-13	1.21144e-13	1.67847e-12	2.00388e-13	11884
0.563249	9.51179e-13	1.15019e-13	1.67847e-12	2.00388e-13	12121
0.565912	1.00304e-12	1.43398e-13	1.67847e-12	2.00388e-13	11413
0.568575	4.44823e-13	6.23618e-14	1.67847e-12	2.00388e-13	11391
0.571238	2.6821e-12	3.21403e-13	1.67847e-12	2.00388e-13	11155
0.573901	4.86366e-13	6.72697e-14	1.67847e-12	2.00388e-13	11449
0.576565	9.34055e-13	1.15862e-13	1.67847e-12	2.00388e-13	11444
0.579228	2.5476e-12	3.11474e-13	1.67847e-12	2.00388e-13	11349
0.581891	2.43181e-12	2.95481e-13	1.67847e-12	2.00388e-13	11492
0.584554	9.7915e-13	1.21223e-13	1.67847e-12	2.00388e-13	11449
0.587217	1.37298e-12	1.8547e-13	1.67847e-12	2.00388e-13	11724
0.58988	1.05751e-12	1.39312e-13	1.67847e-12	2.00388e-13	11507
0.592543	9.98115e-13	1.30776e-13	1.67847e-12	2.00388e-13	11359
0.595206	1.69487e-12	2.37692e-13	1.67847e-12	2.00388e-13	11299
0.59787	8.82414e-13	1.23095e-13	1.67847e-12	2.00388e-13	11371
0.600533	1.76597e-12	2.40204e-13	1.67847e-12	2.00388e-13	11384
0.603196	4.03021e-13	5.09369e-14	1.67847e-12	2.00388e-13	11517
0.605859	1.55709e-12	1.73695e-13	1.67847e-12	2.00388e-13	12410
0.608522	5.8395e-13	7.42618e-14	1.67847e-12	2.00388e-13	11988
0.611185	6.63041e-13	8.78474e-14	1.67847e-12	2.00388e-13	11464
0.613848	7.36115e-13	9.29384e-14	1.67847e-12	2.00388e-13	11444
0.616511	1.32527e-12	1.72398e-13	1.67847e-12	2.00388e-13	11528
0.619174	7.49225e-13	9.21175e-14	1.67847e-12	2.00388e-13	11956
0.621838	2.39309e-12	2.74529e-13	1.67847e-12	2.00388e-13	12067
0.624501	7.32791e-13	9.59841e-14	1.67847e-12	2.00388e-13	11715
0.627164	1.24872e-12	1.55738e-13	1.67847e-12	2.00388e-13	11462
0.629827	8.34437e-13	1.05431e-13	1.67847e-12	2.00388e-13	11478
0.63249	1.0609e-12	1.50695e-13	1.67847e-12	2.00388e-13	11550
0.635153	1.41993e-12	1.65906e-13	1.67847e-12	2.00388e-13	11380
0.637816	6.57946e-13	8.85366e-14	1.67847e-12	2.00388e-13	11649
0.640479	6.09441e-13	7.76445e-14	1.67847e-12	2.00388e-13	11489
0.643142	1.7873e-12	2.11086e-13	1.67847e-12	2.00388e-13	11285
0.645806	1.32468e-12	1.62842e-13	1.67847e-12	2.00388e-13	11453
0.648469	7.755e-13	9.76323e-14	1.67847e-12	2.00388e-13	12400
0.651132	2.29006e-12	2.64654e-13	1.67847e-12	2.00388e-13	13314
0.653795	9.50999e-13	1.31181e-13	1.67847e-12	2.00388e-13	11849
0.656458	8.41999e-13	1.07536e-13	1.67847e-12	2.00388e-13	12077
0.659121	9.86946e-13	1.13873e-13	1.67847e-12	2.00388e-13	11871
0.661784	1.30805e-12	1.50827e-13	1.67847e-12	2.00388e-13	11875
0.664447	1.84371e-12	2.45492e-13	1.67847e-12	2.00388e-13	11690
0.667111	1.48389e-12	1.87574e-13	1.67847e-12	2.00388e-13	11420
0.669774	1.34354e-12	1.76937e-13	1.67847e-12	2.00388e-13	11643
0.672437	9.76423e-13	1.40506e-13	1.67847e-12	2.00388e-13	11558
0.6751	1.49528e-12	1.79274e-13	1.67847e-12	2.00388e-13	11307
0.677763	1.67348e-12	2.33526e-13	1.67847e-12	2.00388e-13	11780
0.680426	1.9429e-12	2.39333e-13	1.67847e-12	2.00388e-13	11790
0.683089	1.3167e-12	1.69723e-13	1.67847e-12	2.00388e-13	11783
0.685752	7.91037e-13	1.0606e-13	1.67847e-12	2.00388e-13	11361
0.688415	5.92704e-13	7.88733e-14	1.67847e-12	2.00388e-13	11901
0.691079	6.43416e-13	8.15245e-14	1.67847e-12	2.00388e-13	11917
0.693742	1.64634e-12	2.18823e-13	1.67847e-12	2.00388e-13	12404
0.696405	1.44637e-12	1.68397e-13	1.67847e-12	2.00388e-13	11879
0.699068	2.60592e-12	2.96969e-13	1.67847e-12	2.00388e-13	12146
0.701731	1.10059e-12	1.28763e-13	1.67847e-12	2.00388e-13	11832
0.704394	1.53773e-12	1.96071e-13	1.67847e-12	2.00388e-13	11462
0.707057	2.49689e-12	3.36925e-13	1.67847e-12	2.00388e-13	11461
0.70972	1.4797e-12	1.80065e-13	1.67847e-12	2.00388e-13	11535
0.712383	7.30277e-13	9.96867e-14	1.67847e-12	2.00388e-13	11189
0.715047	1.07791e-12	1.24729e-13	1.67847e-12	2.00388e-13	11154
0.71771	1.51196e-12	1.75543e-13	1.67847e-12	2.00388e-13	11379
0.720373	1.27527e-12	1.63556e-13	1.67847e-12	2.00388e-13	11167
0.723036	1.13267e-12	1.48321e-13	1.67847e-12	2.00388e-13	11458
0.725699	7.23295e-13	9.5536e-14	1.67847e-12	2.00388e-13	11272
0.728362	2.13758e-12	3.06634e-13	1.67847e-12	2.00388e-13	11404
0.731025	8.3729e-13	1.13578e-13	1.67847e-12	2.00388e-13	11389
0.733688	9.20402e-13	1.23078e-13	1.67847e-12	2.00388e-13	11418
0.736352	5.69021e-13	7.34334e-14	1.67847e-12	2.00388e-13	11998
0.739015	7.39081e-13	9.30542e-14	1.67847e-12	2.00388e-13	12056
0.741678	1.23392e-12	1.62237e-13	1.67847e-12	2.00388e-13	11682
0.744341	1.20366e-12	1.52641e-13	1.67847e-12	2.00388e-13	11224
0.747004	1.67341e-12	2.09625e-13	1.67847e-12	2.00388e-13	11200
0.749667	2.93171e-12	3.68856e-13	1.67847e-12	2.00388e-13	11427
0.75233	1.79238e-12	2.1607e-13	1.67847e-12	2.00388e-13	11446
0.754993	2.38383e-12	2.78095e-13	1.67847e-12	2.00388e-13	11519
0.757656	1.67531e-12	2.28274e-13	1.67847e-12	2.00388e-13	11456
0.76032	1.63902e-12	2.28227e-13	1.67847e-12	2.00388e-13	11439
0.762983	8.32097e-13	1.08069e-13	1.67847e-12	2.00388e-13	11633
0.765646	1.43208e-12	1.822e-13	1.67847e-12	2.00388e-13	11409
0.768309	1.53094e-12	1.7746e-13	1.67847e-12	2.00388e-13	11424
0.770972	5.52993e-13	6.40538e-14	1.67847e-12	2.00388e-13	11464
0.773635	1.12477e-12	1.3358e-13	1.67847e-12	2.00388e-13	11686
0.776298	9.24905e-13	1.10706e-13	1.67847e-12	2.00388e-13	11592
0.778961	8.26555e-13	1.0588e-13	1.67847e-12	2.00388e-13	11991
0.781625	1.19448e-12	1.49552e-13	1.67847e-12	2.00388e-13	12143
0.784288	2.30171e-12	2.70554e-13	1.67847e-12	2.00388e-13	11482
0.786951	1.70191e-12	1.93316e-13	1.67847e-12	2.00388e-13	12346
0.789614	2.43033e-12	2.96859e-13	1.67847e-12	2.00388e-13	11628
0.792277	8.50057e-13	1.07805e-13	1.67847e-12	2.00388e-13	11415
0.79494	7.43428e-13	9.3394e-14	1.67847e-12	2.00388e-13	11660
0.797603	8.89823e-13	1.2043e-13	1.67847e-12	2.00388e-13	11531
0.800266	7.6136e-13	9.49686e-14	1.67847e-12	2.00388e-13	11268
0.802929	1.06155e-12	1.45561e-13	1.67847e-12	2.00388e-13	11260
0.805593	4.83758e-13	6.33032e-14	1.67847e-12	2.00388e-13	11511
0.808256	1.03218e-12	1.30862e-13	1.67847e-12	2.00388e-13	11237
0.810919	6.76803e-13	8.39108e-14	1.67847e-12	2.00388e-13	11478
0.813582	8.36574e-13	1.11835e-13	1.67847e-12	2.00388e-13	11504
0.816245	6.25886e-13	8.67898e-14	1.67847e-12	2.00388e-13	11224
0.818908	1.12686e-12	1.42484e-13	1.67847e-12	2.00388e-13	11446
0.821571	1.25081e-12	1.61974e-13	1.67847e-12	2.00388e-13	11267
0.824234	5.50232e-13	7.26057e-14	1.67847e-12	2.00388e-13	11443
0.826897	2.84107e-12	3.30109e-13	1.67847e-12	2.00388e-13	12295
0.829561	1.96266e-12	2.29127e-13	1.67847e-12	2.00388e-13	12018
0.832224	1.08132e-12	1.32251e-13	1.67847e-12	2.00388e-13	11445
0.834887	1.0998e-12	1.48143e-13	1.67847e-12	2.00388e-13	11792
0.83755	1.27847e-12	1.67481e-13	1.67847e-12	2.00388e-13	11591
0.840213	3.53561e-12	4.08612e-13	1.67847e-12	2.00388e-13	11442
0.842876	8.6879e-13	1.02371e-13	1.67847e-12	2.00388e-13	12007
0.845539	8.08864e-13	1.20902e-13	1.67847e-12	2.00388e-13	11543
0.848202	1.74823e-12	1.95402e-13	1.67847e-12	2.00388e-13	11538
0.850866	2.29527e-12	2.85639e-13	1.67847e-12	2.00388e-13	11412
0.853529	1.68743e-12	2.44407e-13	1.67847e-12	2.00388e-13	11257
0.856192	2.5538e-12	3.20055e-13	1.67847e-12	2.00388e-13	11269
0.858855	1.46362e-12	1.74081e-13	1.67847e-12	2.00388e-13	11606
0.861518	2.01866e-12	2.68847e-13	1.67847e-12	2.00388e-13	11470
0.864181	2.01125e-12	2.43691e-13	1.67847e-12	2.00388e-13	11528
0.866844	6.75652e-13	1.01766e-13	1.67847e-12	2.00388e-13	11248
0.869507	1.67227e-12	2.29845e-13	1.67847e-12	2.00388e-13	11283
0.87217	1.26207e-12	1.54109e-13	1.67847e-12	2.00388e-13	12302
0.874834	1.11287e-12	1.46959e-13	1.67847e-12	2.00388e-13	12036
0.877497	8.71704e-13	1.13316e-13	1.67847e-12	2.00388e-13	12074
0.88016	1.00819e-12	1.23132e-13	1.67847e-12	2.00388e-13	11588
0.882823	4.81259e-13	6.09701e-14	1.67847e-12	2.00388e-13	11524
0.885486	1.4452e-12	1.72548e-13	1.67847e-12	2.00388e-13	12641
0.888149	5.76124e-13	7.53035e-14	1.67847e-12	2.00388e-13	12829
0.890812	2.67379e-12	3.06775e-13	1.67847e-12	2.00388e-13	12394
0.893475	1.0986e-12	1.44672e-13	1.67847e-12	2.00388e-13	11455
0.896138	1.82088e-12	2.09254e-13	1.67847e-12	2.00388e-13	11699
0.898802	1.90583e-12	2.51051e-13	1.67847e-12	2.00388e-13	11427
0.901465	1.38531e-12	1.70374e-13	1.67847e-12	2.00388e-13	11229
0.904128	9.20728e-13	1.19123e-13	1.67847e-12	2.00388e-13	11581
0.906791	1.61128e-12	1.92975e-13	1.67847e-12	2.00388e-13	11680
0.909454	1.4749e-12	2.01358e-13	1.67847e-12	2.00388e-13	11297
0.912117	6.46678e-13	8.4624e-14	1.67847e-12	2.00388e-13	11574
0.91478	1.14557e-12	1.46334e-13	1.67847e-12	2.00388e-13	12508
0.917443	2.09351e-12	2.40903e-13	1.67847e-12	2.00388e-13	12002
0.920107	6.01503e-13	8.36716e-14	1.67847e-12	2.00388e-13	11478
0.92277	1.06988e-12	1.41192e-13	1.67847e-12	2.00388e-13	11580
0.925433	1.75841e-12	2.04386e-13	1.67847e-12	2.00388e-13	12115
0.928096	2.44606e-12	3.1471e-13	1.67847e-12	2.00388e-13	11551
0.930759	4.3295e-12	5.23761e-13	1.67847e-12	2.00388e-13	11412
0.933422	3.31036e-12	4.15549e-13	1.67847e-12	2.00388e-13	11189
0.936085	1.27017e-12	1.58713e-13	1.67847e-12	2.00388e-13	11475
0.938748	1.40786e-12	1.70105e-13	1.67847e-12	2.00388e-13	11511
0.941411	8.3618e-13	1.02968e-13	1.67847e-12	2.00388e-13	11557
0.944075	4.6981e-13	6.22986e-14	1.67847e-12	2.00388e-13	11397
0.946738	2.00823e-12	2.44524e-13	1.67847e-12	2.00388e-13	11368
0.949401	1.69364e-12	2.20694e-13	1.67847e-12	2.00388e-13	11203
0.952064	7.18513e-13	9.75367e-14	1.67847e-12	2.00388e-13	11429
0.954727	2.15555e-12	2.94716e-13	1.67847e-12	2.00388e-13	11495
0.95739	1.73682e-12	2.24088e-13	1.67847e-12	2.00388e-13	11164
0.960053	1.25878e-12	1.68351e-13	1.67847e-12	2.00388e-13	12538
0.962716	1.75095e-12	2.15207e-13	1.67847e-12	2.00388e-13	12222
0.965379	6.82712e-13	8.17987e-14	1.67847e-12	2.00388e-13	11636
0.968043	1.32348e-12	1.7704e-13	1.67847e-12	2.00388e-13	12089
0.970706	2.60583e-12	3.17386e-13	1.67847e-12	2.00388e-13	11470
0.973369	1.05393e-12	1.31647e-13	1.67847e-12	2.00388e-13	11315
0.976032	1.08006e-12	1.41111e-13	1.67847e-12	2.00388e-13	11423
0.978695	9.45576e-13	1.23988e-13	1.67847e-12	2.00388e-13	11351
0.981358	2.96468e-12	3.75878e-13	1.67847e-12	2.00388e-13	11227
0.984021	3.45416e-12	4.58949e-13	1.67847e-12	2.00388e-13	11210
0.986684	1.10925e-12	1.54297e-13	1.67847e-12	2.00388e-13	11568
0.989348	8.78892e-13	1.15964e-13	1.67847e-12	2.00388e-13	11278
0.992011	9.96357e-13	1.354e-13	1.67847e-12	2.00388e-13	11621
0.994674	3.3386e-12	4.23062e-13	1.67847e-12	2.00388e-13	11357
0.997337	1.05319e-12	1.27709e-13	1.67847e-12	2.00388e-13	11515
