t	integral	norm	uniform_integral	uniform_norm	time
-1	0.168058	0.0149971	0.0160179	0.00137054	156046
-0.997337	0.168058	0.0149971	0.0160179	0.00137054	47943
-0.994674	0.148723	0.0132454	0.0160179	0.00137054	48264
-0.992011	0.136719	0.0121597	0.0160179	0.00137054	47222
-0.989348	0.127944	0.0113669	0.0160179	0.00137054	50372
-0.986684	0.121018	0.0107418	0.0160179	0.00137054	56544
-0.984021	0.1153	0.0102261	0.0160179	0.00137054	49377
-0.981358	0.110436	0.00978775	0.0160179	0.00137054	54017
-0.978695	0.106209	0.00940705	0.0160179	0.00137054	53374
-0.976032	0.102476	0.00907102	0.0160179	0.00137054	48426
-0.973369	0.099137	0.00877067	0.0160179	0.00137054	48262
-0.970706	0.0961209	0.00849948	0.0160179	0.00137054	47769
-0.968043	0.0933736	0.00825256	0.0160179	0.00137054	48009
-0.965379	0.0908535	0.00802618	0.0160179	0.00137054	64703
-0.962716	0.0885283	0.00781739	0.0160179	0.00137054	48175
-0.960053	0.0863719	0.00762384	0.0160179	0.00137054	49320
-0.95739	0.0843632	0.00744361	0.0160179	0.00137054	63380
-0.954727	0.0824847	0.00727512	0.0160179	0.00137054	48260
-0.952064	0.080722	0.00711708	0.0160179	0.00137054	64314
-0.949401	0.0790628	0.00696836	0.0160179	0.00137054	48850
-0.946738	0.0774967	0.00682803	0.0160179	0.00137054	71390
-0.944075	0.0760146	0.00669529	0.0160179	0.00137054	48659
-0.941411	0.0746091	0.00656942	0.0160179	0.00137054	47119
-0.938748	0.0732732	0.00644983	0.0160179	0.00137054	56941
-0.936085	0.0720011	0.00633599	0.0160179	0.00137054	65750
-0.933422	0.0707877	0.00622742	0.0160179	0.00137054	49346
-0.930759	0.0696283	0.00612372	0.0160179	0.00137054	48425
-0.928096	0.0685189	0.00602451	0.0160179	0.00137054	58168
-0.925433	0.0674559	0.00592947	0.0160179	0.00137054	58304
-0.92277	0.0664359	0.00583831	0.0160179	0.00137054	53662
-0.920107	0.0654561	0.00575075	0.0160179	0.00137054	53855
-0.917443	0.0645137	0.00566656	0.0160179	0.00137054	48859
-0.91478	0.0636064	0.00558552	0.0160179	0.00137054	56265
-0.912117	0.062732	0.00550744	0.0160179	0.00137054	53257
-0.909454	0.0618885	0.00543213	0.0160179	0.00137054	49625
-0.906791	0.0610741	0.00535943	0.0160179	0.00137054	49694
-0.904128	0.060287	0.00528919	0.0160179	0.00137054	71178
-0.901465	0.0595258	0.00522128	0.0160179	0.00137054	47962
-0.898802	0.0587891	0.00515556	0.0160179	0.00137054	55336
-0.896138	0.0580755	0.00509191	0.0160179	0.00137054	51634
-0.893475	0.0573839	0.00503024	0.0160179	0.00137054	53340
-0.890812	0.0567131	0.00497043	0.0160179	0.00137054	50765
-0.888149	0.056062	0.00491239	0.0160179	0.00137054	57975
-0.885486	0.0554298	0.00485605	0.0160179	0.00137054	49964
-0.882823	0.0548155	0.00480131	0.0160179	0.00137054	46074
-0.88016	0.0542183	0.0047481	0.0160179	0.00137054	51523
-0.877497	0.0536375	0.00469636	0.0160179	0.00137054	54607
-0.874834	0.0530721	0.00464601	0.0160179	0.00137054	55367
-0.87217	0.0525217	0.00459699	0.0160179	0.00137054	51212
-0.869507	0.0519855	0.00454926	0.0160179	0.00137054	55623
-0.866844	0.051463	0.00450274	0.0160179	0.00137054	53017
-0.864181	0.0509535	0.00445739	0.0160179	0.00137054	63318
-0.861518	0.0504566	0.00441317	0.0160179	0.00137054	51664
-0.858855	0.0499717	0.00437003	0.0160179	0.00137054	55325
-0.856192	0.0494984	0.00432791	0.0160179	0.00137054	57917
-0.853529	0.0490362	0.0042868	0.0160179	0.00137054	51138
-0.850866	0.0485847	0.00424664	0.0160179	0.00137054	49299
-0.848202	0.0481435	0.0042074	0.0160179	0.00137054	64690
-0.845539	0.0477121	0.00416905	0.0160179	0.00137054	60952
-0.842876	0.0472904	0.00413155	0.0160179	0.00137054	50953
-0.840213	0.0468778	0.00409488	0.0160179	0.00137054	53427
-0.83755	0.0464741	0.004059	0.0160179	0.00137054	49168
-0.834887	0.046079	0.00402388	0.0160179	0.00137054	48217
-0.832224	0.0456921	0.00398951	0.0160179	0.00137054	50417
-0.829561	0.0453133	0.00395585	0.0160179	0.00137054	48701
-0.826897	0.0449422	0.00392288	0.0160179	0.00137054	48850
-0.824234	0.0445785	0.00389058	0.0160179	0.00137054	51296
-0.821571	0.0442221	0.00385893	0.0160179	0.00137054	48097
-0.818908	0.0438727	0.0038279	0.0160179	0.00137054	48485
-0.816245	0.0435301	0.00379747	0.0160179	0.00137054	47606
-0.813582	0.043194	0.00376764	0.0160179	0.00137054	55070
-0.810919	0.0428643	0.00373837	0.0160179	0.00137054	47287
-0.808256	0.0425408	0.00370966	0.0160179	0.00137054	47882
-0.805593	0.0422233	0.00368148	0.0160179	0.00137054	54512
-0.802929	0.0419115	0.00365381	0.0160179	0.00137054	48282
-0.800266	0.0416055	0.00362666	0.0160179	0.00137054	55412
-0.797603	0.0413049	0.00359999	0.0160179	0.00137054	56668
-0.79494	0.0410096	0.00357379	0.0160179	0.00137054	74136
-0.792277	0.0407195	0.00354806	0.0160179	0.00137054	57195
-0.789614	0.0404344	0.00352278	0.0160179	0.00137054	52735
-0.786951	0.0401542	0.00349793	0.0160179	0.00137054	51339
-0.784288	0.0398788	0.00347351	0.0160179	0.00137054	51472
-0.781625	0.039608	0.0034495	0.0160179	0.00137054	49097
-0.778961	0.0393417	0.00342589	0.0160179	0.00137054	52163
-0.776298	0.0390798	0.00340267	0.0160179	0.00137054	50507
-0.773635	0.0388221	0.00337983	0.0160179	0.00137054	49584
-0.770972	0.0385687	0.00335736	0.0160179	0.00137054	61931
-0.768309	0.0383192	0.00333526	0.0160179	0.00137054	48974
-0.765646	0.0380737	0.00331351	0.0160179	0.00137054	52404
-0.762983	0.0378321	0.0032921	0.0160179	0.00137054	59421
-0.76032	0.0375942	0.00327102	0.0160179	0.00137054	49374
-0.757656	0.03736	0.00325027	0.0160179	0.00137054	55031
-0.754993	0.0371294	0.00322984	0.0160179	0.00137054	55607
-0.75233	0.0369022	0.00320973	0.0160179	0.00137054	58773
-0.749667	0.0366784	0.00318991	0.0160179	0.00137054	57585
-0.747004	0.036458	0.00317039	0.0160179	0.00137054	60814
-0.744341	0.0362408	0.00315116	0.0160179	0.00137054	64476
-0.741678	0.0360268	0.00313221	0.0160179	0.00137054	69004
-0.739015	0.0358159	0.00311354	0.0160179	0.00137054	61750
-0.736352	0.035608	0.00309514	0.0160179	0.00137054	50571
-0.733688	0.0354031	0.003077	0.0160179	0.00137054	55164
-0.731025	0.0352011	0.00305912	0.0160179	0.00137054	55209
-0.728362	0.0350019	0.00304149	0.0160179	0.00137054	55226
-0.725699	0.0348054	0.00302411	0.0160179	0.00137054	47858
-0.723036	0.0346117	0.00300696	0.0160179	0.00137054	58165
-0.720373	0.0344206	0.00299006	0.0160179	0.00137054	51819
-0.71771	0.0342321	0.00297338	0.0160179	0.00137054	68900
-0.715047	0.0340462	0.00295693	0.0160179	0.00137054	61279
-0.712383	0.0338627	0.0029407	0.0160179	0.00137054	57201
-0.70972	0.0336817	0.00292469	0.0160179	0.00137054	54815
-0.707057	0.033503	0.00290889	0.0160179	0.00137054	55632
-0.704394	0.0333267	0.00289329	0.0160179	0.00137054	64133
-0.701731	0.0331526	0.0028779	0.0160179	0.00137054	47350
-0.699068	0.0329808	0.00286271	0.0160179	0.00137054	50899
-0.696405	0.0328112	0.00284772	0.0160179	0.00137054	51083
-0.693742	0.0326437	0.00283291	0.0160179	0.00137054	49582
-0.691079	0.0324784	0.00281829	0.0160179	0.00137054	51443
-0.688415	0.0323151	0.00280386	0.0160179	0.00137054	59757
-0.685752	0.0321538	0.0027896	0.0160179	0.00137054	57093
-0.683089	0.0319945	0.00277553	0.0160179	0.00137054	48097
-0.680426	0.0318372	0.00276162	0.0160179	0.00137054	55918
-0.677763	0.0316817	0.00274789	0.0160179	0.00137054	63164
-0.6751	0.0315282	0.00273432	0.0160179	0.00137054	46701
-0.672437	0.0313765	0.00272092	0.0160179	0.00137054	48277
-0.669774	0.0312266	0.00270767	0.0160179	0.00137054	53803
-0.667111	0.0310784	0.00269458	0.0160179	0.00137054	48774
-0.664447	0.030932	0.00268165	0.0160179	0.00137054	47962
-0.661784	0.0307873	0.00266887	0.0160179	0.00137054	48086
-0.659121	0.0306443	0.00265624	0.0160179	0.00137054	47716
-0.656458	0.030503	0.00264376	0.0160179	0.00137054	48959
-0.653795	0.0303632	0.00263141	0.0160179	0.00137054	53653
-0.651132	0.030225	0.00261921	0.0160179	0.00137054	47375
-0.648469	0.0300884	0.00260715	0.0160179	0.00137054	48690
-0.645806	0.0299534	0.00259523	0.0160179	0.00137054	48328
-0.643142	0.0298198	0.00258344	0.0160179	0.00137054	45765
-0.640479	0.0296877	0.00257178	0.0160179	0.00137054	50199
-0.637816	0.0295571	0.00256025	0.0160179	0.00137054	52759
-0.635153	0.0294279	0.00254884	0.0160179	0.00137054	54562
-0.63249	0.0293001	0.00253756	0.0160179	0.00137054	48657
-0.629827	0.0291737	0.00252641	0.0160179	0.00137054	49541
-0.627164	0.0290487	0.00251537	0.0160179	0.00137054	48205
-0.624501	0.028925	0.00250445	0.0160179	0.00137054	46765
-0.621838	0.0288026	0.00249365	0.0160179	0.00137054	53661
-0.619174	0.0286815	0.00248297	0.0160179	0.00137054	50240
-0.616511	0.0285617	0.0024724	0.0160179	0.00137054	49910
-0.613848	0.0284431	0.00246194	0.0160179	0.00137054	66024
-0.611185	0.0283257	0.00245158	0.0160179	0.00137054	51019
-0.608522	0.0282096	0.00244134	0.0160179	0.00137054	47840
-0.605859	0.0280947	0.0024312	0.0160179	0.00137054	48723
-0.603196	0.0279809	0.00242117	0.0160179	0.00137054	67492
-0.600533	0.0278683	0.00241124	0.0160179	0.00137054	44245
-0.59787	0.0277568	0.00240141	0.0160179	0.00137054	45515
-0.595206	0.0276465	0.00239167	0.0160179	0.00137054	47845
-0.592543	0.0275372	0.00238204	0.0160179	0.00137054	52411
-0.58988	0.027429	0.0023725	0.0160179	0.00137054	48587
-0.587217	0.0273219	0.00236306	0.0160179	0.00137054	50957
-0.584554	0.0272159	0.00235371	0.0160179	0.00137054	50563
-0.581891	0.0271109	0.00234445	0.0160179	0.00137054	50499
-0.579228	0.0270069	0.00233529	0.0160179	0.00137054	68199
-0.576565	0.0269039	0.00232621	0.0160179	0.00137054	47618
-0.573901	0.0268019	0.00231722	0.0160179	0.00137054	48941
-0.571238	0.0267009	0.00230832	0.0160179	0.00137054	48238
-0.568575	0.0266009	0.0022995	0.0160179	0.00137054	67174
-0.565912	0.0265018	0.00229077	0.0160179	0.00137054	50630
-0.563249	0.0264036	0.00228212	0.0160179	0.00137054	44429
-0.560586	0.0263064	0.00227355	0.0160179	0.00137054	51025
-0.557923	0.02621	0.00226506	0.0160179	0.00137054	48379
-0.55526	0.0261146	0.00225665	0.0160179	0.00137054	48017
-0.552597	0.02602	0.00224832	0.0160179	0.00137054	54571
-0.549933	0.0259263	0.00224006	0.0160179	0.00137054	47964
-0.54727	0.0258335	0.00223189	0.0160179	0.00137054	48967
-0.544607	0.0257415	0.00222378	0.0160179	0.00137054	50330
-0.541944	0.0256504	0.00221575	0.0160179	0.00137054	47788
-0.539281	0.02556	0.0022078	0.0160179	0.00137054	48771
-0.536618	0.0254705	0.00219991	0.0160179	0.00137054	53074
-0.533955	0.0253818	0.0021921	0.0160179	0.00137054	47947
-0.531292	0.0252938	0.00218436	0.0160179	0.00137054	56007
-0.528628	0.0252067	0.00217668	0.0160179	0.00137054	46746
-0.525965	0.0251203	0.00216907	0.0160179	0.00137054	46779
-0.523302	0.0250347	0.00216153	0.0160179	0.00137054	52816
-0.520639	0.0249498	0.00215406	0.0160179	0.00137054	49004
-0.517976	0.0248656	0.00214665	0.0160179	0.00137054	47866
-0.515313	0.0247822	0.00213931	0.0160179	0.00137054	52036
-0.51265	0.0246995	0.00213203	0.0160179	0.00137054	52390
-0.509987	0.0246175	0.00212481	0.0160179	0.00137054	56727
-0.507324	0.0245362	0.00211766	0.0160179	0.00137054	59970
-0.50466	0.0244556	0.00211056	0.0160179	0.00137054	56913
-0.501997	0.0243757	0.00210353	0.0160179	0.00137054	58889
-0.499334	0.0242965	0.00209655	0.0160179	0.00137054	48025
-0.496671	0.0242179	0.00208964	0.0160179	0.00137054	52734
-0.494008	0.02414	0.00208278	0.0160179	0.00137054	62344
-0.491345	0.0240627	0.00207598	0.0160179	0.00137054	56846
-0.488682	0.0239861	0.00206924	0.0160179	0.00137054	67019
-0.486019	0.0239101	0.00206255	0.0160179	0.00137054	54042
-0.483356	0.0238347	0.00205592	0.0160179	0.00137054	53926
-0.480692	0.0237599	0.00204934	0.0160179	0.00137054	56532
-0.478029	0.0236857	0.00204282	0.0160179	0.00137054	59796
-0.475366	0.0236122	0.00203635	0.0160179	0.00137054	48975
-0.472703	0.0235392	0.00202993	0.0160179	0.00137054	48105
-0.47004	0.0234668	0.00202356	0.0160179	0.00137054	50731
-0.467377	0.023395	0.00201725	0.0160179	0.00137054	54829
-0.464714	0.0233238	0.00201098	0.0160179	0.00137054	66139
-0.462051	0.0232531	0.00200477	0.0160179	0.00137054	47873
-0.459387	0.023183	0.0019986	0.0160179	0.00137054	56943
-0.456724	0.0231135	0.00199248	0.0160179	0.00137054	60237
-0.454061	0.0230445	0.00198642	0.0160179	0.00137054	47659
-0.451398	0.022976	0.0019804	0.0160179	0.00137054	48362
-0.448735	0.022908	0.00197442	0.0160179	0.00137054	48141
-0.446072	0.0228406	0.0019685	0.0160179	0.00137054	49130
-0.443409	0.0227737	0.00196261	0.0160179	0.00137054	57762
-0.440746	0.0227074	0.00195678	0.0160179	0.00137054	56791
-0.438083	0.0226415	0.00195099	0.0160179	0.00137054	48868
-0.435419	0.0225761	0.00194524	0.0160179	0.00137054	51344
-0.432756	0.0225112	0.00193954	0.0160179	0.00137054	63123
-0.430093	0.0224469	0.00193388	0.0160179	0.00137054	61856
-0.42743	0.022383	0.00192826	0.0160179	0.00137054	49385
-0.424767	0.0223195	0.00192269	0.0160179	0.00137054	50953
-0.422104	0.0222566	0.00191716	0.0160179	0.00137054	48249
-0.419441	0.0221941	0.00191167	0.0160179	0.00137054	54096
-0.416778	0.0221321	0.00190622	0.0160179	0.00137054	48708
-0.414115	0.0220705	0.00190081	0.0160179	0.00137054	47831
-0.411451	0.0220094	0.00189544	0.0160179	0.00137054	55622
-0.408788	0.0219488	0.00189011	0.0160179	0.00137054	56104
-0.406125	0.0218886	0.00188482	0.0160179	0.00137054	55021
-0.403462	0.0218288	0.00187957	0.0160179	0.00137054	48924
-0.400799	0.0217695	0.00187436	0.0160179	0.00137054	48404
-0.398136	0.0217106	0.00186918	0.0160179	0.00137054	50638
-0.395473	0.0216521	0.00186405	0.0160179	0.00137054	53710
-0.39281	0.021594	0.00185895	0.0160179	0.00137054	48031
-0.390146	0.0215364	0.00185388	0.0160179	0.00137054	48137
-0.387483	0.0214791	0.00184886	0.0160179	0.00137054	49731
-0.38482	0.0214223	0.00184387	0.0160179	0.00137054	55570
-0.382157	0.0213659	0.00183891	0.0160179	0.00137054	47467
-0.379494	0.0213098	0.00183399	0.0160179	0.00137054	47805
-0.376831	0.0212542	0.0018291	0.0160179	0.00137054	60887
-0.374168	0.0211989	0.00182425	0.0160179	0.00137054	55895
-0.371505	0.0211441	0.00181943	0.0160179	0.00137054	58336
-0.368842	0.0210896	0.00181465	0.0160179	0.00137054	48557
-0.366178	0.0210355	0.0018099	0.0160179	0.00137054	53418
-0.363515	0.0209817	0.00180518	0.0160179	0.00137054	51327
-0.360852	0.0209284	0.0018005	0.0160179	0.00137054	50405
-0.358189	0.0208754	0.00179585	0.0160179	0.00137054	47181
-0.355526	0.0208227	0.00179123	0.0160179	0.00137054	49285
-0.352863	0.0207705	0.00178664	0.0160179	0.00137054	51378
-0.3502	0.0207185	0.00178208	0.0160179	0.00137054	49813
-0.347537	0.020667	0.00177755	0.0160179	0.00137054	48273
-0.344874	0.0206157	0.00177306	0.0160179	0.00137054	49765
-0.34221	0.0205649	0.00176859	0.0160179	0.00137054	50712
-0.339547	0.0205143	0.00176416	0.0160179	0.00137054	55417
-0.336884	0.0204641	0.00175975	0.0160179	0.00137054	51932
-0.334221	0.0204142	0.00175538	0.0160179	0.00137054	55045
-0.331558	0.0203647	0.00175103	0.0160179	0.00137054	57358
-0.328895	0.0203155	0.00174671	0.0160179	0.00137054	48040
-0.326232	0.0202666	0.00174242	0.0160179	0.00137054	62460
-0.323569	0.020218	0.00173816	0.0160179	0.00137054	47536
-0.320905	0.0201698	0.00173393	0.0160179	0.00137054	53903
-0.318242	0.0201219	0.00172972	0.0160179	0.00137054	49597
-0.315579	0.0200742	0.00172555	0.0160179	0.00137054	49033
-0.312916	0.0200269	0.00172139	0.0160179	0.00137054	59718
-0.310253	0.0199799	0.00171727	0.0160179	0.00137054	48290
-0.30759	0.0199332	0.00171318	0.0160179	0.00137054	53357
-0.304927	0.0198868	0.00170911	0.0160179	0.00137054	49906
-0.302264	0.0198407	0.00170506	0.0160179	0.00137054	65094
-0.299601	0.0197949	0.00170104	0.0160179	0.00137054	47788
-0.296937	0.0197494	0.00169705	0.0160179	0.00137054	53350
-0.294274	0.0197041	0.00169308	0.0160179	0.00137054	48853
-0.291611	0.0196592	0.00168914	0.0160179	0.00137054	75829
-0.288948	0.0196145	0.00168523	0.0160179	0.00137054	50219
-0.286285	0.0195701	0.00168133	0.0160179	0.00137054	48223
-0.283622	0.019526	0.00167747	0.0160179	0.00137054	58369
-0.280959	0.0194822	0.00167362	0.0160179	0.00137054	47974
-0.278296	0.0194386	0.00166981	0.0160179	0.00137054	74384
-0.275632	0.0193953	0.00166601	0.0160179	0.00137054	48164
-0.272969	0.0193523	0.00166224	0.0160179	0.00137054	49800
-0.270306	0.0193095	0.00165849	0.0160179	0.00137054	48500
-0.267643	0.0192671	0.00165477	0.0160179	0.00137054	50113
-0.26498	0.0192248	0.00165107	0.0160179	0.00137054	49030
-0.262317	0.0191828	0.00164739	0.0160179	0.00137054	48520
-0.259654	0.0191411	0.00164373	0.0160179	0.00137054	57570
-0.256991	0.0190997	0.0016401	0.0160179	0.00137054	48976
-0.254328	0.0190584	0.00163648	0.0160179	0.00137054	49945
-0.251664	0.0190175	0.0016329	0.0160179	0.00137054	56776
-0.249001	0.0189768	0.00162933	0.0160179	0.00137054	48701
-0.246338	0.0189363	0.00162578	0.0160179	0.00137054	57335
-0.243675	0.0188961	0.00162226	0.0160179	0.00137054	52075
-0.241012	0.0188561	0.00161875	0.0160179	0.00137054	65718
-0.238349	0.0188163	0.00161527	0.0160179	0.00137054	57887
-0.235686	0.0187768	0.00161181	0.0160179	0.00137054	51471
-0.233023	0.0187375	0.00160837	0.0160179	0.00137054	52170
-0.23036	0.0186985	0.00160494	0.0160179	0.00137054	48822
-0.227696	0.0186596	0.00160154	0.0160179	0.00137054	50655
-0.225033	0.018621	0.00159816	0.0160179	0.00137054	49886
-0.22237	0.0185827	0.0015948	0.0160179	0.00137054	55024
-0.219707	0.0185445	0.00159146	0.0160179	0.00137054	53313
-0.217044	0.0185066	0.00158814	0.0160179	0.00137054	49128
-0.214381	0.0184689	0.00158484	0.0160179	0.00137054	47988
-0.211718	0.0184314	0.00158156	0.0160179	0.00137054	48091
-0.209055	0.0183942	0.00157829	0.0160179	0.00137054	49468
-0.206391	0.0183571	0.00157505	0.0160179	0.00137054	52046
-0.203728	0.0183203	0.00157182	0.0160179	0.00137054	49451
-0.201065	0.0182836	0.00156862	0.0160179	0.00137054	59828
-0.198402	0.0182472	0.00156543	0.0160179	0.00137054	63273
-0.195739	0.018211	0.00156226	0.0160179	0.00137054	54800
-0.193076	0.018175	0.0015591	0.0160179	0.00137054	74828
-0.190413	0.0181392	0.00155597	0.0160179	0.00137054	62406
-0.18775	0.0181036	0.00155285	0.0160179	0.00137054	53433
-0.185087	0.0180682	0.00154975	0.0160179	0.00137054	49449
-0.182423	0.018033	0.00154667	0.0160179	0.00137054	60942
-0.17976	0.017998	0.00154361	0.0160179	0.00137054	51431
-0.177097	0.0179632	0.00154056	0.0160179	0.00137054	52919
-0.174434	0.0179286	0.00153753	0.0160179	0.00137054	47935
-0.171771	0.0178941	0.00153452	0.0160179	0.00137054	60823
-0.169108	0.0178599	0.00153153	0.0160179	0.00137054	48177
-0.166445	0.0178259	0.00152855	0.0160179	0.00137054	49602
-0.163782	0.017792	0.00152558	0.0160179	0.00137054	49338
-0.161119	0.0177584	0.00152264	0.0160179	0.00137054	52699
-0.158455	0.0177249	0.00151971	0.0160179	0.00137054	67201
-0.155792	0.0176916	0.00151679	0.0160179	0.00137054	81956
-0.153129	0.0176585	0.0015139	0.0160179	0.00137054	57348
-0.150466	0.0176255	0.00151102	0.0160179	0.00137054	50351
-0.147803	0.0175928	0.00150815	0.0160179	0.00137054	53297
-0.14514	0.0175602	0.0015053	0.0160179	0.00137054	49958
-0.142477	0.0175278	0.00150246	0.0160179	0.00137054	63859
-0.139814	0.0174955	0.00149965	0.0160179	0.00137054	59821
-0.13715	0.0174635	0.00149684	0.0160179	0.00137054	50793
-0.134487	0.0174316	0.00149405	0.0160179	0.00137054	56029
-0.131824	0.0173999	0.00149128	0.0160179	0.00137054	56584
-0.129161	0.0173683	0.00148852	0.0160179	0.00137054	57674
-0.126498	0.017337	0.00148578	0.0160179	0.00137054	52835
-0.123835	0.0173058	0.00148305	0.0160179	0.00137054	49258
-0.121172	0.0172747	0.00148033	0.0160179	0.00137054	57581
-0.118509	0.0172438	0.00147763	0.0160179	0.00137054	55281
-0.115846	0.0172131	0.00147495	0.0160179	0.00137054	61304
-0.113182	0.0171826	0.00147227	0.0160179	0.00137054	47179
-0.110519	0.0171522	0.00146962	0.0160179	0.00137054	48581
-0.107856	0.0171219	0.00146697	0.0160179	0.00137054	55501
-0.105193	0.0170918	0.00146434	0.0160179	0.00137054	58015
-0.10253	0.0170619	0.00146173	0.0160179	0.00137054	53941
-0.0998668	0.0170322	0.00145913	0.0160179	0.00137054	48718
-0.0972037	0.0170025	0.00145654	0.0160179	0.00137054	49594
-0.0945406	0.0169731	0.00145396	0.0160179	0.00137054	52196
-0.0918775	0.0169438	0.0014514	0.0160179	0.00137054	60706
-0.0892144	0.0169146	0.00144885	0.0160179	0.00137054	53950
-0.0865513	0.0168856	0.00144632	0.0160179	0.00137054	55893
-0.0838881	0.0168568	0.0014438	0.0160179	0.00137054	60733
-0.081225	0.016828	0.00144129	0.0160179	0.00137054	51847
-0.0785619	0.0167995	0.00143879	0.0160179	0.00137054	48983
-0.0758988	0.0167711	0.00143631	0.0160179	0.00137054	49891
-0.0732357	0.0167428	0.00143384	0.0160179	0.00137054	57401
-0.0705726	0.0167147	0.00143138	0.0160179	0.00137054	57417
-0.0679095	0.0166867	0.00142893	0.0160179	0.00137054	59601
-0.0652463	0.0166588	0.0014265	0.0160179	0.00137054	59256
-0.0625832	0.0166311	0.00142408	0.0160179	0.00137054	49663
-0.0599201	0.0166035	0.00142167	0.0160179	0.00137054	50884
-0.057257	0.0165761	0.00141927	0.0160179	0.00137054	48616
-0.0545939	0.0165488	0.00141689	0.0160179	0.00137054	59704
-0.0519308	0.0165217	0.00141452	0.0160179	0.00137054	49303
-0.0492676	0.0164946	0.00141216	0.0160179	0.00137054	47200
-0.0466045	0.0164678	0.00140981	0.0160179	0.00137054	49044
-0.0439414	0.016441	0.00140747	0.0160179	0.00137054	48056
-0.0412783	0.0164144	0.00140515	0.0160179	0.00137054	47733
-0.0386152	0.0163879	0.00140283	0.0160179	0.00137054	52211
-0.0359521	0.0163615	0.00140053	0.0160179	0.00137054	59047
-0.0332889	0.0163353	0.00139824	0.0160179	0.00137054	61956
-0.0306258	0.0163092	0.00139596	0.0160179	0.00137054	58419
-0.0279627	0.0162832	0.00139369	0.0160179	0.00137054	56232
-0.0252996	0.0162574	0.00139144	0.0160179	0.00137054	82781
-0.0226365	0.0162316	0.00138919	0.0160179	0.00137054	51231
-0.0199734	0.016206	0.00138695	0.0160179	0.00137054	62488
-0.0173103	0.0161806	0.00138473	0.0160179	0.00137054	48297
-0.0146471	0.0161552	0.00138252	0.0160179	0.00137054	60647
-0.011984	0.01613	0.00138032	0.0160179	0.00137054	64213
-0.00932091	0.0161049	0.00137812	0.0160179	0.00137054	48710
-0.00665779	0.0160799	0.00137594	0.0160179	0.00137054	48351
-0.00399467	0.016055	0.00137377	0.0160179	0.00137054	53884
-0.00133156	0.0160303	0.00137161	0.0160179	0.00137054	56103
0.00133156	0.0160056	0.00136946	0.0160179	0.00137054	58342
0.00399467	0.015981	0.00136731	0.0160179	0.00137054	49396
0.00665779	0.0159563	0.00136516	0.0160179	0.00137054	63718
0.00932091	0.0159316	0.00136301	0.0160179	0.00137054	59338
0.011984	0.015907	0.00136085	0.0160179	0.00137054	53633
0.0146471	0.0158823	0.0013587	0.0160179	0.00137054	52076
0.0173103	0.0158575	0.00135654	0.0160179	0.00137054	50811
0.0199734	0.0158328	0.00135438	0.0160179	0.00137054	60318
0.0226365	0.0158081	0.00135222	0.0160179	0.00137054	63575
0.0252996	0.0157833	0.00135006	0.0160179	0.00137054	58548
0.0279627	0.0157586	0.0013479	0.0160179	0.00137054	50109
0.0306258	0.0157338	0.00134574	0.0160179	0.00137054	58392
0.0332889	0.015709	0.00134358	0.0160179	0.00137054	59637
0.0359521	0.0156842	0.00134142	0.0160179	0.00137054	49682
0.0386152	0.0156594	0.00133925	0.0160179	0.00137054	52036
0.0412783	0.0156345	0.00133709	0.0160179	0.00137054	50885
0.0439414	0.0156097	0.00133492	0.0160179	0.00137054	48645
0.0466045	0.0155848	0.00133275	0.0160179	0.00137054	61563
0.0492676	0.01556	0.00133058	0.0160179	0.00137054	47467
0.0519308	0.0155351	0.00132841	0.0160179	0.00137054	47814
0.0545939	0.0155102	0.00132624	0.0160179	0.00137054	60517
0.057257	0.0154853	0.00132407	0.0160179	0.00137054	61452
0.0599201	0.0154603	0.0013219	0.0160179	0.00137054	55690
0.0625832	0.0154354	0.00131972	0.0160179	0.00137054	49993
0.0652463	0.0154105	0.00131755	0.0160179	0.00137054	50027
0.0679095	0.0153855	0.00131537	0.0160179	0.00137054	50280
0.0705726	0.0153605	0.0013132	0.0160179	0.00137054	50319
0.0732357	0.0153355	0.00131102	0.0160179	0.00137054	48626
0.0758988	0.0153105	0.00130884	0.0160179	0.00137054	53601
0.0785619	0.0152855	0.00130666	0.0160179	0.00137054	50558
0.081225	0.0152605	0.00130448	0.0160179	0.00137054	48643
0.0838881	0.0152355	0.0013023	0.0160179	0.00137054	50777
0.0865513	0.0152104	0.00130011	0.0160179	0.00137054	49654
0.0892144	0.0151853	0.00129793	0.0160179	0.00137054	51539
0.0918775	0.0151603	0.00129574	0.0160179	0.00137054	51838
0.0945406	0.0151352	0.00129356	0.0160179	0.00137054	56569
0.0972037	0.0151101	0.00129137	0.0160179	0.00137054	55067
0.0998668	0.015085	0.00128918	0.0160179	0.00137054	50069
0.10253	0.0150598	0.00128699	0.0160179	0.00137054	48682
0.105193	0.0150347	0.0012848	0.0160179	0.00137054	55833
0.107856	0.0150095	0.00128261	0.0160179	0.00137054	48144
0.110519	0.0149844	0.00128042	0.0160179	0.00137054	47687
0.113182	0.0149592	0.00127823	0.0160179	0.00137054	55495
0.115846	0.014934	0.00127604	0.0160179	0.00137054	51513
0.118509	0.0149088	0.00127384	0.0160179	0.00137054	53403
0.121172	0.0148836	0.00127165	0.0160179	0.00137054	47761
0.123835	0.0148584	0.00126945	0.0160179	0.00137054	48598
0.126498	0.0148332	0.00126725	0.0160179	0.00137054	48728
0.129161	0.0148079	0.00126505	0.0160179	0.00137054	61068
0.131824	0.0147826	0.00126286	0.0160179	0.00137054	48090
0.134487	0.0147574	0.00126066	0.0160179	0.00137054	48617
0.13715	0.0147321	0.00125846	0.0160179	0.00137054	54701
0.139814	0.0147068	0.00125625	0.0160179	0.00137054	53292
0.142477	0.0146815	0.00125405	0.0160179	0.00137054	49530
0.14514	0.0146562	0.00125185	0.0160179	0.00137054	60634
0.147803	0.0146308	0.00124964	0.0160179	0.00137054	50913
0.150466	0.0146055	0.00124744	0.0160179	0.00137054	47880
0.153129	0.0145802	0.00124523	0.0160179	0.00137054	51853
0.155792	0.0145548	0.00124303	0.0160179	0.00137054	49491
0.158455	0.0145294	0.00124082	0.0160179	0.00137054	56850
0.161119	0.014504	0.00123861	0.0160179	0.00137054	51111
0.163782	0.0144786	0.0012364	0.0160179	0.00137054	51247
0.166445	0.0144532	0.00123419	0.0160179	0.00137054	55633
0.169108	0.0144278	0.00123198	0.0160179	0.00137054	54258
0.171771	0.0144024	0.00122977	0.0160179	0.00137054	59702
0.174434	0.0143769	0.00122756	0.0160179	0.00137054	48331
0.177097	0.0143515	0.00122534	0.0160179	0.00137054	49187
0.17976	0.014326	0.00122313	0.0160179	0.00137054	61232
0.182423	0.0143006	0.00122091	0.0160179	0.00137054	58428
0.185087	0.0142751	0.0012187	0.0160179	0.00137054	52643
0.18775	0.0142496	0.00121648	0.0160179	0.00137054	50634
0.190413	0.0142241	0.00121427	0.0160179	0.00137054	54359
0.193076	0.0141986	0.00121205	0.0160179	0.00137054	51128
0.195739	0.014173	0.00120983	0.0160179	0.00137054	63122
0.198402	0.0141475	0.00120761	0.0160179	0.00137054	47418
0.201065	0.014122	0.00120539	0.0160179	0.00137054	48583
0.203728	0.0140964	0.00120317	0.0160179	0.00137054	58029
0.206391	0.0140708	0.00120095	0.0160179	0.00137054	72373
0.209055	0.0140453	0.00119873	0.0160179	0.00137054	57655
0.211718	0.0140197	0.0011965	0.0160179	0.00137054	48684
0.214381	0.0139941	0.00119428	0.0160179	0.00137054	52130
0.217044	0.0139685	0.00119206	0.0160179	0.00137054	49744
0.219707	0.0139429	0.00118983	0.0160179	0.00137054	54493
0.22237	0.0139172	0.00118761	0.0160179	0.00137054	61371
0.225033	0.0138916	0.00118538	0.0160179	0.00137054	54738
0.227696	0.013866	0.00118315	0.0160179	0.00137054	50673
0.23036	0.0138403	0.00118093	0.0160179	0.00137054	46917
0.233023	0.0138147	0.0011787	0.0160179	0.00137054	49833
0.235686	0.013789	0.00117647	0.0160179	0.00137054	59976
0.238349	0.0137633	0.00117424	0.0160179	0.00137054	50255
0.241012	0.0137376	0.00117201	0.0160179	0.00137054	48084
0.243675	0.013712	0.00116978	0.0160179	0.00137054	47805
0.246338	0.0136863	0.00116755	0.0160179	0.00137054	48623
0.249001	0.0136605	0.00116532	0.0160179	0.00137054	64076
0.251664	0.0136348	0.00116309	0.0160179	0.00137054	59306
0.254328	0.0136091	0.00116086	0.0160179	0.00137054	48137
0.256991	0.0135834	0.00115863	0.0160179	0.00137054	46799
0.259654	0.0135576	0.00115639	0.0160179	0.00137054	51239
0.262317	0.0135319	0.00115416	0.0160179	0.00137054	49841
0.26498	0.0135061	0.00115193	0.0160179	0.00137054	55329
0.267643	0.0134804	0.00114969	0.0160179	0.00137054	46359
0.270306	0.0134546	0.00114746	0.0160179	0.00137054	47253
0.272969	0.0134288	0.00114522	0.0160179	0.00137054	48409
0.275632	0.013403	0.00114299	0.0160179	0.00137054	48851
0.278296	0.0133772	0.00114075	0.0160179	0.00137054	60676
0.280959	0.0133514	0.00113852	0.0160179	0.00137054	57018
0.283622	0.0133256	0.00113628	0.0160179	0.00137054	61906
0.286285	0.0132998	0.00113404	0.0160179	0.00137054	74961
0.288948	0.013274	0.00113181	0.0160179	0.00137054	49451
0.291611	0.0132482	0.00112957	0.0160179	0.00137054	57238
0.294274	0.0132224	0.00112733	0.0160179	0.00137054	62245
0.296937	0.0131965	0.0011251	0.0160179	0.00137054	52361
0.299601	0.0131707	0.00112286	0.0160179	0.00137054	57272
0.302264	0.0131448	0.00112062	0.0160179	0.00137054	50245
0.304927	0.013119	0.00111838	0.0160179	0.00137054	59577
0.30759	0.0130931	0.00111614	0.0160179	0.00137054	49960
0.310253	0.0130673	0.0011139	0.0160179	0.00137054	56772
0.312916	0.0130414	0.00111167	0.0160179	0.00137054	50571
0.315579	0.0130155	0.00110943	0.0160179	0.00137054	61268
0.318242	0.0129897	0.00110719	0.0160179	0.00137054	65465
0.320905	0.0129638	0.00110495	0.0160179	0.00137054	64127
0.323569	0.0129379	0.00110271	0.0160179	0.00137054	54818
0.326232	0.012912	0.00110047	0.0160179	0.00137054	47823
0.328895	0.0128861	0.00109823	0.0160179	0.00137054	48883
0.331558	0.0128602	0.00109599	0.0160179	0.00137054	49729
0.334221	0.0128343	0.00109375	0.0160179	0.00137054	50968
0.336884	0.0128085	0.00109151	0.0160179	0.00137054	49982
0.339547	0.0127825	0.00108927	0.0160179	0.00137054	69713
0.34221	0.0127566	0.00108703	0.0160179	0.00137054	53260
0.344874	0.0127307	0.0010848	0.0160179	0.00137054	49323
0.347537	0.0127048	0.00108256	0.0160179	0.00137054	54406
0.3502	0.0126789	0.00108032	0.0160179	0.00137054	49806
0.352863	0.012653	0.00107808	0.0160179	0.00137054	52465
0.355526	0.0126271	0.00107584	0.0160179	0.00137054	50512
0.358189	0.0126012	0.0010736	0.0160179	0.00137054	49021
0.360852	0.0125753	0.00107137	0.0160179	0.00137054	48463
0.363515	0.0125494	0.00106913	0.0160179	0.00137054	47835
0.366178	0.0125234	0.00106689	0.0160179	0.00137054	48471
0.368842	0.0124975	0.00106465	0.0160179	0.00137054	48557
0.371505	0.0124716	0.00106242	0.0160179	0.00137054	48749
0.374168	0.0124457	0.00106018	0.0160179	0.00137054	56006
0.376831	0.0124198	0.00105795	0.0160179	0.00137054	47643
0.379494	0.0123939	0.00105571	0.0160179	0.00137054	58613
0.382157	0.012368	0.00105348	0.0160179	0.00137054	65668
0.38482	0.0123421	0.00105124	0.0160179	0.00137054	46308
0.387483	0.0123162	0.00104901	0.0160179	0.00137054	51545
0.390146	0.0122903	0.00104677	0.0160179	0.00137054	71981
0.39281	0.0122644	0.00104454	0.0160179	0.00137054	59345
0.395473	0.0122385	0.00104231	0.0160179	0.00137054	51644
0.398136	0.0122126	0.00104008	0.0160179	0.00137054	48509
0.400799	0.0121867	0.00103785	0.0160179	0.00137054	47247
0.403462	0.0121608	0.00103562	0.0160179	0.00137054	64258
0.406125	0.0121349	0.00103339	0.0160179	0.00137054	47853
0.408788	0.012109	0.00103116	0.0160179	0.00137054	53723
0.411451	0.0120831	0.00102893	0.0160179	0.00137054	49129
0.414115	0.0120573	0.00102671	0.0160179	0.00137054	47058
0.416778	0.0120314	0.00102448	0.0160179	0.00137054	62540
0.419441	0.0120056	0.00102226	0.0160179	0.00137054	55589
0.422104	0.0119797	0.00102003	0.0160179	0.00137054	47644
0.424767	0.0119539	0.00101781	0.0160179	0.00137054	59701
0.42743	0.011928	0.00101559	0.0160179	0.00137054	59020
0.430093	0.0119022	0.00101337	0.0160179	0.00137054	52892
0.432756	0.0118764	0.00101115	0.0160179	0.00137054	47512
0.435419	0.0118506	0.00100893	0.0160179	0.00137054	51290
0.438083	0.0118248	0.00100672	0.0160179	0.00137054	56739
0.440746	0.011799	0.0010045	0.0160179	0.00137054	65122
0.443409	0.0117732	0.00100229	0.0160179	0.00137054	62748
0.446072	0.0117474	0.00100008	0.0160179	0.00137054	58339
0.448735	0.0117217	0.000997864	0.0160179	0.00137054	58888
0.451398	0.0116959	0.000995655	0.0160179	0.00137054	48672
0.454061	0.0116702	0.000993447	0.0160179	0.00137054	62126
0.456724	0.0116445	0.00099124	0.0160179	0.00137054	54721
0.459387	0.0116187	0.000989036	0.0160179	0.00137054	51844
0.462051	0.011593	0.000986833	0.0160179	0.00137054	47872
0.464714	0.0115674	0.000984631	0.0160179	0.00137054	52362
0.467377	0.0115417	0.000982432	0.0160179	0.00137054	51311
0.47004	0.011516	0.000980234	0.0160179	0.00137054	52255
0.472703	0.0114904	0.000978038	0.0160179	0.00137054	59382
0.475366	0.0114648	0.000975845	0.0160179	0.00137054	54920
0.478029	0.0114392	0.000973653	0.0160179	0.00137054	53037
0.480692	0.0114136	0.000971464	0.0160179	0.00137054	49367
0.483356	0.011388	0.000969276	0.0160179	0.00137054	53088
0.486019	0.0113624	0.000967091	0.0160179	0.00137054	54835
0.488682	0.0113369	0.000964908	0.0160179	0.00137054	53763
0.491345	0.0113114	0.000962728	0.0160179	0.00137054	54398
0.494008	0.0112859	0.00096055	0.0160179	0.00137054	55544
0.496671	0.0112604	0.000958375	0.0160179	0.00137054	52065
0.499334	0.011235	0.000956202	0.0160179	0.00137054	49705
0.501997	0.0112095	0.000954032	0.0160179	0.00137054	51169
0.50466	0.0111841	0.000951864	0.0160179	0.00137054	52300
0.507324	0.0111588	0.000949699	0.0160179	0.00137054	47840
0.509987	0.0111334	0.000947538	0.0160179	0.00137054	50261
0.51265	0.0111081	0.000945379	0.0160179	0.00137054	56781
0.515313	0.0110828	0.000943223	0.0160179	0.00137054	54574
0.517976	0.0110575	0.00094107	0.0160179	0.00137054	48673
0.520639	0.0110322	0.000938921	0.0160179	0.00137054	61371
0.523302	0.011007	0.000936775	0.0160179	0.00137054	48941
0.525965	0.0109818	0.000934632	0.0160179	0.00137054	63757
0.528628	0.0109567	0.000932493	0.0160179	0.00137054	48880
0.531292	0.0109315	0.000930357	0.0160179	0.00137054	55200
0.533955	0.0109064	0.000928225	0.0160179	0.00137054	60087
0.536618	0.0108814	0.000926097	0.0160179	0.00137054	51554
0.539281	0.0108564	0.000923973	0.0160179	0.00137054	54264
0.541944	0.0108314	0.000921853	0.0160179	0.00137054	58437
0.544607	0.0108064	0.000919736	0.0160179	0.00137054	48417
0.54727	0.0107815	0.000917624	0.0160179	0.00137054	47558
0.549933	0.0107566	0.000915517	0.0160179	0.00137054	48199
0.552597	0.0107318	0.000913413	0.0160179	0.00137054	65665
0.55526	0.010707	0.000911315	0.0160179	0.00137054	52196
0.557923	0.0106822	0.00090922	0.0160179	0.00137054	51247
0.560586	0.0106575	0.000907131	0.0160179	0.00137054	49257
0.563249	0.0106328	0.000905046	0.0160179	0.00137054	56052
0.565912	0.0106082	0.000902967	0.0160179	0.00137054	49092
0.568575	0.0105836	0.000900893	0.0160179	0.00137054	53644
0.571238	0.0105591	0.000898824	0.0160179	0.00137054	65412
0.573901	0.0105346	0.00089676	0.0160179	0.00137054	64472
0.576565	0.0105102	0.000894702	0.0160179	0.00137054	69896
0.579228	0.0104858	0.000892649	0.0160179	0.00137054	50115
0.581891	0.0104615	0.000890603	0.0160179	0.00137054	48662
0.584554	0.0104373	0.000888562	0.0160179	0.00137054	63614
0.587217	0.010413	0.000886528	0.0160179	0.00137054	56688
0.58988	0.0103889	0.0008845	0.0160179	0.00137054	47894
0.592543	0.0103648	0.000882478	0.0160179	0.00137054	57764
0.595206	0.0103408	0.000880463	0.0160179	0.00137054	49110
0.59787	0.0103168	0.000878455	0.0160179	0.00137054	55617
0.600533	0.0102929	0.000876454	0.0160179	0.00137054	57154
0.603196	0.0102691	0.00087446	0.0160179	0.00137054	57960
0.605859	0.0102453	0.000872473	0.0160179	0.00137054	49163
0.608522	0.0102216	0.000870494	0.0160179	0.00137054	70134
0.611185	0.010198	0.000868522	0.0160179	0.00137054	74576
0.613848	0.0101744	0.000866559	0.0160179	0.00137054	50994
0.616511	0.010151	0.000864603	0.0160179	0.00137054	67148
0.619174	0.0101276	0.000862656	0.0160179	0.00137054	48068
0.621838	0.0101042	0.000860718	0.0160179	0.00137054	50072
0.624501	0.010081	0.000858788	0.0160179	0.00137054	49444
0.627164	0.0100579	0.000856867	0.0160179	0.00137054	48021
0.629827	0.0100348	0.000854956	0.0160179	0.00137054	55682
0.63249	0.0100118	0.000853054	0.0160179	0.00137054	49128
0.635153	0.00998894	0.000851161	0.0160179	0.00137054	72109
0.637816	0.00996615	0.000849279	0.0160179	0.00137054	56339
0.640479	0.00994345	0.000847407	0.0160179	0.00137054	56824
0.643142	0.00992086	0.000845546	0.0160179	0.00137054	54533
0.645806	0.00989837	0.000843695	0.0160179	0.00137054	49479
0.648469	0.00987598	0.000841855	0.0160179	0.00137054	46589
0.651132	0.0098537	0.000840027	0.0160179	0.00137054	49663
0.653795	0.00983153	0.00083821	0.0160179	0.00137054	47321
0.656458	0.00980947	0.000836406	0.0160179	0.00137054	56717
0.659121	0.00978753	0.000834613	0.0160179	0.00137054	61797
0.661784	0.00976571	0.000832834	0.0160179	0.00137054	55467
0.664447	0.00974401	0.000831067	0.0160179	0.00137054	70681
0.667111	0.00972244	0.000829314	0.0160179	0.00137054	51568
0.669774	0.009701	0.000827574	0.0160179	0.00137054	54330
0.672437	0.00967969	0.000825849	0.0160179	0.00137054	56140
0.6751	0.00965852	0.000824137	0.0160179	0.00137054	50615
0.677763	0.00963749	0.000822441	0.0160179	0.00137054	49009
0.680426	0.0096166	0.00082076	0.0160179	0.00137054	60746
0.683089	0.00959586	0.000819095	0.0160179	0.00137054	57062
0.685752	0.00957528	0.000817446	0.0160179	0.00137054	51259
0.688415	0.00955485	0.000815813	0.0160179	0.00137054	50601
0.691079	0.00953459	0.000814197	0.0160179	0.00137054	54859
0.693742	0.00951449	0.000812599	0.0160179	0.00137054	53876
0.696405	0.00949456	0.000811019	0.0160179	0.00137054	53433
0.699068	0.00947481	0.000809457	0.0160179	0.00137054	50369
0.701731	0.00945524	0.000807915	0.0160179	0.00137054	49497
0.704394	0.00943586	0.000806392	0.0160179	0.00137054	48088
0.707057	0.00941666	0.000804889	0.0160179	0.00137054	49943
0.70972	0.00939767	0.000803407	0.0160179	0.00137054	48491
0.712383	0.00937888	0.000801946	0.0160179	0.00137054	60814
0.715047	0.0093603	0.000800508	0.0160179	0.00137054	52549
0.71771	0.00934194	0.000799092	0.0160179	0.00137054	51060
0.720373	0.00932379	0.000797699	0.0160179	0.00137054	54028
0.723036	0.00930588	0.00079633	0.0160179	0.00137054	54714
0.725699	0.0092882	0.000794986	0.0160179	0.00137054	61469
0.728362	0.00927076	0.000793668	0.0160179	0.00137054	60221
0.731025	0.00925358	0.000792375	0.0160179	0.00137054	49210
0.733688	0.00923665	0.00079111	0.0160179	0.00137054	59337
0.736352	0.00921999	0.000789873	0.0160179	0.00137054	55762
0.739015	0.00920361	0.000788665	0.0160179	0.00137054	59759
0.741678	0.0091875	0.000787486	0.0160179	0.00137054	51773
0.744341	0.00917169	0.000786337	0.0160179	0.00137054	59370
0.747004	0.00915618	0.000785221	0.0160179	0.00137054	55253
0.749667	0.00914098	0.000784137	0.0160179	0.00137054	51344
0.75233	0.0091261	0.000783086	0.0160179	0.00137054	45687
0.754993	0.00911156	0.000782071	0.0160179	0.00137054	50920
0.757656	0.00909735	0.000781091	0.0160179	0.00137054	52410
0.76032	0.0090835	0.000780148	0.0160179	0.00137054	53016
0.762983	0.00907002	0.000779244	0.0160179	0.00137054	55517
0.765646	0.00905691	0.000778379	0.0160179	0.00137054	49159
0.768309	0.00904419	0.000777555	0.0160179	0.00137054	52470
0.770972	0.00903188	0.000776774	0.0160179	0.00137054	50748
0.773635	0.00901998	0.000776036	0.0160179	0.00137054	47450
0.776298	0.00900852	0.000775344	0.0160179	0.00137054	58335
0.778961	0.0089975	0.000774698	0.0160179	0.00137054	53395
0.781625	0.00898695	0.000774102	0.0160179	0.00137054	48412
0.784288	0.00897688	0.000773555	0.0160179	0.00137054	56127
0.786951	0.0089673	0.000773061	0.0160179	0.00137054	56891
0.789614	0.00895824	0.00077262	0.0160179	0.00137054	49298
0.792277	0.00894971	0.000772236	0.0160179	0.00137054	54951
0.79494	0.00894173	0.00077191	0.0160179	0.00137054	57209
0.797603	0.00893433	0.000771644	0.0160179	0.00137054	52154
0.800266	0.00892752	0.00077144	0.0160179	0.00137054	54614
0.802929	0.00892134	0.000771302	0.0160179	0.00137054	45790
0.805593	0.00891579	0.000771231	0.0160179	0.00137054	50526
0.808256	0.00891092	0.000771231	0.0160179	0.00137054	53233
0.810919	0.00890673	0.000771303	0.0160179	0.00137054	55480
0.813582	0.00890327	0.000771451	0.0160179	0.00137054	60511
0.816245	0.00890056	0.000771678	0.0160179	0.00137054	51800
0.818908	0.00889863	0.000771988	0.0160179	0.00137054	49898
0.821571	0.00889752	0.000772383	0.0160179	0.00137054	59772
0.824234	0.00889725	0.000772867	0.0160179	0.00137054	51147
0.826897	0.00889787	0.000773444	0.0160179	0.00137054	50644
0.829561	0.0088994	0.000774119	0.0160179	0.00137054	50916
0.832224	0.0089019	0.000774895	0.0160179	0.00137054	57038
0.834887	0.00890541	0.000775776	0.0160179	0.00137054	51979
0.83755	0.00890996	0.000776768	0.0160179	0.00137054	49104
0.840213	0.00891561	0.000777876	0.0160179	0.00137054	59850
0.842876	0.00892241	0.000779105	0.0160179	0.00137054	65336
0.845539	0.0089304	0.00078046	0.0160179	0.00137054	54706
0.848202	0.00893966	0.000781948	0.0160179	0.00137054	55101
0.850866	0.00895023	0.000783575	0.0160179	0.00137054	49316
0.853529	0.00896218	0.000785348	0.0160179	0.00137054	54455
0.856192	0.00897559	0.000787274	0.0160179	0.00137054	61416
0.858855	0.00899051	0.000789361	0.0160179	0.00137054	58237
0.861518	0.00900704	0.000791617	0.0160179	0.00137054	59119
0.864181	0.00902525	0.000794052	0.0160179	0.00137054	49995
0.866844	0.00904523	0.000796673	0.0160179	0.00137054	51702
0.869507	0.00906709	0.000799492	0.0160179	0.00137054	59769
0.87217	0.00909091	0.00080252	0.0160179	0.00137054	48641
0.874834	0.00911682	0.000805768	0.0160179	0.00137054	50852
0.877497	0.00914492	0.000809248	0.0160179	0.00137054	48666
0.88016	0.00917536	0.000812975	0.0160179	0.00137054	49355
0.882823	0.00920826	0.000816963	0.0160179	0.00137054	48081
0.885486	0.00924377	0.000821227	0.0160179	0.00137054	53086
0.888149	0.00928205	0.000825785	0.0160179	0.00137054	50473
0.890812	0.00932329	0.000830655	0.0160179	0.00137054	50876
0.893475	0.00936766	0.000835857	0.0160179	0.00137054	55027
0.896138	0.00941538	0.000841414	0.0160179	0.00137054	49610
0.898802	0.00946667	0.000847348	0.0160179	0.00137054	54654
0.901465	0.00952178	0.000853687	0.0160179	0.00137054	49345
0.904128	0.00958097	0.000860458	0.0160179	0.00137054	48788
0.906791	0.00964454	0.000867693	0.0160179	0.00137054	74742
0.909454	0.00971282	0.000875425	0.0160179	0.00137054	53452
0.912117	0.00978616	0.000883694	0.0160179	0.00137054	59597
0.91478	0.00986497	0.00089254	0.0160179	0.00137054	51178
0.917443	0.00994969	0.000902011	0.0160179	0.00137054	50165
0.920107	0.0100408	0.000912157	0.0160179	0.00137054	47727
0.92277	0.0101388	0.000923037	0.0160179	0.00137054	60025
0.925433	0.0102444	0.000934714	0.0160179	0.00137054	58463
0.928096	0.0103583	0.000947261	0.0160179	0.00137054	49715
0.930759	0.0104812	0.00096076	0.0160179	0.00137054	48587
0.933422	0.010614	0.000975302	0.0160179	0.00137054	49887
0.936085	0.0107577	0.000990993	0.0160179	0.00137054	62909
0.938748	0.0109134	0.00100795	0.0160179	0.00137054	55080
0.941411	0.0110826	0.00102632	0.0160179	0.00137054	59155
0.944075	0.0112666	0.00104625	0.0160179	0.00137054	51620
0.946738	0.0114674	0.00106793	0.0160179	0.00137054	49292
0.949401	0.011687	0.00109157	0.0160179	0.00137054	52766
0.952064	0.0119279	0.00111744	0.0160179	0.00137054	58121
0.954727	0.012193	0.00114583	0.0160179	0.00137054	49320
0.95739	0.0124858	0.0011771	0.0160179	0.00137054	55726
0.960053	0.0128108	0.0012117	0.0160179	0.00137054	65716
0.962716	0.0131731	0.00125017	0.0160179	0.00137054	47366
0.965379	0.0135794	0.00129317	0.0160179	0.00137054	58480
0.968043	0.014038	0.00134154	0.0160179	0.00137054	53882
0.970706	0.0145597	0.00139638	0.0160179	0.00137054	49053
0.973369	0.0151585	0.00145907	0.0160179	0.00137054	71213
0.976032	0.0158535	0.00153153	0.0160179	0.00137054	48190
0.978695	0.0166708	0.00161634	0.0160179	0.00137054	57533
0.981358	0.0176483	0.00171721	0.0160179	0.00137054	49842
0.984021	0.0188422	0.00183967	0.0160179	0.00137054	49496
0.986684	0.0203426	0.00199242	0.0160179	0.00137054	62774
0.989348	0.0223036	0.0021903	0.0160179	0.00137054	51935
0.992011	0.0250225	0.00246159	0.0160179	0.00137054	48310
0.994674	0.0291848	0.00287069	0.0160179	0.00137054	72696
0.997337	0.0370342	0.00362476	0.0160179	0.00137054	48667
1	0.168058	0.0149971	0.0160179	0.00137054	184530
