i	integral	norm	time
3	1.55853	0.0818229	51025
6	0.0303421	0.00175121	71996
9	0.0195663	0.00113415	80696
12	0.00967382	0.0005565	102869
15	0.00729461	0.000418813	110723
18	0.00455643	0.000261064	132810
21	0.00372988	0.000213587	139731
24	0.00263019	0.000150494	161838
27	0.00225389	0.000128932	176790
30	0.00170802	9.76755e-05	192041
33	0.00150651	8.61421e-05	200826
36	0.00119729	6.84487e-05	224247
39	0.00107719	6.15781e-05	235610
42	0.000885417	5.06095e-05	248554
45	0.000808175	4.61927e-05	259681
48	0.00068117	3.89308e-05	281729
51	0.000628605	3.59255e-05	291998
54	0.000540194	3.08717e-05	311522
57	0.000502819	2.87355e-05	321049
60	0.000438821	2.5078e-05	342865
63	0.000411307	2.35057e-05	353971
66	0.000363509	2.07741e-05	379825
69	0.000342676	1.95835e-05	384703
72	0.000306043	1.74898e-05	408093
75	0.000289891	1.65667e-05	415086
78	0.000261199	1.49269e-05	438405
81	0.000248425	1.41968e-05	458257
84	0.000225536	1.28885e-05	472319
87	0.00021526	1.23012e-05	471436
90	0.000196708	1.12408e-05	491432
93	0.000188319	1.07613e-05	500037
96	0.000173074	9.89e-06	516862
99	0.000166137	9.49349e-06	542396
102	0.000153459	8.7688e-06	556804
105	0.000147658	8.43718e-06	563962
108	0.000137001	7.82798e-06	584706
111	0.0001321	7.54783e-06	601642
114	0.000123056	7.03083e-06	624768
117	0.000118879	6.79202e-06	653422
120	0.000111139	6.34949e-06	648526
123	0.000107549	6.14427e-06	644191
126	0.000100873	5.76258e-06	682915
129	9.77663e-05	5.58493e-06	680302
132	9.19685e-05	5.25342e-06	701336
135	8.92614e-05	5.09863e-06	701827
138	8.41943e-05	4.80887e-06	732858
141	8.18213e-05	4.67317e-06	753674
144	7.73671e-05	4.41845e-06	759979
147	7.52754e-05	4.29883e-06	773792
150	7.13392e-05	4.07371e-06	801894
153	6.94862e-05	3.96773e-06	804870
156	6.59908e-05	3.7678e-06	823383
159	6.43415e-05	3.67346e-06	829796
162	6.12235e-05	3.4951e-06	848091
165	5.97491e-05	3.41075e-06	862456
168	5.69562e-05	3.25097e-06	887813
171	5.5633e-05	3.17525e-06	889314
174	5.3122e-05	3.03155e-06	908019
177	5.193e-05	2.96333e-06	911746
180	4.96641e-05	2.83362e-06	931452
183	4.85868e-05	2.77194e-06	939403
186	4.65354e-05	2.65446e-06	991847
189	4.55583e-05	2.59851e-06	1.01495e+06
192	4.3695e-05	2.49178e-06	1.02479e+06
195	4.28062e-05	2.44086e-06	1.03152e+06
198	4.11086e-05	2.3436e-06	1.04164e+06
201	4.02978e-05	2.29714e-06	1.06168e+06
204	3.8747e-05	2.20826e-06	1.08098e+06
207	3.80053e-05	2.16574e-06	1.07767e+06
210	3.65849e-05	2.08431e-06	1.08685e+06
213	3.59046e-05	2.04531e-06	1.10036e+06
216	3.46003e-05	1.97051e-06	1.14687e+06
219	3.3975e-05	1.93465e-06	1.17674e+06
222	3.27746e-05	1.86579e-06	1.21863e+06
225	3.21984e-05	1.83273e-06	1.19182e+06
228	3.10912e-05	1.76919e-06	1.28536e+06
231	3.05591e-05	1.73866e-06	1.28395e+06
234	2.95357e-05	1.67991e-06	1.56481e+06
237	2.90435e-05	1.65164e-06	1.25924e+06
240	2.80958e-05	1.59722e-06	1.36945e+06
243	2.76396e-05	1.57101e-06	1.31897e+06
246	2.67606e-05	1.52048e-06	1.27748e+06
249	2.63371e-05	1.49613e-06	1.24854e+06
252	2.55203e-05	1.44915e-06	1.32136e+06
255	2.51264e-05	1.42648e-06	1.3634e+06
258	2.43661e-05	1.38272e-06	1.38046e+06
261	2.39992e-05	1.36159e-06	1.3808e+06
264	2.32904e-05	1.32075e-06	1.446e+06
267	2.29481e-05	1.30102e-06	1.63495e+06
270	2.22862e-05	1.26286e-06	1.42048e+06
273	2.19663e-05	1.24441e-06	1.38201e+06
276	2.13473e-05	1.2087e-06	1.49974e+06
279	2.10479e-05	1.19141e-06	1.49707e+06
282	2.04683e-05	1.15794e-06	1.47229e+06
285	2.01878e-05	1.14173e-06	1.43901e+06
288	1.96444e-05	1.11032e-06	1.47976e+06
291	1.93813e-05	1.09509e-06	1.45982e+06
294	1.88713e-05	1.06557e-06	1.51661e+06
297	1.86242e-05	1.05125e-06	1.54323e+06
300	1.81449e-05	1.02347e-06	1.54376e+06
303	1.79124e-05	1.01e-06	1.51375e+06
306	1.74614e-05	9.83826e-07	1.55334e+06
309	1.72425e-05	9.7112e-07	1.60298e+06
312	1.68177e-05	9.46437e-07	1.64039e+06
315	1.66114e-05	9.34446e-07	1.76838e+06
318	1.62107e-05	9.11139e-07	1.93579e+06
321	1.60161e-05	8.99811e-07	1.92059e+06
324	1.56378e-05	8.77779e-07	1.75874e+06
327	1.54539e-05	8.67066e-07	1.80001e+06
330	1.50965e-05	8.46219e-07	1.78146e+06
333	1.49227e-05	8.36076e-07	1.75448e+06
336	1.45845e-05	8.1633e-07	1.83317e+06
339	1.442e-05	8.06718e-07	1.80056e+06
342	1.40998e-05	7.87997e-07	1.84309e+06
345	1.39439e-05	7.7888e-07	1.80371e+06
348	1.36405e-05	7.61114e-07	1.84314e+06
351	1.34927e-05	7.52458e-07	1.82115e+06
354	1.32049e-05	7.35584e-07	1.92385e+06
357	1.30647e-05	7.27358e-07	2.13214e+06
360	1.27914e-05	7.11316e-07	1.96373e+06
363	1.26582e-05	7.03494e-07	2.5598e+06
366	1.23985e-05	6.8823e-07	2.27743e+06
369	1.2272e-05	6.80784e-07	2.30921e+06
372	1.20251e-05	6.6625e-07	2.731e+06
375	1.19047e-05	6.59157e-07	2.21022e+06
378	1.16698e-05	6.45306e-07	2.36345e+06
381	1.15553e-05	6.38544e-07	2.65275e+06
384	1.13316e-05	6.25334e-07	2.55457e+06
387	1.12224e-05	6.18883e-07	2.07005e+06
390	1.10093e-05	6.06275e-07	1.96335e+06
393	1.09053e-05	6.00116e-07	1.95188e+06
396	1.07022e-05	5.88074e-07	2.00912e+06
399	1.0603e-05	5.82189e-07	1.98453e+06
402	1.04091e-05	5.70681e-07	2.09765e+06
405	1.03144e-05	5.65054e-07	2.13581e+06
408	1.01293e-05	5.54048e-07	2.03096e+06
411	1.00388e-05	5.48665e-07	2.04482e+06
414	9.86189e-06	5.38131e-07	2.11564e+06
417	9.77541e-06	5.32978e-07	2.11913e+06
420	9.60627e-06	5.22891e-07	2.08702e+06
423	9.52356e-06	5.17954e-07	2.10794e+06
426	9.36172e-06	5.08289e-07	2.1129e+06
429	9.28257e-06	5.03557e-07	2.1869e+06
432	9.12767e-06	4.9429e-07	2.27075e+06
435	9.05187e-06	4.89752e-07	2.23191e+06
438	8.90349e-06	4.80861e-07	2.20891e+06
441	8.83087e-06	4.76507e-07	2.18916e+06
444	8.68865e-06	4.67973e-07	2.19238e+06
447	8.61901e-06	4.63791e-07	2.20262e+06
450	8.48262e-06	4.55595e-07	2.21562e+06
453	8.41583e-06	4.51578e-07	2.22645e+06
456	8.28496e-06	4.43702e-07	2.24583e+06
459	8.22085e-06	4.39841e-07	2.30816e+06
462	8.09523e-06	4.32269e-07	2.28869e+06
465	8.0337e-06	4.28556e-07	2.2962e+06
468	7.91312e-06	4.21272e-07	2.32363e+06
471	7.85404e-06	4.17699e-07	2.33478e+06
474	7.73821e-06	4.10689e-07	2.3379e+06
477	7.68145e-06	4.0725e-07	2.3461e+06
480	7.57017e-06	4.005e-07	2.42363e+06
483	7.51561e-06	3.97188e-07	2.42442e+06
486	7.40862e-06	3.90685e-07	2.40441e+06
489	7.35617e-06	3.87494e-07	2.40975e+06
492	7.25328e-06	3.81227e-07	2.57229e+06
495	7.20281e-06	3.78151e-07	2.5606e+06
498	7.10377e-06	3.72108e-07	2.47965e+06
501	7.05519e-06	3.69141e-07	2.53717e+06
