t	integral	norm	uniform_integral	uniform_norm	time
-1	0.0167586	0.0022868	0.00587249	0.000688938	90960
-0.997337	0.0152024	0.00172227	0.00587249	0.000688938	16987
-0.994674	0.0158282	0.00179683	0.00587249	0.000688938	17221
-0.992011	0.0160193	0.00182072	0.00587249	0.000688938	16894
-0.989348	0.0160587	0.00182681	0.00587249	0.000688938	18084
-0.986684	0.0160278	0.00182457	0.00587249	0.000688938	17415
-0.984021	0.0159598	0.00181789	0.00587249	0.000688938	17317
-0.981358	0.0158708	0.00180868	0.00587249	0.000688938	17425
-0.978695	0.0157697	0.00179797	0.00587249	0.000688938	18657
-0.976032	0.0156616	0.00178637	0.00587249	0.000688938	17835
-0.973369	0.0155496	0.00177425	0.00587249	0.000688938	17468
-0.970706	0.0154358	0.00176187	0.00587249	0.000688938	17228
-0.968043	0.0153214	0.00174937	0.00587249	0.000688938	17025
-0.965379	0.0152073	0.00173686	0.00587249	0.000688938	17230
-0.962716	0.0150941	0.00172443	0.00587249	0.000688938	17366
-0.960053	0.0149823	0.00171211	0.00587249	0.000688938	17297
-0.95739	0.014872	0.00169994	0.00587249	0.000688938	16985
-0.954727	0.0147634	0.00168795	0.00587249	0.000688938	17301
-0.952064	0.0146567	0.00167614	0.00587249	0.000688938	17141
-0.949401	0.014552	0.00166454	0.00587249	0.000688938	17898
-0.946738	0.0144491	0.00165313	0.00587249	0.000688938	19663
-0.944075	0.0143483	0.00164194	0.00587249	0.000688938	17397
-0.941411	0.0142493	0.00163095	0.00587249	0.000688938	17600
-0.938748	0.0141523	0.00162017	0.00587249	0.000688938	17197
-0.936085	0.0140572	0.00160959	0.00587249	0.000688938	17397
-0.933422	0.0139639	0.00159921	0.00587249	0.000688938	17342
-0.930759	0.0138725	0.00158903	0.00587249	0.000688938	17679
-0.928096	0.0137828	0.00157903	0.00587249	0.000688938	17064
-0.925433	0.0136948	0.00156923	0.00587249	0.000688938	17585
-0.92277	0.0136086	0.00155961	0.00587249	0.000688938	17377
-0.920107	0.0135239	0.00155017	0.00587249	0.000688938	18593
-0.917443	0.0134408	0.0015409	0.00587249	0.000688938	18115
-0.91478	0.0133593	0.00153179	0.00587249	0.000688938	17856
-0.912117	0.0132793	0.00152286	0.00587249	0.000688938	17924
-0.909454	0.0132007	0.00151408	0.00587249	0.000688938	17446
-0.906791	0.0131236	0.00150546	0.00587249	0.000688938	18732
-0.904128	0.0130478	0.00149699	0.00587249	0.000688938	17165
-0.901465	0.0129733	0.00148866	0.00587249	0.000688938	17369
-0.898802	0.0129002	0.00148048	0.00587249	0.000688938	17521
-0.896138	0.0128282	0.00147243	0.00587249	0.000688938	17611
-0.893475	0.0127576	0.00146453	0.00587249	0.000688938	18182
-0.890812	0.0126881	0.00145675	0.00587249	0.000688938	19186
-0.888149	0.0126197	0.0014491	0.00587249	0.000688938	20439
-0.885486	0.0125525	0.00144157	0.00587249	0.000688938	18313
-0.882823	0.0124863	0.00143416	0.00587249	0.000688938	17446
-0.88016	0.0124213	0.00142687	0.00587249	0.000688938	17344
-0.877497	0.0123572	0.0014197	0.00587249	0.000688938	17545
-0.874834	0.0122942	0.00141264	0.00587249	0.000688938	17675
-0.87217	0.0122321	0.00140568	0.00587249	0.000688938	18563
-0.869507	0.012171	0.00139883	0.00587249	0.000688938	18498
-0.866844	0.0121108	0.00139208	0.00587249	0.000688938	19894
-0.864181	0.0120515	0.00138544	0.00587249	0.000688938	17335
-0.861518	0.0119931	0.00137889	0.00587249	0.000688938	17908
-0.858855	0.0119355	0.00137243	0.00587249	0.000688938	19005
-0.856192	0.0118788	0.00136607	0.00587249	0.000688938	17749
-0.853529	0.0118229	0.0013598	0.00587249	0.000688938	17748
-0.850866	0.0117678	0.00135362	0.00587249	0.000688938	17497
-0.848202	0.0117135	0.00134752	0.00587249	0.000688938	17152
-0.845539	0.0116599	0.00134151	0.00587249	0.000688938	17220
-0.842876	0.011607	0.00133558	0.00587249	0.000688938	17569
-0.840213	0.0115549	0.00132972	0.00587249	0.000688938	17171
-0.83755	0.0115035	0.00132395	0.00587249	0.000688938	18337
-0.834887	0.0114528	0.00131826	0.00587249	0.000688938	17251
-0.832224	0.0114027	0.00131264	0.00587249	0.000688938	18066
-0.829561	0.0113533	0.00130709	0.00587249	0.000688938	18128
-0.826897	0.0113045	0.00130161	0.00587249	0.000688938	18075
-0.824234	0.0112564	0.00129621	0.00587249	0.000688938	18275
-0.821571	0.0112089	0.00129087	0.00587249	0.000688938	17398
-0.818908	0.0111619	0.0012856	0.00587249	0.000688938	17716
-0.816245	0.0111156	0.00128039	0.00587249	0.000688938	17457
-0.813582	0.0110698	0.00127525	0.00587249	0.000688938	17433
-0.810919	0.0110246	0.00127017	0.00587249	0.000688938	16935
-0.808256	0.01098	0.00126515	0.00587249	0.000688938	17416
-0.805593	0.0109359	0.0012602	0.00587249	0.000688938	17599
-0.802929	0.0108923	0.0012553	0.00587249	0.000688938	19005
-0.800266	0.0108492	0.00125046	0.00587249	0.000688938	17848
-0.797603	0.0108067	0.00124567	0.00587249	0.000688938	17410
-0.79494	0.0107646	0.00124094	0.00587249	0.000688938	17882
-0.792277	0.010723	0.00123627	0.00587249	0.000688938	18184
-0.789614	0.0106819	0.00123165	0.00587249	0.000688938	20531
-0.786951	0.0106413	0.00122708	0.00587249	0.000688938	18167
-0.784288	0.0106011	0.00122256	0.00587249	0.000688938	17960
-0.781625	0.0105614	0.00121809	0.00587249	0.000688938	17265
-0.778961	0.0105221	0.00121368	0.00587249	0.000688938	17410
-0.776298	0.0104832	0.00120931	0.00587249	0.000688938	17445
-0.773635	0.0104448	0.00120498	0.00587249	0.000688938	18322
-0.770972	0.0104068	0.00120071	0.00587249	0.000688938	18879
-0.768309	0.0103692	0.00119648	0.00587249	0.000688938	18021
-0.765646	0.010332	0.00119229	0.00587249	0.000688938	17340
-0.762983	0.0102952	0.00118815	0.00587249	0.000688938	17194
-0.76032	0.0102587	0.00118405	0.00587249	0.000688938	17175
-0.757656	0.0102227	0.00118	0.00587249	0.000688938	17279
-0.754993	0.010187	0.00117598	0.00587249	0.000688938	17614
-0.75233	0.0101517	0.00117201	0.00587249	0.000688938	17761
-0.749667	0.0101168	0.00116808	0.00587249	0.000688938	17161
-0.747004	0.0100822	0.00116419	0.00587249	0.000688938	17801
-0.744341	0.010048	0.00116033	0.00587249	0.000688938	21358
-0.741678	0.0100141	0.00115652	0.00587249	0.000688938	17914
-0.739015	0.00998049	0.00115274	0.00587249	0.000688938	17793
-0.736352	0.00994726	0.001149	0.00587249	0.000688938	17322
-0.733688	0.00991435	0.0011453	0.00587249	0.000688938	17284
-0.731025	0.00988177	0.00114163	0.00587249	0.000688938	17980
-0.728362	0.00984949	0.00113799	0.00587249	0.000688938	17428
-0.725699	0.00981753	0.00113439	0.00587249	0.000688938	17251
-0.723036	0.00978587	0.00113083	0.00587249	0.000688938	17892
-0.720373	0.00975451	0.0011273	0.00587249	0.000688938	17706
-0.71771	0.00972344	0.0011238	0.00587249	0.000688938	17429
-0.715047	0.00969267	0.00112034	0.00587249	0.000688938	19516
-0.712383	0.00966218	0.0011169	0.00587249	0.000688938	17539
-0.70972	0.00963197	0.0011135	0.00587249	0.000688938	17718
-0.707057	0.00960204	0.00111013	0.00587249	0.000688938	17380
-0.704394	0.00957238	0.00110679	0.00587249	0.000688938	18117
-0.701731	0.00954299	0.00110348	0.00587249	0.000688938	18113
-0.699068	0.00951386	0.0011002	0.00587249	0.000688938	17775
-0.696405	0.00948499	0.00109695	0.00587249	0.000688938	17803
-0.693742	0.00945638	0.00109372	0.00587249	0.000688938	17522
-0.691079	0.00942802	0.00109053	0.00587249	0.000688938	17898
-0.688415	0.00939991	0.00108736	0.00587249	0.000688938	17214
-0.685752	0.00937205	0.00108422	0.00587249	0.000688938	19277
-0.683089	0.00934442	0.00108111	0.00587249	0.000688938	17981
-0.680426	0.00931704	0.00107802	0.00587249	0.000688938	17636
-0.677763	0.00928988	0.00107496	0.00587249	0.000688938	17505
-0.6751	0.00926296	0.00107193	0.00587249	0.000688938	17507
-0.672437	0.00923627	0.00106892	0.00587249	0.000688938	17477
-0.669774	0.0092098	0.00106594	0.00587249	0.000688938	17296
-0.667111	0.00918355	0.00106298	0.00587249	0.000688938	17259
-0.664447	0.00915753	0.00106005	0.00587249	0.000688938	17191
-0.661784	0.00913171	0.00105714	0.00587249	0.000688938	18561
-0.659121	0.00910611	0.00105425	0.00587249	0.000688938	17452
-0.656458	0.00908072	0.00105139	0.00587249	0.000688938	18459
-0.653795	0.00905553	0.00104855	0.00587249	0.000688938	17371
-0.651132	0.00903055	0.00104574	0.00587249	0.000688938	18491
-0.648469	0.00900577	0.00104294	0.00587249	0.000688938	17811
-0.645806	0.00898119	0.00104017	0.00587249	0.000688938	17457
-0.643142	0.0089568	0.00103742	0.00587249	0.000688938	17406
-0.640479	0.00893261	0.0010347	0.00587249	0.000688938	17459
-0.637816	0.0089086	0.00103199	0.00587249	0.000688938	17296
-0.635153	0.00888479	0.0010293	0.00587249	0.000688938	17628
-0.63249	0.00886116	0.00102664	0.00587249	0.000688938	17475
-0.629827	0.00883771	0.001024	0.00587249	0.000688938	17385
-0.627164	0.00881445	0.00102137	0.00587249	0.000688938	18197
-0.624501	0.00879136	0.00101877	0.00587249	0.000688938	18014
-0.621838	0.00876845	0.00101619	0.00587249	0.000688938	18342
-0.619174	0.00874571	0.00101362	0.00587249	0.000688938	17450
-0.616511	0.00872314	0.00101108	0.00587249	0.000688938	17366
-0.613848	0.00870075	0.00100855	0.00587249	0.000688938	17437
-0.611185	0.00867852	0.00100604	0.00587249	0.000688938	17501
-0.608522	0.00865645	0.00100356	0.00587249	0.000688938	18066
-0.605859	0.00863455	0.00100109	0.00587249	0.000688938	18479
-0.603196	0.00861281	0.000998635	0.00587249	0.000688938	18551
-0.600533	0.00859124	0.000996201	0.00587249	0.000688938	17849
-0.59787	0.00856981	0.000993784	0.00587249	0.000688938	18459
-0.595206	0.00854855	0.000991386	0.00587249	0.000688938	17565
-0.592543	0.00852743	0.000989004	0.00587249	0.000688938	17375
-0.58988	0.00850647	0.00098664	0.00587249	0.000688938	17275
-0.587217	0.00848566	0.000984292	0.00587249	0.000688938	17224
-0.584554	0.008465	0.000981961	0.00587249	0.000688938	17193
-0.581891	0.00844448	0.000979646	0.00587249	0.000688938	17117
-0.579228	0.00842411	0.000977348	0.00587249	0.000688938	18209
-0.576565	0.00840388	0.000975066	0.00587249	0.000688938	17550
-0.573901	0.0083838	0.0009728	0.00587249	0.000688938	17519
-0.571238	0.00836385	0.000970549	0.00587249	0.000688938	17439
-0.568575	0.00834404	0.000968314	0.00587249	0.000688938	18989
-0.565912	0.00832437	0.000966094	0.00587249	0.000688938	17926
-0.563249	0.00830483	0.00096389	0.00587249	0.000688938	18240
-0.560586	0.00828543	0.0009617	0.00587249	0.000688938	17884
-0.557923	0.00826616	0.000959525	0.00587249	0.000688938	17879
-0.55526	0.00824702	0.000957365	0.00587249	0.000688938	17899
-0.552597	0.008228	0.00095522	0.00587249	0.000688938	17558
-0.549933	0.00820912	0.000953089	0.00587249	0.000688938	17418
-0.54727	0.00819036	0.000950972	0.00587249	0.000688938	17294
-0.544607	0.00817173	0.000948869	0.00587249	0.000688938	17540
-0.541944	0.00815322	0.00094678	0.00587249	0.000688938	17783
-0.539281	0.00813483	0.000944704	0.00587249	0.000688938	20216
-0.536618	0.00811656	0.000942643	0.00587249	0.000688938	17683
-0.533955	0.00809842	0.000940594	0.00587249	0.000688938	17742
-0.531292	0.00808039	0.000938559	0.00587249	0.000688938	17658
-0.528628	0.00806248	0.000936538	0.00587249	0.000688938	17628
-0.525965	0.00804468	0.000934529	0.00587249	0.000688938	17990
-0.523302	0.008027	0.000932533	0.00587249	0.000688938	17720
-0.520639	0.00800943	0.00093055	0.00587249	0.000688938	17626
-0.517976	0.00799197	0.000928579	0.00587249	0.000688938	17500
-0.515313	0.00797463	0.000926621	0.00587249	0.000688938	17591
-0.51265	0.00795739	0.000924675	0.00587249	0.000688938	17467
-0.509987	0.00794027	0.000922741	0.00587249	0.000688938	18108
-0.507324	0.00792325	0.00092082	0.00587249	0.000688938	18163
-0.50466	0.00790634	0.00091891	0.00587249	0.000688938	17903
-0.501997	0.00788953	0.000917013	0.00587249	0.000688938	17152
-0.499334	0.00787282	0.000915127	0.00587249	0.000688938	17435
-0.496671	0.00785622	0.000913252	0.00587249	0.000688938	18264
-0.494008	0.00783973	0.00091139	0.00587249	0.000688938	17385
-0.491345	0.00782333	0.000909538	0.00587249	0.000688938	17553
-0.488682	0.00780703	0.000907698	0.00587249	0.000688938	17323
-0.486019	0.00779084	0.000905869	0.00587249	0.000688938	17482
-0.483356	0.00777474	0.000904051	0.00587249	0.000688938	17414
-0.480692	0.00775873	0.000902244	0.00587249	0.000688938	18108
-0.478029	0.00774283	0.000900447	0.00587249	0.000688938	18090
-0.475366	0.00772702	0.000898662	0.00587249	0.000688938	17963
-0.472703	0.0077113	0.000896887	0.00587249	0.000688938	18069
-0.47004	0.00769568	0.000895123	0.00587249	0.000688938	17508
-0.467377	0.00768015	0.000893369	0.00587249	0.000688938	17450
-0.464714	0.00766471	0.000891625	0.00587249	0.000688938	17645
-0.462051	0.00764936	0.000889891	0.00587249	0.000688938	17209
-0.459387	0.0076341	0.000888168	0.00587249	0.000688938	17215
-0.456724	0.00761893	0.000886455	0.00587249	0.000688938	18135
-0.454061	0.00760385	0.000884751	0.00587249	0.000688938	17736
-0.451398	0.00758886	0.000883058	0.00587249	0.000688938	17954
-0.448735	0.00757395	0.000881374	0.00587249	0.000688938	17677
-0.446072	0.00755913	0.000879699	0.00587249	0.000688938	18061
-0.443409	0.0075444	0.000878035	0.00587249	0.000688938	18000
-0.440746	0.00752974	0.00087638	0.00587249	0.000688938	17391
-0.438083	0.00751518	0.000874734	0.00587249	0.000688938	17580
-0.435419	0.00750069	0.000873097	0.00587249	0.000688938	17413
-0.432756	0.00748628	0.00087147	0.00587249	0.000688938	17586
-0.430093	0.00747196	0.000869852	0.00587249	0.000688938	18351
-0.42743	0.00745772	0.000868242	0.00587249	0.000688938	17675
-0.424767	0.00744356	0.000866642	0.00587249	0.000688938	17322
-0.422104	0.00742947	0.000865051	0.00587249	0.000688938	17744
-0.419441	0.00741547	0.000863468	0.00587249	0.000688938	19151
-0.416778	0.00740154	0.000861895	0.00587249	0.000688938	18219
-0.414115	0.00738768	0.000860329	0.00587249	0.000688938	18803
-0.411451	0.00737391	0.000858773	0.00587249	0.000688938	18819
-0.408788	0.00736021	0.000857225	0.00587249	0.000688938	18856
-0.406125	0.00734658	0.000855685	0.00587249	0.000688938	18221
-0.403462	0.00733303	0.000854154	0.00587249	0.000688938	17668
-0.400799	0.00731955	0.000852631	0.00587249	0.000688938	17903
-0.398136	0.00730615	0.000851116	0.00587249	0.000688938	17651
-0.395473	0.00729281	0.000849609	0.00587249	0.000688938	17505
-0.39281	0.00727955	0.00084811	0.00587249	0.000688938	17607
-0.390146	0.00726636	0.000846619	0.00587249	0.000688938	18239
-0.387483	0.00725324	0.000845137	0.00587249	0.000688938	17703
-0.38482	0.00724019	0.000843662	0.00587249	0.000688938	17490
-0.382157	0.00722721	0.000842194	0.00587249	0.000688938	17380
-0.379494	0.00721429	0.000840735	0.00587249	0.000688938	17441
-0.376831	0.00720145	0.000839283	0.00587249	0.000688938	17434
-0.374168	0.00718867	0.000837839	0.00587249	0.000688938	17794
-0.371505	0.00717596	0.000836402	0.00587249	0.000688938	18162
-0.368842	0.00716332	0.000834973	0.00587249	0.000688938	17830
-0.366178	0.00715074	0.000833551	0.00587249	0.000688938	17895
-0.363515	0.00713822	0.000832136	0.00587249	0.000688938	17575
-0.360852	0.00712577	0.000830729	0.00587249	0.000688938	18067
-0.358189	0.00711339	0.000829329	0.00587249	0.000688938	17800
-0.355526	0.00710106	0.000827936	0.00587249	0.000688938	17626
-0.352863	0.0070888	0.00082655	0.00587249	0.000688938	17826
-0.3502	0.00707661	0.000825172	0.00587249	0.000688938	17711
-0.347537	0.00706447	0.0008238	0.00587249	0.000688938	17602
-0.344874	0.0070524	0.000822435	0.00587249	0.000688938	17439
-0.34221	0.00704039	0.000821077	0.00587249	0.000688938	17320
-0.339547	0.00702844	0.000819726	0.00587249	0.000688938	17569
-0.336884	0.00701654	0.000818381	0.00587249	0.000688938	17421
-0.334221	0.00700471	0.000817044	0.00587249	0.000688938	17281
-0.331558	0.00699294	0.000815712	0.00587249	0.000688938	19442
-0.328895	0.00698122	0.000814388	0.00587249	0.000688938	17948
-0.326232	0.00696957	0.00081307	0.00587249	0.000688938	18863
-0.323569	0.00695797	0.000811759	0.00587249	0.000688938	18061
-0.320905	0.00694642	0.000810454	0.00587249	0.000688938	18275
-0.318242	0.00693494	0.000809155	0.00587249	0.000688938	17346
-0.315579	0.00692351	0.000807863	0.00587249	0.000688938	17754
-0.312916	0.00691214	0.000806577	0.00587249	0.000688938	18134
-0.310253	0.00690082	0.000805297	0.00587249	0.000688938	18070
-0.30759	0.00688955	0.000804023	0.00587249	0.000688938	17827
-0.304927	0.00687835	0.000802756	0.00587249	0.000688938	17850
-0.302264	0.00686719	0.000801494	0.00587249	0.000688938	17836
-0.299601	0.00685609	0.000800239	0.00587249	0.000688938	17849
-0.296937	0.00684504	0.00079899	0.00587249	0.000688938	17560
-0.294274	0.00683405	0.000797746	0.00587249	0.000688938	17390
-0.291611	0.00682311	0.000796509	0.00587249	0.000688938	17608
-0.288948	0.00681221	0.000795277	0.00587249	0.000688938	17614
-0.286285	0.00680138	0.000794052	0.00587249	0.000688938	17529
-0.283622	0.00679059	0.000792832	0.00587249	0.000688938	17408
-0.280959	0.00677985	0.000791617	0.00587249	0.000688938	17358
-0.278296	0.00676917	0.000790409	0.00587249	0.000688938	17598
-0.275632	0.00675853	0.000789206	0.00587249	0.000688938	17450
-0.272969	0.00674794	0.000788009	0.00587249	0.000688938	17849
-0.270306	0.00673741	0.000786817	0.00587249	0.000688938	18484
-0.267643	0.00672692	0.000785631	0.00587249	0.000688938	18235
-0.26498	0.00671648	0.00078445	0.00587249	0.000688938	18112
-0.262317	0.00670609	0.000783275	0.00587249	0.000688938	17675
-0.259654	0.00669575	0.000782105	0.00587249	0.000688938	17408
-0.256991	0.00668545	0.00078094	0.00587249	0.000688938	17428
-0.254328	0.0066752	0.000779781	0.00587249	0.000688938	17418
-0.251664	0.006665	0.000778627	0.00587249	0.000688938	17429
-0.249001	0.00665485	0.000777479	0.00587249	0.000688938	17533
-0.246338	0.00664474	0.000776335	0.00587249	0.000688938	17850
-0.243675	0.00663467	0.000775197	0.00587249	0.000688938	17880
-0.241012	0.00662466	0.000774064	0.00587249	0.000688938	17931
-0.238349	0.00661469	0.000772936	0.00587249	0.000688938	17713
-0.235686	0.00660476	0.000771813	0.00587249	0.000688938	17550
-0.233023	0.00659488	0.000770695	0.00587249	0.000688938	17377
-0.23036	0.00658504	0.000769582	0.00587249	0.000688938	17391
-0.227696	0.00657524	0.000768474	0.00587249	0.000688938	17379
-0.225033	0.00656549	0.000767371	0.00587249	0.000688938	18021
-0.22237	0.00655578	0.000766273	0.00587249	0.000688938	17374
-0.219707	0.00654612	0.000765179	0.00587249	0.000688938	17405
-0.217044	0.0065365	0.000764091	0.00587249	0.000688938	17473
-0.214381	0.00652692	0.000763007	0.00587249	0.000688938	17297
-0.211718	0.00651738	0.000761928	0.00587249	0.000688938	18124
-0.209055	0.00650789	0.000760854	0.00587249	0.000688938	18376
-0.206391	0.00649843	0.000759784	0.00587249	0.000688938	18253
-0.203728	0.00648902	0.000758719	0.00587249	0.000688938	17489
-0.201065	0.00647965	0.000757659	0.00587249	0.000688938	17458
-0.198402	0.00647032	0.000756603	0.00587249	0.000688938	17542
-0.195739	0.00646103	0.000755552	0.00587249	0.000688938	17546
-0.193076	0.00645178	0.000754505	0.00587249	0.000688938	17443
-0.190413	0.00644257	0.000753463	0.00587249	0.000688938	17593
-0.18775	0.00643339	0.000752425	0.00587249	0.000688938	17369
-0.185087	0.00642426	0.000751392	0.00587249	0.000688938	17374
-0.182423	0.00641517	0.000750363	0.00587249	0.000688938	17820
-0.17976	0.00640612	0.000749339	0.00587249	0.000688938	17852
-0.177097	0.0063971	0.000748318	0.00587249	0.000688938	17306
-0.174434	0.00638812	0.000747303	0.00587249	0.000688938	17143
-0.171771	0.00637918	0.000746291	0.00587249	0.000688938	17256
-0.169108	0.00637028	0.000745284	0.00587249	0.000688938	17347
-0.166445	0.00636142	0.000744281	0.00587249	0.000688938	17350
-0.163782	0.00635259	0.000743282	0.00587249	0.000688938	18613
-0.161119	0.0063438	0.000742287	0.00587249	0.000688938	17205
-0.158455	0.00633505	0.000741297	0.00587249	0.000688938	17543
-0.155792	0.00632633	0.00074031	0.00587249	0.000688938	17226
-0.153129	0.00631765	0.000739328	0.00587249	0.000688938	18316
-0.150466	0.00630901	0.00073835	0.00587249	0.000688938	18393
-0.147803	0.0063004	0.000737375	0.00587249	0.000688938	18045
-0.14514	0.00629182	0.000736405	0.00587249	0.000688938	17483
-0.142477	0.00628329	0.000735439	0.00587249	0.000688938	17558
-0.139814	0.00627478	0.000734477	0.00587249	0.000688938	17893
-0.13715	0.00626632	0.000733518	0.00587249	0.000688938	18382
-0.134487	0.00625788	0.000732564	0.00587249	0.000688938	18093
-0.131824	0.00624948	0.000731613	0.00587249	0.000688938	17535
-0.129161	0.00624112	0.000730667	0.00587249	0.000688938	17913
-0.126498	0.00623279	0.000729724	0.00587249	0.000688938	17315
-0.123835	0.00622449	0.000728785	0.00587249	0.000688938	18987
-0.121172	0.00621623	0.00072785	0.00587249	0.000688938	18343
-0.118509	0.006208	0.000726918	0.00587249	0.000688938	18447
-0.115846	0.0061998	0.00072599	0.00587249	0.000688938	17413
-0.113182	0.00619164	0.000725066	0.00587249	0.000688938	17587
-0.110519	0.00618351	0.000724146	0.00587249	0.000688938	18171
-0.107856	0.00617541	0.000723229	0.00587249	0.000688938	18098
-0.105193	0.00616734	0.000722316	0.00587249	0.000688938	17428
-0.10253	0.00615931	0.000721407	0.00587249	0.000688938	17742
-0.0998668	0.00615131	0.000720501	0.00587249	0.000688938	17826
-0.0972037	0.00614334	0.000719599	0.00587249	0.000688938	18750
-0.0945406	0.0061354	0.0007187	0.00587249	0.000688938	18741
-0.0918775	0.00612749	0.000717805	0.00587249	0.000688938	18161
-0.0892144	0.00611961	0.000716914	0.00587249	0.000688938	17434
-0.0865513	0.00611177	0.000716026	0.00587249	0.000688938	16997
-0.0838881	0.00610395	0.000715141	0.00587249	0.000688938	18118
-0.081225	0.00609617	0.00071426	0.00587249	0.000688938	17406
-0.0785619	0.00608841	0.000713382	0.00587249	0.000688938	17623
-0.0758988	0.00608069	0.000712508	0.00587249	0.000688938	17482
-0.0732357	0.00607299	0.000711637	0.00587249	0.000688938	17586
-0.0705726	0.00606533	0.000710769	0.00587249	0.000688938	17565
-0.0679095	0.00605769	0.000709905	0.00587249	0.000688938	17536
-0.0652463	0.00605009	0.000709044	0.00587249	0.000688938	18871
-0.0625832	0.00604251	0.000708186	0.00587249	0.000688938	17627
-0.0599201	0.00603497	0.000707332	0.00587249	0.000688938	17526
-0.057257	0.00602745	0.000706481	0.00587249	0.000688938	17519
-0.0545939	0.00601996	0.000705633	0.00587249	0.000688938	17652
-0.0519308	0.0060125	0.000704789	0.00587249	0.000688938	17463
-0.0492676	0.00600507	0.000703947	0.00587249	0.000688938	17479
-0.0466045	0.00599766	0.000703109	0.00587249	0.000688938	20642
-0.0439414	0.00599029	0.000702274	0.00587249	0.000688938	18864
-0.0412783	0.00598294	0.000701442	0.00587249	0.000688938	19725
-0.0386152	0.00597562	0.000700613	0.00587249	0.000688938	19868
-0.0359521	0.00596833	0.000699788	0.00587249	0.000688938	20383
-0.0332889	0.00596106	0.000698965	0.00587249	0.000688938	18989
-0.0306258	0.00595382	0.000698146	0.00587249	0.000688938	17750
-0.0279627	0.00594661	0.000697329	0.00587249	0.000688938	17643
-0.0252996	0.00593943	0.000696516	0.00587249	0.000688938	17464
-0.0226365	0.00593227	0.000695706	0.00587249	0.000688938	18655
-0.0199734	0.00592514	0.000694898	0.00587249	0.000688938	19210
-0.0173103	0.00591804	0.000694094	0.00587249	0.000688938	17910
-0.0146471	0.00591096	0.000693293	0.00587249	0.000688938	17559
-0.011984	0.00590391	0.000692494	0.00587249	0.000688938	17415
-0.00932091	0.00589688	0.000691699	0.00587249	0.000688938	20646
-0.00665779	0.00588988	0.000690906	0.00587249	0.000688938	19699
-0.00399467	0.00588291	0.000690117	0.00587249	0.000688938	19620
-0.00133156	0.00587596	0.00068933	0.00587249	0.000688938	19501
0.00133156	0.00586903	0.000688546	0.00587249	0.000688938	19256
0.00399467	0.0058621	0.000687761	0.00587249	0.000688938	18773
0.00665779	0.00585515	0.000686974	0.00587249	0.000688938	18099
0.00932091	0.00584819	0.000686186	0.00587249	0.000688938	19025
0.011984	0.00584122	0.000685397	0.00587249	0.000688938	19279
0.0146471	0.00583424	0.000684607	0.00587249	0.000688938	19283
0.0173103	0.00582725	0.000683815	0.00587249	0.000688938	18559
0.0199734	0.00582024	0.000683022	0.00587249	0.000688938	20171
0.0226365	0.00581323	0.000682227	0.00587249	0.000688938	18525
0.0252996	0.0058062	0.000681432	0.00587249	0.000688938	19384
0.0279627	0.00579916	0.000680635	0.00587249	0.000688938	18816
0.0306258	0.00579211	0.000679836	0.00587249	0.000688938	18918
0.0332889	0.00578504	0.000679036	0.00587249	0.000688938	18782
0.0359521	0.00577797	0.000678235	0.00587249	0.000688938	18451
0.0386152	0.00577088	0.000677432	0.00587249	0.000688938	17511
0.0412783	0.00576378	0.000676629	0.00587249	0.000688938	17580
0.0439414	0.00575667	0.000675823	0.00587249	0.000688938	17666
0.0466045	0.00574954	0.000675017	0.00587249	0.000688938	18414
0.0492676	0.0057424	0.000674208	0.00587249	0.000688938	18369
0.0519308	0.00573526	0.000673399	0.00587249	0.000688938	19123
0.0545939	0.0057281	0.000672588	0.00587249	0.000688938	18482
0.057257	0.00572092	0.000671776	0.00587249	0.000688938	18627
0.0599201	0.00571374	0.000670962	0.00587249	0.000688938	19014
0.0625832	0.00570654	0.000670147	0.00587249	0.000688938	18779
0.0652463	0.00569933	0.000669331	0.00587249	0.000688938	18859
0.0679095	0.00569211	0.000668513	0.00587249	0.000688938	19264
0.0705726	0.00568487	0.000667694	0.00587249	0.000688938	17722
0.0732357	0.00567763	0.000666873	0.00587249	0.000688938	19469
0.0758988	0.00567037	0.000666051	0.00587249	0.000688938	21267
0.0785619	0.00566309	0.000665228	0.00587249	0.000688938	18179
0.081225	0.00565581	0.000664403	0.00587249	0.000688938	19323
0.0838881	0.00564851	0.000663577	0.00587249	0.000688938	17864
0.0865513	0.0056412	0.000662749	0.00587249	0.000688938	17982
0.0892144	0.00563388	0.00066192	0.00587249	0.000688938	19860
0.0918775	0.00562654	0.000661089	0.00587249	0.000688938	18235
0.0945406	0.0056192	0.000660257	0.00587249	0.000688938	17427
0.0972037	0.00561183	0.000659423	0.00587249	0.000688938	17380
0.0998668	0.00560446	0.000658588	0.00587249	0.000688938	17430
0.10253	0.00559707	0.000657752	0.00587249	0.000688938	19301
0.105193	0.00558967	0.000656914	0.00587249	0.000688938	22445
0.107856	0.00558226	0.000656074	0.00587249	0.000688938	18426
0.110519	0.00557483	0.000655234	0.00587249	0.000688938	18207
0.113182	0.0055674	0.000654391	0.00587249	0.000688938	17846
0.115846	0.00555994	0.000653547	0.00587249	0.000688938	18245
0.118509	0.00555248	0.000652702	0.00587249	0.000688938	17972
0.121172	0.005545	0.000651855	0.00587249	0.000688938	17357
0.123835	0.00553751	0.000651007	0.00587249	0.000688938	17728
0.126498	0.00553001	0.000650157	0.00587249	0.000688938	17762
0.129161	0.00552249	0.000649306	0.00587249	0.000688938	17965
0.131824	0.00551496	0.000648453	0.00587249	0.000688938	18269
0.134487	0.00550741	0.000647598	0.00587249	0.000688938	19046
0.13715	0.00549985	0.000646743	0.00587249	0.000688938	17861
0.139814	0.00549228	0.000645885	0.00587249	0.000688938	17697
0.142477	0.0054847	0.000645026	0.00587249	0.000688938	18354
0.14514	0.0054771	0.000644166	0.00587249	0.000688938	18193
0.147803	0.00546949	0.000643304	0.00587249	0.000688938	18822
0.150466	0.00546186	0.00064244	0.00587249	0.000688938	17702
0.153129	0.00545422	0.000641575	0.00587249	0.000688938	18441
0.155792	0.00544657	0.000640708	0.00587249	0.000688938	17628
0.158455	0.0054389	0.00063984	0.00587249	0.000688938	17870
0.161119	0.00543122	0.000638971	0.00587249	0.000688938	18436
0.163782	0.00542353	0.000638099	0.00587249	0.000688938	19199
0.166445	0.00541582	0.000637226	0.00587249	0.000688938	17848
0.169108	0.0054081	0.000636352	0.00587249	0.000688938	17404
0.171771	0.00540036	0.000635476	0.00587249	0.000688938	17890
0.174434	0.00539261	0.000634598	0.00587249	0.000688938	17504
0.177097	0.00538485	0.000633719	0.00587249	0.000688938	17467
0.17976	0.00537707	0.000632838	0.00587249	0.000688938	17576
0.182423	0.00536928	0.000631956	0.00587249	0.000688938	17773
0.185087	0.00536147	0.000631072	0.00587249	0.000688938	17500
0.18775	0.00535365	0.000630186	0.00587249	0.000688938	17246
0.190413	0.00534582	0.000629299	0.00587249	0.000688938	18160
0.193076	0.00533797	0.00062841	0.00587249	0.000688938	18920
0.195739	0.00533011	0.00062752	0.00587249	0.000688938	17408
0.198402	0.00532223	0.000626628	0.00587249	0.000688938	17550
0.201065	0.00531434	0.000625734	0.00587249	0.000688938	17249
0.203728	0.00530643	0.000624839	0.00587249	0.000688938	17562
0.206391	0.00529851	0.000623942	0.00587249	0.000688938	17553
0.209055	0.00529057	0.000623043	0.00587249	0.000688938	18657
0.211718	0.00528262	0.000622143	0.00587249	0.000688938	17813
0.214381	0.00527466	0.000621241	0.00587249	0.000688938	17145
0.217044	0.00526668	0.000620338	0.00587249	0.000688938	17716
0.219707	0.00525869	0.000619433	0.00587249	0.000688938	17948
0.22237	0.00525068	0.000618526	0.00587249	0.000688938	18566
0.225033	0.00524265	0.000617617	0.00587249	0.000688938	17467
0.227696	0.00523462	0.000616707	0.00587249	0.000688938	17360
0.23036	0.00522656	0.000615795	0.00587249	0.000688938	17434
0.233023	0.00521849	0.000614882	0.00587249	0.000688938	17232
0.235686	0.00521041	0.000613966	0.00587249	0.000688938	18692
0.238349	0.00520231	0.000613049	0.00587249	0.000688938	17520
0.241012	0.0051942	0.000612131	0.00587249	0.000688938	17852
0.243675	0.00518607	0.00061121	0.00587249	0.000688938	17431
0.246338	0.00517793	0.000610288	0.00587249	0.000688938	17576
0.249001	0.00516977	0.000609365	0.00587249	0.000688938	17908
0.251664	0.00516159	0.000608439	0.00587249	0.000688938	18179
0.254328	0.00515341	0.000607512	0.00587249	0.000688938	17670
0.256991	0.0051452	0.000606583	0.00587249	0.000688938	17932
0.259654	0.00513698	0.000605652	0.00587249	0.000688938	17808
0.262317	0.00512875	0.00060472	0.00587249	0.000688938	18267
0.26498	0.0051205	0.000603786	0.00587249	0.000688938	19642
0.267643	0.00511223	0.00060285	0.00587249	0.000688938	17258
0.270306	0.00510395	0.000601913	0.00587249	0.000688938	17281
0.272969	0.00509565	0.000600973	0.00587249	0.000688938	17493
0.275632	0.00508734	0.000600032	0.00587249	0.000688938	18329
0.278296	0.00507901	0.000599089	0.00587249	0.000688938	18059
0.280959	0.00507066	0.000598145	0.00587249	0.000688938	20907
0.283622	0.0050623	0.000597198	0.00587249	0.000688938	20993
0.286285	0.00505393	0.00059625	0.00587249	0.000688938	21613
0.288948	0.00504554	0.0005953	0.00587249	0.000688938	19969
0.291611	0.00503713	0.000594348	0.00587249	0.000688938	19276
0.294274	0.00502871	0.000593395	0.00587249	0.000688938	17754
0.296937	0.00502027	0.00059244	0.00587249	0.000688938	17474
0.299601	0.00501181	0.000591483	0.00587249	0.000688938	17540
0.302264	0.00500334	0.000590524	0.00587249	0.000688938	17439
0.304927	0.00499485	0.000589563	0.00587249	0.000688938	18342
0.30759	0.00498635	0.0005886	0.00587249	0.000688938	18069
0.310253	0.00497783	0.000587636	0.00587249	0.000688938	17696
0.312916	0.00496929	0.00058667	0.00587249	0.000688938	17722
0.315579	0.00496074	0.000585702	0.00587249	0.000688938	18314
0.318242	0.00495217	0.000584732	0.00587249	0.000688938	17731
0.320905	0.00494359	0.000583761	0.00587249	0.000688938	17555
0.323569	0.00493498	0.000582787	0.00587249	0.000688938	17515
0.326232	0.00492637	0.000581812	0.00587249	0.000688938	17593
0.328895	0.00491773	0.000580835	0.00587249	0.000688938	17770
0.331558	0.00490908	0.000579856	0.00587249	0.000688938	17389
0.334221	0.00490041	0.000578875	0.00587249	0.000688938	17608
0.336884	0.00489173	0.000577892	0.00587249	0.000688938	18311
0.339547	0.00488303	0.000576908	0.00587249	0.000688938	18371
0.34221	0.00487431	0.000575922	0.00587249	0.000688938	17637
0.344874	0.00486558	0.000574933	0.00587249	0.000688938	18036
0.347537	0.00485683	0.000573943	0.00587249	0.000688938	17620
0.3502	0.00484806	0.000572951	0.00587249	0.000688938	17425
0.352863	0.00483928	0.000571957	0.00587249	0.000688938	17239
0.355526	0.00483047	0.000570962	0.00587249	0.000688938	17830
0.358189	0.00482166	0.000569964	0.00587249	0.000688938	17973
0.360852	0.00481282	0.000568965	0.00587249	0.000688938	17115
0.363515	0.00480397	0.000567963	0.00587249	0.000688938	17394
0.366178	0.0047951	0.00056696	0.00587249	0.000688938	18305
0.368842	0.00478621	0.000565955	0.00587249	0.000688938	18326
0.371505	0.00477731	0.000564948	0.00587249	0.000688938	17749
0.374168	0.00476839	0.000563939	0.00587249	0.000688938	17546
0.376831	0.00475945	0.000562928	0.00587249	0.000688938	17955
0.379494	0.0047505	0.000561915	0.00587249	0.000688938	17539
0.382157	0.00474152	0.000560901	0.00587249	0.000688938	17492
0.38482	0.00473253	0.000559884	0.00587249	0.000688938	17930
0.387483	0.00472353	0.000558866	0.00587249	0.000688938	17395
0.390146	0.0047145	0.000557845	0.00587249	0.000688938	17251
0.39281	0.00470546	0.000556823	0.00587249	0.000688938	17372
0.395473	0.0046964	0.000555799	0.00587249	0.000688938	17300
0.398136	0.00468733	0.000554773	0.00587249	0.000688938	19455
0.400799	0.00467823	0.000553744	0.00587249	0.000688938	17992
0.403462	0.00466912	0.000552714	0.00587249	0.000688938	17779
0.406125	0.00465999	0.000551683	0.00587249	0.000688938	17605
0.408788	0.00465085	0.000550649	0.00587249	0.000688938	17209
0.411451	0.00464168	0.000549613	0.00587249	0.000688938	17204
0.414115	0.0046325	0.000548575	0.00587249	0.000688938	17430
0.416778	0.0046233	0.000547536	0.00587249	0.000688938	17191
0.419441	0.00461408	0.000546494	0.00587249	0.000688938	17649
0.422104	0.00460485	0.00054545	0.00587249	0.000688938	17524
0.424767	0.0045956	0.000544405	0.00587249	0.000688938	17623
0.42743	0.00458633	0.000543358	0.00587249	0.000688938	21098
0.430093	0.00457704	0.000542308	0.00587249	0.000688938	18126
0.432756	0.00456774	0.000541257	0.00587249	0.000688938	17649
0.435419	0.00455841	0.000540204	0.00587249	0.000688938	17466
0.438083	0.00454907	0.000539149	0.00587249	0.000688938	18070
0.440746	0.00453971	0.000538092	0.00587249	0.000688938	17514
0.443409	0.00453034	0.000537033	0.00587249	0.000688938	17476
0.446072	0.00452094	0.000535972	0.00587249	0.000688938	24434
0.448735	0.00451153	0.000534909	0.00587249	0.000688938	19775
0.451398	0.0045021	0.000533844	0.00587249	0.000688938	17717
0.454061	0.00449265	0.000532778	0.00587249	0.000688938	19389
0.456724	0.00448319	0.000531709	0.00587249	0.000688938	17964
0.459387	0.0044737	0.000530638	0.00587249	0.000688938	18342
0.462051	0.0044642	0.000529566	0.00587249	0.000688938	17373
0.464714	0.00445468	0.000528491	0.00587249	0.000688938	17362
0.467377	0.00444515	0.000527415	0.00587249	0.000688938	17411
0.47004	0.00443559	0.000526337	0.00587249	0.000688938	17327
0.472703	0.00442602	0.000525257	0.00587249	0.000688938	17417
0.475366	0.00441643	0.000524175	0.00587249	0.000688938	17216
0.478029	0.00440682	0.000523091	0.00587249	0.000688938	19478
0.480692	0.00439719	0.000522005	0.00587249	0.000688938	18651
0.483356	0.00438755	0.000520917	0.00587249	0.000688938	20475
0.486019	0.00437788	0.000519827	0.00587249	0.000688938	18426
0.488682	0.0043682	0.000518736	0.00587249	0.000688938	18292
0.491345	0.00435851	0.000517643	0.00587249	0.000688938	18230
0.494008	0.00434879	0.000516547	0.00587249	0.000688938	18071
0.496671	0.00433906	0.00051545	0.00587249	0.000688938	18157
0.499334	0.0043293	0.000514351	0.00587249	0.000688938	18835
0.501997	0.00431954	0.00051325	0.00587249	0.000688938	18063
0.50466	0.00430975	0.000512147	0.00587249	0.000688938	18367
0.507324	0.00429994	0.000511043	0.00587249	0.000688938	17848
0.509987	0.00429012	0.000509937	0.00587249	0.000688938	17909
0.51265	0.00428028	0.000508828	0.00587249	0.000688938	22176
0.515313	0.00427042	0.000507718	0.00587249	0.000688938	19556
0.517976	0.00426055	0.000506607	0.00587249	0.000688938	19239
0.520639	0.00425066	0.000505493	0.00587249	0.000688938	17615
0.523302	0.00424075	0.000504378	0.00587249	0.000688938	17045
0.525965	0.00423082	0.000503261	0.00587249	0.000688938	17317
0.528628	0.00422087	0.000502142	0.00587249	0.000688938	17492
0.531292	0.00421091	0.000501021	0.00587249	0.000688938	16990
0.533955	0.00420093	0.000499899	0.00587249	0.000688938	17456
0.536618	0.00419094	0.000498775	0.00587249	0.000688938	17324
0.539281	0.00418093	0.000497649	0.00587249	0.000688938	16983
0.541944	0.0041709	0.000496521	0.00587249	0.000688938	20839
0.544607	0.00416085	0.000495392	0.00587249	0.000688938	18363
0.54727	0.00415079	0.000494262	0.00587249	0.000688938	18099
0.549933	0.00414071	0.000493129	0.00587249	0.000688938	17882
0.552597	0.00413061	0.000491995	0.00587249	0.000688938	19023
0.55526	0.0041205	0.00049086	0.00587249	0.000688938	18228
0.557923	0.00411037	0.000489723	0.00587249	0.000688938	19502
0.560586	0.00410022	0.000488584	0.00587249	0.000688938	17552
0.563249	0.00409006	0.000487444	0.00587249	0.000688938	18576
0.565912	0.00407988	0.000486302	0.00587249	0.000688938	18108
0.568575	0.00406969	0.000485159	0.00587249	0.000688938	17907
0.571238	0.00405948	0.000484014	0.00587249	0.000688938	18753
0.573901	0.00404925	0.000482868	0.00587249	0.000688938	20452
0.576565	0.00403901	0.000481721	0.00587249	0.000688938	18270
0.579228	0.00402876	0.000480572	0.00587249	0.000688938	18247
0.581891	0.00401849	0.000479422	0.00587249	0.000688938	18289
0.584554	0.0040082	0.000478271	0.00587249	0.000688938	19350
0.587217	0.0039979	0.000477118	0.00587249	0.000688938	18134
0.58988	0.00398759	0.000475964	0.00587249	0.000688938	17563
0.592543	0.00397726	0.000474809	0.00587249	0.000688938	17400
0.595206	0.00396692	0.000473653	0.00587249	0.000688938	17494
0.59787	0.00395656	0.000472495	0.00587249	0.000688938	18935
0.600533	0.0039462	0.000471337	0.00587249	0.000688938	36364
0.603196	0.00393581	0.000470178	0.00587249	0.000688938	17759
0.605859	0.00392542	0.000469017	0.00587249	0.000688938	18345
0.608522	0.00391501	0.000467856	0.00587249	0.000688938	18121
0.611185	0.00390459	0.000466693	0.00587249	0.000688938	17428
0.613848	0.00389416	0.00046553	0.00587249	0.000688938	17870
0.616511	0.00388371	0.000464366	0.00587249	0.000688938	17650
0.619174	0.00387326	0.000463202	0.00587249	0.000688938	17378
0.621838	0.00386279	0.000462036	0.00587249	0.000688938	17968
0.624501	0.00385231	0.00046087	0.00587249	0.000688938	17103
0.627164	0.00384183	0.000459704	0.00587249	0.000688938	17826
0.629827	0.00383133	0.000458537	0.00587249	0.000688938	18887
0.63249	0.00382082	0.000457369	0.00587249	0.000688938	17816
0.635153	0.00381031	0.000456201	0.00587249	0.000688938	18589
0.637816	0.00379978	0.000455033	0.00587249	0.000688938	17424
0.640479	0.00378925	0.000453865	0.00587249	0.000688938	17669
0.643142	0.00377871	0.000452696	0.00587249	0.000688938	17461
0.645806	0.00376816	0.000451528	0.00587249	0.000688938	17449
0.648469	0.00375761	0.000450359	0.00587249	0.000688938	17651
0.651132	0.00374705	0.000449191	0.00587249	0.000688938	17851
0.653795	0.00373648	0.000448023	0.00587249	0.000688938	18296
0.656458	0.00372591	0.000446855	0.00587249	0.000688938	18637
0.659121	0.00371533	0.000445687	0.00587249	0.000688938	19660
0.661784	0.00370476	0.000444521	0.00587249	0.000688938	18429
0.664447	0.00369417	0.000443354	0.00587249	0.000688938	19421
0.667111	0.00368359	0.000442189	0.00587249	0.000688938	19928
0.669774	0.003673	0.000441024	0.00587249	0.000688938	20078
0.672437	0.00366242	0.00043986	0.00587249	0.000688938	20748
0.6751	0.00365183	0.000438697	0.00587249	0.000688938	18619
0.677763	0.00364124	0.000437536	0.00587249	0.000688938	18769
0.680426	0.00363066	0.000436375	0.00587249	0.000688938	18673
0.683089	0.00362008	0.000435217	0.00587249	0.000688938	19337
0.685752	0.0036095	0.00043406	0.00587249	0.000688938	21874
0.688415	0.00359893	0.000432905	0.00587249	0.000688938	18784
0.691079	0.00358836	0.000431751	0.00587249	0.000688938	17711
0.693742	0.0035778	0.0004306	0.00587249	0.000688938	17279
0.696405	0.00356724	0.000429452	0.00587249	0.000688938	17168
0.699068	0.0035567	0.000428305	0.00587249	0.000688938	17672
0.701731	0.00354617	0.000427162	0.00587249	0.000688938	17685
0.704394	0.00353564	0.000426021	0.00587249	0.000688938	18046
0.707057	0.00352513	0.000424884	0.00587249	0.000688938	17981
0.70972	0.00351464	0.00042375	0.00587249	0.000688938	17755
0.712383	0.00350416	0.000422619	0.00587249	0.000688938	17356
0.715047	0.0034937	0.000421492	0.00587249	0.000688938	20342
0.71771	0.00348325	0.000420369	0.00587249	0.000688938	17775
0.720373	0.00347283	0.000419251	0.00587249	0.000688938	17738
0.723036	0.00346243	0.000418137	0.00587249	0.000688938	17681
0.725699	0.00345205	0.000417028	0.00587249	0.000688938	18021
0.728362	0.0034417	0.000415924	0.00587249	0.000688938	17224
0.731025	0.00343138	0.000414826	0.00587249	0.000688938	17227
0.733688	0.00342108	0.000413733	0.00587249	0.000688938	17273
0.736352	0.00341082	0.000412647	0.00587249	0.000688938	18433
0.739015	0.0034006	0.000411567	0.00587249	0.000688938	18460
0.741678	0.00339041	0.000410494	0.00587249	0.000688938	18250
0.744341	0.00338026	0.000409429	0.00587249	0.000688938	18977
0.747004	0.00337015	0.000408371	0.00587249	0.000688938	18865
0.749667	0.00336009	0.000407321	0.00587249	0.000688938	18178
0.75233	0.00335008	0.000406279	0.00587249	0.000688938	18500
0.754993	0.00334011	0.000405247	0.00587249	0.000688938	17736
0.757656	0.0033302	0.000404224	0.00587249	0.000688938	18036
0.76032	0.00332035	0.000403212	0.00587249	0.000688938	17529
0.762983	0.00331056	0.00040221	0.00587249	0.000688938	17620
0.765646	0.00330083	0.000401219	0.00587249	0.000688938	17274
0.768309	0.00329117	0.00040024	0.00587249	0.000688938	17295
0.770972	0.00328159	0.000399274	0.00587249	0.000688938	18374
0.773635	0.00327208	0.00039832	0.00587249	0.000688938	19225
0.776298	0.00326265	0.000397381	0.00587249	0.000688938	17843
0.778961	0.00325331	0.000396456	0.00587249	0.000688938	17589
0.781625	0.00324406	0.000395546	0.00587249	0.000688938	18314
0.784288	0.0032349	0.000394653	0.00587249	0.000688938	17501
0.786951	0.00322585	0.000393776	0.00587249	0.000688938	17466
0.789614	0.0032169	0.000392918	0.00587249	0.000688938	17576
0.792277	0.00320807	0.000392078	0.00587249	0.000688938	17200
0.79494	0.00319935	0.000391259	0.00587249	0.000688938	17343
0.797603	0.00319077	0.00039046	0.00587249	0.000688938	18165
0.800266	0.00318231	0.000389684	0.00587249	0.000688938	17430
0.802929	0.003174	0.000388931	0.00587249	0.000688938	19684
0.805593	0.00316584	0.000388202	0.00587249	0.000688938	18093
0.808256	0.00315784	0.0003875	0.00587249	0.000688938	17726
0.810919	0.00315001	0.000386825	0.00587249	0.000688938	17705
0.813582	0.00314235	0.000386179	0.00587249	0.000688938	17924
0.816245	0.00313488	0.000385563	0.00587249	0.000688938	18272
0.818908	0.00312761	0.00038498	0.00587249	0.000688938	18631
0.821571	0.00312054	0.00038443	0.00587249	0.000688938	18222
0.824234	0.0031137	0.000383917	0.00587249	0.000688938	19168
0.826897	0.00310709	0.000383441	0.00587249	0.000688938	19475
0.829561	0.00310073	0.000383006	0.00587249	0.000688938	18674
0.832224	0.00309464	0.000382613	0.00587249	0.000688938	17720
0.834887	0.00308882	0.000382264	0.00587249	0.000688938	17545
0.83755	0.00308329	0.000381964	0.00587249	0.000688938	17634
0.840213	0.00307808	0.000381713	0.00587249	0.000688938	17507
0.842876	0.0030732	0.000381516	0.00587249	0.000688938	17804
0.845539	0.00306867	0.000381375	0.00587249	0.000688938	17754
0.848202	0.00306451	0.000381294	0.00587249	0.000688938	17395
0.850866	0.00306075	0.000381276	0.00587249	0.000688938	17634
0.853529	0.00305741	0.000381326	0.00587249	0.000688938	17950
0.856192	0.00305452	0.000381448	0.00587249	0.000688938	18185
0.858855	0.0030521	0.000381645	0.00587249	0.000688938	18714
0.861518	0.00305019	0.000381923	0.00587249	0.000688938	18037
0.864181	0.00304881	0.000382288	0.00587249	0.000688938	17578
0.866844	0.00304801	0.000382744	0.00587249	0.000688938	17190
0.869507	0.00304783	0.000383297	0.00587249	0.000688938	17194
0.87217	0.0030483	0.000383955	0.00587249	0.000688938	17416
0.874834	0.00304946	0.000384725	0.00587249	0.000688938	17423
0.877497	0.00305138	0.000385613	0.00587249	0.000688938	18493
0.88016	0.00305409	0.000386628	0.00587249	0.000688938	18036
0.882823	0.00305766	0.00038778	0.00587249	0.000688938	17244
0.885486	0.00306215	0.000389078	0.00587249	0.000688938	17436
0.888149	0.00306762	0.000390532	0.00587249	0.000688938	18612
0.890812	0.00307416	0.000392154	0.00587249	0.000688938	20052
0.893475	0.00308184	0.000393957	0.00587249	0.000688938	18721
0.896138	0.00309075	0.000395955	0.00587249	0.000688938	17736
0.898802	0.00310099	0.000398163	0.00587249	0.000688938	18052
0.901465	0.00311266	0.000400598	0.00587249	0.000688938	18116
0.904128	0.00312589	0.000403277	0.00587249	0.000688938	18231
0.906791	0.0031408	0.000406222	0.00587249	0.000688938	18300
0.909454	0.00315755	0.000409454	0.00587249	0.000688938	18324
0.912117	0.00317628	0.000412999	0.00587249	0.000688938	17880
0.91478	0.00319718	0.000416885	0.00587249	0.000688938	17259
0.917443	0.00322046	0.000421141	0.00587249	0.000688938	19367
0.920107	0.00324633	0.000425802	0.00587249	0.000688938	19156
0.92277	0.00327505	0.000430908	0.00587249	0.000688938	17260
0.925433	0.0033069	0.000436501	0.00587249	0.000688938	17433
0.928096	0.00334222	0.00044263	0.00587249	0.000688938	17464
0.930759	0.00338135	0.000449351	0.00587249	0.000688938	17601
0.933422	0.00342474	0.000456726	0.00587249	0.000688938	17828
0.936085	0.00347285	0.000464829	0.00587249	0.000688938	17696
0.938748	0.00352625	0.000473741	0.00587249	0.000688938	18109
0.941411	0.00358557	0.000483559	0.00587249	0.000688938	17769
0.944075	0.00365158	0.000494393	0.00587249	0.000688938	17865
0.946738	0.00372514	0.000506372	0.00587249	0.000688938	18099
0.949401	0.00380732	0.000519648	0.00587249	0.000688938	18147
0.952064	0.00389934	0.000534403	0.00587249	0.000688938	17965
0.954727	0.0040027	0.000550849	0.00587249	0.000688938	17487
0.95739	0.00411922	0.000569248	0.00587249	0.000688938	17277
0.960053	0.00425109	0.000589913	0.00587249	0.000688938	18272
0.962716	0.00440108	0.000613232	0.00587249	0.000688938	17761
0.965379	0.00457262	0.000639689	0.00587249	0.000688938	18345
0.968043	0.00477012	0.000669895	0.00587249	0.000688938	17307
0.970706	0.00499929	0.000704637	0.00587249	0.000688938	17570
0.973369	0.00526769	0.000744948	0.00587249	0.000688938	17367
0.976032	0.00558558	0.000792216	0.00587249	0.000688938	18123
0.978695	0.00596729	0.000848359	0.00587249	0.000688938	18823
0.981358	0.00643355	0.000916123	0.00587249	0.000688938	17792
0.984021	0.00701574	0.000999613	0.00587249	0.000688938	17454
0.986684	0.00776414	0.00110532	0.00587249	0.000688938	17302
0.989348	0.00876589	0.00124434	0.00587249	0.000688938	17205
0.992011	0.0101899	0.00143782	0.00587249	0.000688938	17081
0.994674	0.0124277	0.00173397	0.00587249	0.000688938	17072
0.997337	0.0167586	0.0022868	0.00587249	0.000688938	17086
