c	norm
0.05	0.0383667
0.06	0.0438627
0.13	0.0676524
0.14	0.0694102
0.15	0.0708557
0.16	0.0720163
0.17	0.0729178
0.18	0.0735841
0.19	0.0740374
0.2	0.0742983
0.21	0.00433946
0.22	0.00476951
0.23	0.00520506
0.24	0.00564318
0.25	0.00608096
0.26	0.00651555
0.27	0.00694419
0.28	0.00736424
0.29	0.0077732
0.3	0.00816876
0.31	0.00854879
0.32	0.00891134
0.33	0.0092547
0.34	0.00957744
0.35	0.00987831
0.36	0.0101563
0.37	0.0104108
0.38	0.0106413
0.39	0.0108475
0.4	0.0110296
0.41	0.0584639
0.42	0.0573338
0.43	0.0561989
0.44	0.055061
0.45	0.0375203
0.46	0.0358303
0.47	0.0341677
0.48	0.0325364
0.49	0.03094
0.5	0.029382
0.51	0.0278657
0.52	0.0263941
0.53	0.0249699
0.54	0.0235957
0.55	0.0222737
0.56	0.0210061
0.57	0.0197946
0.58	0.0186408
0.59	0.0244135
0.6	0.0230379
0.61	0.0198679
0.62	0.0187317
0.63	0.0176343
0.64	0.017601
0.65	0.016522
0.66	0.0154841
0.67	0.0184951
0.68	0.0173091
0.69	0.0161574
0.7	0.0150433
0.71	0.0139696
0.72	0.0129397
0.73	0.0144257
0.74	0.0137481
0.75	0.0126575
0.76	0.0116085
0.77	0.0122706
0.78	0.010896
0.79	0.00990083
0.8	0.0103852
0.81	0.00946204
0.82	0.00848187
0.83	0.00846061
0.84	0.00750864
0.85	0.00752205
0.86	0.0064179
0.87	0.00557501
0.88	0.00540845
0.89	0.004612
0.9	0.00426669
0.91	0.00389872
0.92	0.00328347
0.93	0.00282263
0.94	0.00219323
0.95	0.00183151
0.96	0.00124302
0.97	0.000760979
0.98	0.000343363
0.99	0.000111993
1	0.00066784
1.01	0.00101085
1.02	0.001387
1.03	0.00173791
1.04	0.00239469
1.05	0.002746
1.06	0.00306239
1.07	0.00326062
1.08	0.0036213
1.09	0.0037274
1.1	0.00493767
1.11	0.00517508
1.12	0.00544824
1.13	0.00566419
1.14	0.00582408
1.15	0.00582096
1.16	0.00591513
1.17	0.00598618
1.18	0.0064699
1.19	0.00653057
1.2	0.00626377
1.21	0.00633615
1.22	0.00632799
1.23	0.0063072
1.24	0.00627508
1.25	0.00884271
1.26	0.00886745
1.27	0.00887868
1.28	0.00887752
1.29	0.00886511
1.3	0.0088425
1.31	0.00881064
1.32	0.00877044
1.33	0.00872273
1.34	0.00866829
1.35	0.00860783
1.36	0.008542
1.37	0.00847142
1.38	0.0083966
1.39	0.0083181
1.4	0.00823635
1.41	0.00815177
1.42	0.00806475
1.43	0.00797565
1.44	0.00788478
1.45	0.00779245
1.46	0.00769891
1.47	0.00760441
1.48	0.00750916
1.49	0.00741338
1.5	0.00731724
1.51	0.00722092
1.52	0.00712454
1.53	0.00702826
1.54	0.0069322
1.55	0.00683646
1.56	0.00674116
1.57	0.00664637
1.58	0.00655217
1.59	0.00645865
1.6	0.00636586
1.61	0.00627386
1.62	0.00618271
1.63	0.00609245
1.64	0.00600311
1.65	0.00591474
1.66	0.00582736
1.67	0.00574101
1.68	0.00565569
1.69	0.00557143
1.7	0.00548825
1.71	0.00540616
1.72	0.00532517
1.73	0.00524528
1.74	0.0051665
1.75	0.00508884
1.76	0.00501229
1.77	0.00493686
1.78	0.00486254
1.79	0.00478933
1.8	0.00471722
1.81	0.00464622
1.82	0.00457631
1.83	0.00450748
1.84	0.00443973
1.85	0.00437305
1.86	0.00430743
1.87	0.00424285
1.88	0.00417931
1.89	0.00411679
1.9	0.00405529
1.91	0.00399479
1.92	0.00393528
1.93	0.00387674
1.94	0.00381917
1.95	0.00376255
1.96	0.00370687
1.97	0.0036521
1.98	0.00359825
1.99	0.00354529
2	0.00349322
2.02	0.00339167
2.04	0.00329349
2.06	0.00319857
2.08	0.00310682
2.1	0.00301811
2.12	0.00293236
2.14	0.00284945
2.16	0.00276931
2.18	0.00269181
2.2	0.00261689
2.22	0.00254443
2.24	0.00247437
2.26	0.0024066
2.28	0.00234106
2.3	0.00227765
2.32	0.00221631
2.34	0.00215696
2.36	0.00209952
2.38	0.00204394
2.4	0.00199013
2.42	0.00193805
2.44	0.00188762
2.46	0.00183878
2.48	0.00179149
2.5	0.00174567
2.52	0.00170129
2.54	0.00165829
2.56	0.00161662
2.58	0.00157623
2.6	0.00153708
2.62	0.00149912
2.64	0.00146231
2.66	0.00142662
2.68	0.00139199
2.7	0.0013584
2.72	0.00132582
2.74	0.00129419
2.76	0.0012635
2.78	0.0012337
2.8	0.00120477
2.82	0.00117669
2.84	0.00114941
2.86	0.00112291
2.88	0.00109717
2.9	0.00107216
2.92	0.00104786
2.94	0.00102424
2.96	0.00100128
2.98	0.000978958
3	0.000957255
3.02	0.000936149
3.04	0.000915621
3.06	0.000895652
3.08	0.000876224
3.1	0.000857321
3.12	0.000838924
3.14	0.000821019
3.16	0.000803589
3.18	0.00078662
3.2	0.000770097
3.22	0.000754005
3.24	0.000738332
3.26	0.000723065
3.28	0.000708192
3.3	0.000693699
3.32	0.000679576
3.34	0.000665812
3.36	0.000652395
3.38	0.000639315
3.4	0.000626562
3.42	0.000614126
3.44	0.000601999
3.46	0.000590169
3.48	0.000578631
3.5	0.000567372
3.52	0.000556389
3.54	0.000545669
3.56	0.000535209
3.58	0.000524998
3.6	0.00051503
3.62	0.000505298
3.64	0.000495797
3.66	0.000486518
3.68	0.000477456
3.7	0.000468605
3.72	0.000459959
3.74	0.000451512
3.76	0.000443258
3.78	0.000435193
3.8	0.000427312
3.82	0.000419609
3.84	0.000412079
3.86	0.000404718
3.88	0.000397522
3.9	0.000390485
3.92	0.000383604
3.94	0.000376874
3.96	0.000370292
3.98	0.000363854
4	0.000357555
4.04	0.000345364
4.08	0.000333689
4.12	0.000322506
4.16	0.000311789
4.2	0.000301515
4.24	0.000291663
4.28	0.000282212
4.32	0.000273141
4.36	0.000264434
4.4	0.000256072
4.44	0.00024804
4.48	0.000240321
4.52	0.000232901
4.56	0.000225767
4.6	0.000218905
4.64	0.000212302
4.68	0.000205948
4.72	0.00019983
4.76	0.000193938
4.8	0.000188264
4.84	0.000182795
4.88	0.000177525
4.92	0.000172444
4.96	0.000167544
5	0.000162817
5.04	0.000158257
5.08	0.000153856
5.12	0.000149607
5.16	0.000145504
5.2	0.000141541
5.24	0.000137713
5.28	0.000134014
5.32	0.000130438
5.36	0.000126982
5.4	0.000123639
5.44	0.000120406
5.48	0.000117279
5.52	0.000114252
5.56	0.000111323
5.6	0.000108487
5.64	0.000105742
5.68	0.000103083
5.72	0.000100507
5.76	9.80114e-05
5.8	9.5593e-05
5.84	9.32489e-05
5.88	9.09765e-05
5.92	8.87729e-05
5.96	8.66361e-05
6	8.45631e-05
6.04	8.2552e-05
6.08	8.06004e-05
6.12	7.87064e-05
6.16	7.68677e-05
6.2	7.50826e-05
6.24	7.33492e-05
6.28	7.16656e-05
6.32	7.00302e-05
6.36	6.84412e-05
6.4	6.68971e-05
6.44	6.53965e-05
6.48	6.39377e-05
6.52	6.25195e-05
6.56	6.11406e-05
6.6	5.97994e-05
6.64	5.8495e-05
6.68	5.7226e-05
6.72	5.59913e-05
6.76	5.47898e-05
6.8	5.36204e-05
6.84	5.24821e-05
6.88	5.13738e-05
6.92	5.02949e-05
6.96	4.9244e-05
7	4.82206e-05
