c	norm
0.05	6.65162e-10
0.06	4.50421e-09
0.13	4.14025e-10
0.14	6.18117e-10
0.15	3.54456e-09
0.16	8.59673e-09
0.17	4.10095e-09
0.18	5.07013e-09
0.19	4.6943e-09
0.2	1.31769e-09
0.21	7.80009e-10
0.22	4.09441e-10
0.23	4.10332e-10
0.24	1.18386e-09
0.25	2.51078e-10
0.26	2.49822e-10
0.27	1.40105e-09
0.28	4.0205e-10
0.29	5.93157e-10
0.3	1.49284e-09
0.31	3.90882e-10
0.32	1.17768e-09
0.33	1.50903e-09
0.34	6.54564e-10
0.35	1.28449e-09
0.36	1.8891e-09
0.37	9.75298e-10
0.38	7.23883e-10
0.39	7.13159e-10
0.4	7.96859e-10
0.41	8.77125e-09
0.42	5.79616e-09
0.43	6.41555e-09
0.44	1.88643e-09
0.45	2.70407e-09
0.46	3.2583e-09
0.47	3.30777e-09
0.48	2.64593e-09
0.49	3.11845e-09
0.5	3.14306e-09
0.51	2.66307e-09
0.52	2.40335e-09
0.53	1.99972e-09
0.54	4.69415e-09
0.55	3.36685e-09
0.56	7.87542e-09
0.57	2.25938e-09
0.58	4.69062e-09
0.59	2.75127e-09
0.6	3.76638e-09
0.61	2.70257e-09
0.62	2.16351e-09
0.63	1.23537e-08
0.64	2.91432e-09
0.65	4.71315e-09
0.66	2.90569e-09
0.67	6.62168e-09
0.68	6.63932e-09
0.69	2.62122e-09
0.7	3.05397e-09
0.71	2.36108e-09
0.72	6.10084e-09
0.73	3.54339e-09
0.74	4.5529e-09
0.75	2.24362e-09
0.76	2.91203e-09
0.77	3.5124e-09
0.78	3.00306e-09
0.79	5.53279e-09
0.8	3.88409e-09
0.81	4.07589e-09
0.82	3.13954e-09
0.83	3.18439e-09
0.84	4.28329e-09
0.85	5.94054e-09
0.86	3.27242e-09
0.87	9.19205e-09
0.88	3.53099e-09
0.89	3.50361e-09
0.9	4.54256e-09
0.91	1.28118e-08
0.92	2.24446e-09
0.93	7.72292e-09
0.94	6.58027e-09
0.95	6.1956e-09
0.96	2.28531e-09
0.97	7.92617e-09
0.98	6.46154e-09
0.99	2.78993e-09
1	3.40968e-09
1.01	1.42903e-09
1.02	5.9004e-09
1.03	6.63316e-09
1.04	3.0048e-09
1.05	5.01897e-09
1.06	3.00794e-09
1.07	2.12078e-09
1.08	3.46987e-09
1.09	3.36528e-09
1.1	2.67499e-09
1.11	4.73694e-09
1.12	1.97458e-09
1.13	3.56519e-09
1.14	2.74142e-09
1.15	3.1203e-09
1.16	2.28211e-09
1.17	4.2557e-09
1.18	6.84293e-09
1.19	3.08255e-09
1.2	1.68e-09
1.21	3.58125e-09
1.22	2.23984e-09
1.23	1.283e-09
1.24	2.62658e-09
1.25	7.17274e-09
1.26	2.65451e-09
1.27	2.06019e-09
1.28	1.61144e-09
1.29	3.14062e-09
1.3	2.16955e-09
1.31	1.82211e-09
1.32	1.3091e-09
1.33	1.56677e-09
1.34	1.71374e-09
1.35	1.14461e-09
1.36	1.22797e-09
1.37	2.93823e-09
1.38	1.72967e-09
1.39	9.64124e-10
1.4	7.95965e-10
1.41	7.18784e-10
1.42	2.52068e-09
1.43	8.09896e-10
1.44	4.2848e-09
1.45	1.10733e-09
1.46	1.9948e-09
1.47	6.6509e-10
1.48	2.73925e-09
1.49	1.22856e-09
1.5	8.65485e-10
1.51	8.28783e-10
1.52	5.21226e-10
1.53	1.05629e-09
1.54	1.19104e-09
1.55	1.17721e-09
1.56	9.55149e-10
1.57	7.81367e-10
1.58	1.46521e-09
1.59	1.01633e-09
1.6	5.11752e-10
1.61	7.03172e-10
1.62	8.28672e-10
1.63	2.99645e-10
1.64	5.62053e-10
1.65	8.30822e-10
1.66	1.10923e-09
1.67	3.1082e-10
1.68	8.12445e-10
1.69	5.40555e-10
1.7	7.09654e-10
1.71	1.34034e-09
1.72	3.33103e-10
1.73	3.57438e-10
1.74	3.90227e-10
1.75	3.29374e-10
1.76	4.27607e-10
1.77	5.64735e-10
1.78	9.76721e-10
1.79	6.45596e-10
1.8	1.98389e-10
1.81	3.66778e-10
1.82	2.12838e-10
1.83	3.37389e-10
1.84	4.44755e-10
1.85	8.76556e-10
1.86	3.39141e-10
1.87	5.36045e-10
1.88	4.82441e-10
1.89	7.3503e-10
1.9	1.64769e-10
1.91	2.23993e-10
1.92	2.25979e-10
1.93	4.77426e-10
1.94	4.18449e-10
1.95	7.07843e-10
1.96	6.80782e-10
1.97	1.31423e-10
1.98	2.70889e-10
1.99	2.69185e-10
2	9.06701e-11
2.02	1.94491e-10
2.04	2.02528e-10
2.06	2.35812e-10
2.08	1.24577e-10
2.1	1.44282e-10
2.12	6.69291e-11
2.14	1.42736e-10
2.16	5.31239e-11
2.18	6.46917e-11
2.2	4.46832e-10
2.22	5.16668e-11
2.24	1.20609e-10
2.26	3.5012e-10
2.28	9.6457e-11
2.3	1.02686e-10
2.32	1.51842e-10
2.34	1.48222e-10
2.36	1.16332e-10
2.38	9.30382e-11
2.4	2.74632e-10
2.42	3.0599e-10
2.44	3.39026e-11
2.46	1.27153e-10
2.48	6.53827e-11
2.5	3.33796e-11
2.52	1.27347e-10
2.54	1.11952e-10
2.56	1.21343e-10
2.58	5.32639e-11
2.6	5.78231e-11
2.62	3.6836e-11
2.64	9.96924e-11
2.66	4.76018e-11
2.68	5.88555e-11
2.7	6.14657e-11
2.72	8.91643e-12
2.74	4.69606e-11
2.76	2.5885e-11
2.78	7.04366e-11
2.8	3.93079e-11
2.82	4.16505e-11
2.84	3.43247e-11
2.86	8.41566e-11
2.88	2.73522e-11
2.9	1.21905e-10
2.92	1.72528e-11
2.94	1.29303e-11
2.96	5.57874e-11
2.98	5.07559e-11
3	6.72487e-11
3.02	4.55105e-11
3.04	2.18297e-11
3.06	5.27936e-11
3.08	7.59656e-11
3.1	8.24227e-12
3.12	5.59638e-11
3.14	4.88262e-11
3.16	1.7245e-11
3.18	5.03415e-11
3.2	2.5013e-11
3.22	1.31977e-11
3.24	4.60029e-11
3.26	1.14675e-11
3.28	1.12395e-11
3.3	4.98439e-11
3.32	3.95456e-12
3.34	2.60237e-11
3.36	7.26051e-12
3.38	4.38407e-12
3.4	2.07244e-11
3.42	7.50385e-12
3.44	2.69046e-11
3.46	9.24202e-12
3.48	1.81227e-11
3.5	1.14284e-11
3.52	9.47773e-12
3.54	1.46726e-11
3.56	2.08673e-11
3.58	7.83075e-12
3.6	3.29955e-12
3.62	3.33331e-12
3.64	5.14595e-12
3.66	1.16624e-11
3.68	1.02965e-11
3.7	1.59751e-12
3.72	9.43633e-12
3.74	9.5748e-12
3.76	1.71757e-12
3.78	1.29296e-11
3.8	1.86397e-11
3.82	8.68981e-13
3.84	1.06566e-11
3.86	1.50333e-11
3.88	2.69519e-12
3.9	1.19585e-11
3.92	6.6737e-12
3.94	4.11404e-12
3.96	1.01909e-11
3.98	9.67366e-12
4	3.37594e-12
4.04	3.20459e-12
4.08	1.62294e-11
4.12	2.40772e-12
4.16	8.24776e-12
4.2	1.28223e-12
4.24	9.71418e-13
4.28	1.80835e-12
4.32	1.24159e-12
4.36	5.65642e-12
4.4	6.4492e-13
4.44	4.52821e-12
4.48	1.20676e-13
4.52	2.29648e-12
4.56	6.44853e-12
4.6	4.02384e-12
4.64	1.28467e-12
4.68	1.48844e-12
4.72	2.63996e-12
4.76	2.16074e-12
4.8	7.02104e-13
4.84	2.83107e-12
4.88	8.35749e-13
4.92	1.21224e-12
4.96	1.12916e-12
5	6.95487e-13
5.04	2.23335e-12
5.08	4.7794e-12
5.12	5.33035e-13
5.16	6.97656e-13
5.2	1.0443e-12
5.24	3.18093e-12
5.28	3.3559e-12
5.32	2.02272e-12
5.36	4.14044e-12
5.4	3.68248e-12
5.44	1.83164e-12
5.48	3.51385e-12
5.52	1.90068e-12
5.56	1.34654e-12
5.6	2.93829e-12
5.64	8.76673e-13
5.68	5.0734e-14
5.72	1.06504e-12
5.76	2.11575e-12
5.8	3.34114e-12
5.84	7.74308e-14
5.88	1.44975e-12
5.92	1.10567e-12
5.96	1.344e-12
6	1.12991e-13
6.04	5.43056e-13
6.08	4.0493e-13
6.12	1.33363e-12
6.16	1.09927e-12
6.2	1.45862e-13
6.24	2.86605e-13
6.28	6.59184e-13
6.32	2.79707e-13
6.36	5.45768e-13
6.4	8.87385e-13
6.44	7.08001e-13
6.48	6.94255e-13
6.52	1.78681e-13
6.56	7.19507e-13
6.6	8.73936e-13
6.64	5.60302e-13
6.68	1.60731e-13
6.72	2.35661e-13
6.76	2.783e-13
6.8	4.48404e-13
6.84	9.73995e-13
6.88	4.77474e-13
6.92	4.6511e-13
6.96	1.03191e-13
7	3.32386e-13
