c	norm
0.14	0.00137786
0.15	0.00144026
0.16	0.0014987
0.17	0.00155334
0.18	0.0016043
0.19	0.00165171
0.2	0.00169571
0.21	7.76505e-05
0.22	8.70953e-05
0.23	9.70212e-05
0.24	0.000107399
0.25	0.000118191
0.26	0.00012936
0.27	0.000140866
0.28	0.000152662
0.29	0.000164705
0.3	0.000176947
0.31	0.000189338
0.32	0.00020183
0.33	0.000214371
0.34	0.000226911
0.35	0.000239395
0.36	0.00025178
0.37	0.000264007
0.38	0.00027603
0.39	0.000287804
0.4	0.000299283
0.41	0.00199226
0.42	0.00198271
0.43	0.00197144
0.44	0.00195856
0.45	0.00148366
0.46	0.00144657
0.47	0.00140822
0.48	0.00136876
0.49	0.00132833
0.5	0.00128708
0.51	0.00124515
0.52	0.00120269
0.53	0.00115984
0.54	0.00111675
0.55	0.00107356
0.56	0.00103043
0.57	0.000987469
0.58	0.00094484
0.59	0.001175
0.6	0.00112808
0.61	0.000995956
0.62	0.000953751
0.63	0.000911608
0.64	0.000907766
0.65	0.000865061
0.66	0.000822578
0.67	0.000947758
0.68	0.000900968
0.69	0.000854237
0.7	0.000807687
0.71	0.000761453
0.72	0.000715692
0.73	0.000774544
0.74	0.000742459
0.75	0.00069461
0.76	0.000647291
0.77	0.000669386
0.78	0.000607307
0.79	0.000560905
0.8	0.000574473
0.81	0.00053268
0.82	0.000486352
0.83	0.000479046
0.84	0.000433748
0.85	0.000426778
0.86	0.000375168
0.87	0.000333627
0.88	0.000320345
0.89	0.000281002
0.9	0.000260409
0.91	0.000239313
0.92	0.000208039
0.93	0.000183599
0.94	0.000152001
0.95	0.000132583
0.96	0.000103011
0.97	7.83472e-05
0.98	5.84463e-05
0.99	3.52226e-05
1	1.68487e-05
1.01	6.30382e-06
1.02	2.56656e-05
1.03	4.37673e-05
1.04	6.67849e-05
1.05	8.42459e-05
1.06	0.00010072
1.07	0.000114288
1.08	0.000130649
1.09	0.000141361
1.1	0.000176367
1.11	0.000190157
1.12	0.000203991
1.13	0.000216779
1.14	0.000228067
1.15	0.00023538
1.16	0.000244484
1.17	0.000252738
1.18	0.000269585
1.19	0.00027719
1.2	0.000276336
1.21	0.000283455
1.22	0.000288255
1.23	0.000292434
1.24	0.000296017
1.25	0.00036787
1.26	0.000373741
1.27	0.000379047
1.28	0.000383827
1.29	0.000388122
1.3	0.000391923
1.31	0.000395281
1.32	0.000398237
1.33	0.000400784
1.34	0.000402961
1.35	0.0004048
1.36	0.000406303
1.37	0.000407503
1.38	0.000408413
1.39	0.000409058
1.4	0.000409442
1.41	0.000409601
1.42	0.000409526
1.43	0.000409246
1.44	0.000408772
1.45	0.000408117
1.46	0.000407282
1.47	0.000406293
1.48	0.000405159
1.49	0.000403878
1.5	0.000402471
1.51	0.000400946
1.52	0.000399301
1.53	0.000397548
1.54	0.0003957
1.55	0.000393756
1.56	0.000391728
1.57	0.000389627
1.58	0.000387443
1.59	0.000385198
1.6	0.000382887
1.61	0.000380513
1.62	0.000378095
1.63	0.000375622
1.64	0.000373109
1.65	0.000370556
1.66	0.000367959
1.67	0.000365334
1.68	0.000362679
1.69	0.000359991
1.7	0.000357282
1.71	0.000354552
1.72	0.000351803
1.73	0.00034904
1.74	0.000346256
1.75	0.000343471
1.76	0.000340674
1.77	0.000337864
1.78	0.000335054
1.79	0.000332238
1.8	0.000329417
1.81	0.000326602
1.82	0.000323784
1.83	0.000320969
1.84	0.00031816
1.85	0.000315352
1.86	0.000312554
1.87	0.000309766
1.88	0.000306981
1.89	0.000304205
1.9	0.000301443
1.91	0.00029869
1.92	0.000295952
1.93	0.000293222
1.94	0.000290507
1.95	0.000287807
1.96	0.000285123
1.97	0.000282452
1.98	0.000279798
1.99	0.000277158
2	0.000274536
2.02	0.000269345
2.04	0.000264231
2.06	0.000259184
2.08	0.000254217
2.1	0.000249327
2.12	0.000244515
2.14	0.000239785
2.16	0.000235135
2.18	0.000230568
2.2	0.00022608
2.22	0.000221674
2.24	0.000217352
2.26	0.00021311
2.28	0.000208949
2.3	0.00020487
2.32	0.000200868
2.34	0.000196946
2.36	0.000193104
2.38	0.00018934
2.4	0.000185649
2.42	0.000182034
2.44	0.000178495
2.46	0.000175028
2.48	0.000171633
2.5	0.000168309
2.52	0.000165055
2.54	0.000161867
2.56	0.00015875
2.58	0.000155698
2.6	0.00015271
2.62	0.000149783
2.64	0.000146921
2.66	0.00014412
2.68	0.000141379
2.7	0.000138697
2.72	0.000136072
2.74	0.000133503
2.76	0.000130986
2.78	0.000128527
2.8	0.000126119
2.82	0.000123762
2.84	0.000121458
2.86	0.000119201
2.88	0.000116994
2.9	0.00011483
2.92	0.000112718
2.94	0.000110647
2.96	0.000108622
2.98	0.000106638
3	0.000104699
3.02	0.0001028
3.04	0.000100941
3.06	9.91213e-05
3.08	9.73401e-05
3.1	9.55963e-05
3.12	9.38893e-05
3.14	9.22182e-05
3.16	9.05831e-05
3.18	8.89815e-05
3.2	8.74119e-05
3.22	8.58771e-05
3.24	8.4373e-05
3.26	8.29008e-05
3.28	8.14587e-05
3.3	8.0046e-05
3.32	7.86639e-05
3.34	7.73086e-05
3.36	7.5983e-05
3.38	7.46821e-05
3.4	7.34091e-05
3.42	7.21619e-05
3.44	7.09398e-05
3.46	6.97423e-05
3.48	6.85682e-05
3.5	6.74197e-05
3.52	6.6294e-05
3.54	6.51899e-05
3.56	6.41089e-05
3.58	6.30478e-05
3.6	6.20084e-05
3.62	6.09908e-05
3.64	5.9991e-05
3.66	5.90128e-05
3.68	5.80536e-05
3.7	5.71129e-05
3.72	5.61905e-05
3.74	5.52862e-05
3.76	5.43993e-05
3.78	5.35292e-05
3.8	5.26766e-05
3.82	5.18412e-05
3.84	5.10204e-05
3.86	5.02162e-05
3.88	4.94267e-05
3.9	4.86524e-05
3.92	4.78929e-05
3.94	4.71481e-05
3.96	4.64164e-05
3.98	4.56997e-05
4	4.49958e-05
4.04	4.36267e-05
4.08	4.23093e-05
4.12	4.10395e-05
4.16	3.98157e-05
4.2	3.86359e-05
4.24	3.74991e-05
4.28	3.64026e-05
4.32	3.53457e-05
4.36	3.43257e-05
4.4	3.33415e-05
4.44	3.23915e-05
4.48	3.14747e-05
4.52	3.05893e-05
4.56	2.97348e-05
4.6	2.8909e-05
4.64	2.81113e-05
4.68	2.73403e-05
4.72	2.65957e-05
4.76	2.58752e-05
4.8	2.51787e-05
4.84	2.45057e-05
4.88	2.38534e-05
4.92	2.3224e-05
4.96	2.26142e-05
5	2.2024e-05
5.04	2.14524e-05
5.08	2.08994e-05
5.12	2.03634e-05
5.16	1.98448e-05
5.2	1.93421e-05
5.24	1.88549e-05
5.28	1.83832e-05
5.32	1.79259e-05
5.36	1.7482e-05
5.4	1.70521e-05
5.44	1.6635e-05
5.48	1.62305e-05
5.52	1.58382e-05
5.56	1.54574e-05
5.6	1.50879e-05
5.64	1.47295e-05
5.68	1.43811e-05
5.72	1.40432e-05
5.76	1.37149e-05
5.8	1.33961e-05
5.84	1.30861e-05
5.88	1.27856e-05
5.92	1.24931e-05
5.96	1.22091e-05
6	1.1933e-05
6.04	1.16644e-05
6.08	1.14035e-05
6.12	1.11497e-05
6.16	1.09029e-05
6.2	1.06627e-05
6.24	1.04292e-05
6.28	1.02019e-05
6.32	9.98068e-06
6.36	9.76553e-06
6.4	9.55593e-06
6.44	9.352e-06
6.48	9.15334e-06
6.52	8.96005e-06
6.56	8.77152e-06
6.6	8.58829e-06
