c	norm
0.14	0.00413103
0.15	0.00428566
0.16	0.00442596
0.17	0.00455265
0.18	0.00466645
0.19	0.00476804
0.2	0.0048581
0.21	0.000442235
0.22	0.000496154
0.23	0.00055265
0.24	0.000611485
0.25	0.000672402
0.26	0.000735122
0.27	0.000799352
0.28	0.000864785
0.29	0.000931104
0.3	0.000997984
0.31	0.0010651
0.32	0.00113211
0.33	0.0011987
0.34	0.00126455
0.35	0.00132933
0.36	0.00139273
0.37	0.00145447
0.38	0.00151427
0.39	0.00157186
0.4	0.00162701
0.41	0.00500412
0.42	0.00495962
0.43	0.00491229
0.44	0.00486224
0.45	0.00404852
0.46	0.00396304
0.47	0.00387555
0.48	0.00378627
0.49	0.00369544
0.5	0.00360329
0.51	0.00351006
0.52	0.003416
0.53	0.00332134
0.54	0.00322634
0.55	0.00313123
0.56	0.00303627
0.57	0.00294171
0.58	0.00284779
0.59	0.00329519
0.6	0.00319242
0.61	0.00305413
0.62	0.00295235
0.63	0.00284947
0.64	0.00282882
0.65	0.00272051
0.66	0.00261161
0.67	0.00277623
0.68	0.00266394
0.69	0.00255042
0.7	0.00243597
0.71	0.00232088
0.72	0.00220552
0.73	0.00225617
0.74	0.00216831
0.75	0.00204974
0.76	0.00193071
0.77	0.00191499
0.78	0.00178669
0.79	0.0016684
0.8	0.00164049
0.81	0.00152013
0.82	0.00140214
0.83	0.00134073
0.84	0.00122454
0.85	0.00116166
0.86	0.00104249
0.87	0.000931892
0.88	0.000863263
0.89	0.000757823
0.9	0.000683143
0.91	0.000606001
0.92	0.000515871
0.93	0.00044014
0.94	0.000356117
0.95	0.000290753
0.96	0.000215124
0.97	0.000147473
0.98	8.89129e-05
0.99	2.90507e-05
1	3.20161e-05
1.01	8.17324e-05
1.02	0.000130535
1.03	0.000175611
1.04	0.000233653
1.05	0.000276647
1.06	0.000315503
1.07	0.000347353
1.08	0.000385508
1.09	0.000408784
1.1	0.000494913
1.11	0.000525876
1.12	0.000557953
1.13	0.000585094
1.14	0.000608325
1.15	0.000621245
1.16	0.000638162
1.17	0.000652452
1.18	0.00069146
1.19	0.000703526
1.2	0.000693609
1.21	0.000704797
1.22	0.000709148
1.23	0.000711713
1.24	0.000712626
1.25	0.000912078
1.26	0.000921733
1.27	0.00092997
1.28	0.000936878
1.29	0.000942543
1.3	0.000947055
1.31	0.000950496
1.32	0.000952937
1.33	0.00095445
1.34	0.000955105
1.35	0.000954967
1.36	0.000954097
1.37	0.000952549
1.38	0.000950374
1.39	0.000947622
1.4	0.000944339
1.41	0.000940572
1.42	0.000936353
1.43	0.000931724
1.44	0.000926716
1.45	0.000921364
1.46	0.000915696
1.47	0.000909742
1.48	0.000903526
1.49	0.00089707
1.5	0.000890402
1.51	0.000883538
1.52	0.0008765
1.53	0.000869304
1.54	0.000861967
1.55	0.000854509
1.56	0.000846938
1.57	0.000839273
1.58	0.000831526
1.59	0.000823706
1.6	0.000815827
1.61	0.000807898
1.62	0.000799929
1.63	0.00079193
1.64	0.000783907
1.65	0.000775869
1.66	0.000767823
1.67	0.000759777
1.68	0.000751735
1.69	0.000743705
1.7	0.000735691
1.71	0.000727698
1.72	0.000719732
1.73	0.000711796
1.74	0.000703894
1.75	0.00069603
1.76	0.000688208
1.77	0.00068043
1.78	0.000672701
1.79	0.000665021
1.8	0.000657393
1.81	0.00064982
1.82	0.000642305
1.83	0.000634847
1.84	0.000627451
1.85	0.000620115
1.86	0.000612844
1.87	0.000605637
1.88	0.000598495
1.89	0.000591419
1.9	0.000584411
1.91	0.000577472
1.92	0.000570601
1.93	0.0005638
1.94	0.000557068
1.95	0.000550405
1.96	0.000543815
1.97	0.000537293
1.98	0.000530845
1.99	0.000524466
2	0.000518157
2.02	0.000505755
2.04	0.000493634
2.06	0.000481794
2.08	0.000470235
2.1	0.00045895
2.12	0.000447939
2.14	0.000437197
2.16	0.00042672
2.18	0.000416505
2.2	0.000406545
2.22	0.000396838
2.24	0.000387378
2.26	0.00037816
2.28	0.000369179
2.3	0.000360429
2.32	0.000351907
2.34	0.000343607
2.36	0.000335522
2.38	0.000327649
2.4	0.000319983
2.42	0.000312517
2.44	0.000305247
2.46	0.000298169
2.48	0.000291276
2.5	0.000284566
2.52	0.000278032
2.54	0.000271669
2.56	0.000265474
2.58	0.000259441
2.6	0.000253567
2.62	0.000247847
2.64	0.000242277
2.66	0.000236853
2.68	0.00023157
2.7	0.000226426
2.72	0.000221415
2.74	0.000216535
2.76	0.000211781
2.78	0.00020715
2.8	0.000202639
2.82	0.000198244
2.84	0.000193962
2.86	0.00018979
2.88	0.000185724
2.9	0.000181763
2.92	0.000177902
2.94	0.000174139
2.96	0.000170471
2.98	0.000166896
3	0.00016341
3.02	0.000160012
3.04	0.000156699
3.06	0.000153468
3.08	0.000150318
3.1	0.000147246
3.12	0.000144249
3.14	0.000141326
3.16	0.000138475
3.18	0.000135693
3.2	0.000132979
3.22	0.000130331
3.24	0.000127746
3.26	0.000125224
3.28	0.000122763
3.3	0.00012036
3.32	0.000118015
3.34	0.000115725
3.36	0.000113489
3.38	0.000111306
3.4	0.000109175
3.42	0.000107093
3.44	0.00010506
3.46	0.000103073
3.48	0.000101133
3.5	9.92377e-05
3.52	9.73857e-05
3.54	9.55759e-05
3.56	9.38075e-05
3.58	9.20793e-05
3.6	9.039e-05
3.62	8.87388e-05
3.64	8.71247e-05
3.66	8.55466e-05
3.68	8.40036e-05
3.7	8.2495e-05
3.72	8.10197e-05
3.74	7.95767e-05
3.76	7.81654e-05
3.78	7.6785e-05
3.8	7.54345e-05
3.82	7.41134e-05
3.84	7.28208e-05
3.86	7.15559e-05
3.88	7.03181e-05
3.9	6.91068e-05
3.92	6.79213e-05
3.94	6.67609e-05
3.96	6.56249e-05
3.98	6.45128e-05
4	6.3424e-05
4.04	6.13141e-05
4.08	5.92905e-05
4.12	5.73492e-05
4.16	5.54864e-05
4.2	5.36981e-05
4.24	5.1981e-05
4.28	5.03316e-05
4.32	4.87468e-05
4.36	4.72237e-05
4.4	4.57594e-05
4.44	4.43512e-05
4.48	4.29966e-05
4.52	4.16931e-05
4.56	4.04387e-05
4.6	3.92307e-05
4.64	3.80676e-05
4.68	3.69471e-05
4.72	3.58675e-05
4.76	3.48268e-05
4.8	3.38237e-05
4.84	3.28563e-05
4.88	3.19232e-05
4.92	3.1023e-05
4.96	3.01542e-05
5	2.93156e-05
5.04	2.85059e-05
5.08	2.77239e-05
5.12	2.69686e-05
5.16	2.62388e-05
5.2	2.55335e-05
5.24	2.48517e-05
5.28	2.41925e-05
5.32	2.3555e-05
5.36	2.29384e-05
5.4	2.23418e-05
5.44	2.17645e-05
5.48	2.12056e-05
5.52	2.06646e-05
5.56	2.01408e-05
5.6	1.96334e-05
5.64	1.9142e-05
5.68	1.86658e-05
5.72	1.82042e-05
5.76	1.77569e-05
5.8	1.73233e-05
5.84	1.69027e-05
5.88	1.64949e-05
5.92	1.60994e-05
5.96	1.57155e-05
6	1.53431e-05
6.04	1.49817e-05
6.08	1.46308e-05
6.12	1.42901e-05
6.16	1.39593e-05
6.2	1.3638e-05
6.24	1.33259e-05
6.28	1.30227e-05
6.32	1.27281e-05
6.36	1.24418e-05
6.4	1.21634e-05
6.44	1.18928e-05
6.48	1.16297e-05
6.52	1.13738e-05
6.56	1.1125e-05
6.6	1.08829e-05
