511787	209112	227271	228399	247902	535050	217193	218207	357644	231901	227432	458766	249340	515488	275506	362804	383688	209800	213222	207755	220653	224287	242987	225381	252005	217516	331301	550317	220563	460066	215618	215790	221818	431312	234074	232433	452776	215793	222521	252952	223893	232517	227646	218191	218593	322084	217185	228085	216296	243957	236116	220272	326980	460630	303744	378031	212381	209278	226503	446492	484046	222330	208144	432988	419735	220345	236043	216593	364868	240930	464919	210480	209740	212668	208680	226086	215951	
358042	40967	39120	40505	41137	329582	41088	40343	42823	41214	40461	43185	47782	40750	62197	52521	45885	45801	48048	102135	60684	58327	78321	54089	52253	59702	52636	47722	81531	48119	49547	54105	56878	78434	33695	46094	60313	47818	49345	49301	51968	52734	138639	94104	51275	34593	53271	46996	87245	49875	48264	55981	79297	52237	52528	63558	51785	52680	63574	49424	52617	63067	53350	56485	55695	56100	112317	56137	62264	57760	73352	115363	182914	51660	68158	68240	228224	
237320	79525	52361	56236	48522	55512	52482	57632	57411	47371	75070	63056	56877	48767	50610	63714	51238	52459	66749	126706	49358	52074	51469	71277	61058	52212	50125	91190	71567	52455	50787	47792	56268	52701	81682	52508	93357	108868	48818	52297	49374	90879	52101	46454	54065	49887	51330	73007	115756	65878	51988	49686	51511	65828	61411	47975	53757	54631	53472	194180	50330	183191	49801	47751	60366	50933	53298	96616	47870	78803	49579	60331	280608	49843	51256	58888	226017	
215495	49005	45234	115547	48976	56360	48367	46944	90840	47690	105515	53697	45750	49399	33442	48147	51010	58394	48032	50318	63830	53082	45208	47413	50073	50959	65147	47539	58859	197584	66701	63604	51661	45885	115737	54465	50606	62994	52596	50617	49437	137248	48994	72408	44799	147903	86853	47590	50717	49343	69110	46746	50096	50286	48410	51879	47105	50497	60826	186037	52874	69787	88536	48670	51438	52976	50821	114136	47805	53557	64570	49507	49456	47578	55333	81564	226504	
449254	48237	47417	45426	66913	49068	252836	100348	47857	60879	45046	48538	51537	49153	46432	45033	48678	109300	67167	47077	89948	46275	50893	61675	45354	47494	47104	50882	47535	150456	47272	75067	44720	50520	66379	44593	45743	47300	63220	51259	47670	48089	112647	46502	99851	46123	50366	46877	49815	131667	51664	65126	48842	120611	47898	47167	48784	47162	49221	52849	88924	61147	55176	108463	55994	54392	80133	124544	53686	47982	195470	120207	56050	52155	47032	57689	237116	
235062	50365	125470	51573	53377	86018	45462	51739	722220	64919	162199	46580	53439	85054	107931	54123	56464	65065	74743	33594	49779	49947	44587	46246	50157	49908	62222	47956	90305	50560	57248	55323	48819	150245	129688	46859	89505	55608	69895	46787	68277	56822	53652	50013	52412	58375	50445	52529	65602	55377	50555	52511	66990	53772	119725	58490	55506	140386	66898	61399	54241	82193	74268	45803	64458	49736	58322	94609	48400	77090	51785	54086	51580	55759	73601	70083	235471	
272426	51052	44669	134703	53030	47294	49983	329352	69476	53199	61677	102596	52636	66810	122019	48558	62583	44635	47060	47769	52394	52468	48476	44948	57517	44857	46626	44061	55422	80453	74468	79044	50066	46065	50283	88080	42733	48677	49323	112312	53870	33257	46152	43739	53470	115187	47501	47809	77223	63547	57204	111130	50484	53362	142570	45498	46215	121452	49557	68108	43194	124738	38361	51729	50329	49648	99629	45301	50855	59886	48293	59303	111941	51654	50035	55050	249060	
223087	58248	50333	183418	50445	53929	48433	87655	65029	49752	50398	112678	39562	50803	109357	58367	60630	45532	50078	137546	80454	81763	49169	54124	46003	59497	45416	48974	73072	258471	49359	52390	47128	51523	147429	49431	90384	47531	59461	54149	111961	51198	50013	50584	64611	48146	53255	52292	48882	48069	50195	62515	63062	54627	59602	51952	51153	59826	54879	140029	69103	48992	52945	48551	53925	102404	62238	54913	63838	55446	51112	50986	84208	47996	51430	48540	231693	
257249	47221	64947	51372	59622	56447	52533	47072	91718	49166	53387	61491	51900	605110	87592	189940	56670	34334	110013	48891	49555	49938	56249	45181	48028	48479	56783	66580	59318	49708	57826	47842	50387	50028	45869	49901	47588	88571	48609	64277	47561	47265	47464	49561	70469	131502	51576	57916	58375	46419	49197	51910	48280	49202	53433	52220	49250	65231	111308	50363	53706	53590	52561	62131	52281	127114	48380	51915	52905	53328	52924	50004	50023	52289	388994	539565	233130	
300185	98967	505610	46948	44775	45507	49065	47441	49440	46554	49579	143091	45690	47899	50363	50932	49382	81403	49497	47116	47906	45973	46614	49974	47358	55133	48112	50797	46089	55748	46007	79872	93107	47783	58723	48528	45200	47940	48231	84698	51810	43830	46176	48302	173595	46832	46197	52710	49633	137439	43842	51869	157669	48187	46469	48991	90758	48519	48234	49371	44255	47641	233265	48650	44932	47837	47315	49875	44480	52086	53240	49452	190713	46459	111931	46380	215429	
462686	42293	45529	98060	48785	222094	47012	45629	43372	134993	46027	42765	439001	49507	47473	45019	43603	45247	43327	74369	103261	45810	43449	47330	48160	43493	43649	56705	47886	156150	45392	65807	45862	46689	145542	52346	45556	109059	99751	85819	51204	45002	79270	45185	45572	100075	46398	45021	33894	122171	53200	67281	48290	46495	95923	46702	46093	129761	35100	79254	109041	47073	45111	45327	47827	48280	299511	47923	116716	60039	49701	43946	44439	43367	61834	43361	476645	
233829	45745	280488	49393	66044	45574	43456	43903	89030	44612	168982	44587	61516	47397	118766	53818	41984	43666	64776	48920	47253	113424	51610	60601	51656	47547	73990	46123	46694	51463	42818	63975	49183	46941	44461	47114	45439	61296	43045	47402	123503	104778	47833	79764	80633	352486	45367	46239	48745	47271	43372	48314	52722	79346	188942	54707	47128	57459	44151	47735	53235	46000	155756	50324	120546	59820	114554	44987	52658	43821	96602	48625	46670	63263	46155	44947	349539	
426040	43261	41694	49080	46765	45361	47378	52577	109538	47555	42760	107321	131716	55570	53547	63012	63175	56049	46947	52360	43528	52168	46572	50032	56074	56047	56379	53046	108058	51067	52561	48315	82456	51682	54826	51800	54964	68899	54670	49836	58004	54856	46526	49013	148064	51860	55363	153306	48740	54804	66607	52361	60140	48119	83647	76085	49179	51549	51822	52830	53107	48814	71263	47822	45923	48615	59999	95669	51049	52958	50746	52822	52487	69903	124480	46429	219754	
235427	58731	96610	54736	54314	52007	52407	51158	50922	54100	276543	46306	51559	65064	64003	52465	60568	53118	50474	50694	51796	53148	46202	61111	48190	85187	147466	52801	53175	66324	51894	61182	57926	73285	54215	46925	52886	48649	60399	50015	58317	48793	47021	53459	53705	67187	66302	63887	58560	53500	66871	64360	60833	71408	55007	46468	64983	55257	47694	52778	52105	67666	58388	107063	53232	85343	55728	48291	55865	50830	61529	49667	55598	53703	68037	52938	237998	
242575	110495	179011	112886	48398	62077	48738	51525	51873	107790	150566	47797	54593	55050	61691	56964	46239	46561	49942	54387	51369	53550	728561	48566	54815	49967	54630	132072	60797	82051	50625	45044	53038	56156	44104	53836	53173	46841	54386	47162	47861	56307	190280	69833	51327	102294	61810	65938	59582	47064	68790	52458	97668	55580	52740	52940	215692	66507	82621	75023	55652	48066	51953	71261	45860	50789	48741	52006	52027	138163	44981	53293	54197	52024	55049	47124	409792	
471471	58596	48177	61105	52981	52427	45837	50411	54040	49933	46135	119579	53349	52095	51494	53981	53908	44922	60770	48939	49822	55830	54351	135356	53103	55464	51458	46257	52722	51716	757938	67071	49831	46302	69261	55570	64904	60319	45963	54602	98729	48565	49372	47532	45706	59193	104869	45983	671954	47290	49082	48402	47361	52678	44667	50591	82329	43934	35963	141043	47964	47553	47558	47754	52540	44754	46822	30888	43429	48695	45532	46145	45661	57509	121827	57092	331994	
401321	90429	41821	47123	44844	44325	42968	42659	43639	41778	44062	47227	44666	45311	189981	112732	48565	44301	42394	41552	110628	47926	46920	51386	57505	44761	56583	48546	45190	127573	124220	48414	47455	49032	45586	49192	42895	47899	44774	74996	44696	50363	78336	63071	44722	78002	122173	47137	45110	53914	201708	123730	42497	102420	62358	42959	43216	421870	94245	106734	46331	42433	43221	47101	44957	47872	35743	45213	409084	48283	42502	51071	44616	57889	72441	87811	398954	
928948	42733	63206	43870	43900	79368	89047	47435	59067	46528	59302	77893	50644	60281	55048	294093	59546	44962	110430	29019	52318	56210	44715	92531	59731	33775	109515	47616	115400	46495	44143	86332	29592	44591	52577	47178	57161	90194	41884	45498	78246	42803	32050	93609	46135	76083	43632	120084	48142	49094	63526	42545	44836	44049	88427	57836	43294	42548	45489	53518	46817	63517	93810	258378	114524	46308	44340	43873	60747	50355	46748	48707	76193	44076	296612	203168	487496	
211982	62189	41258	117259	42519	45218	78485	57732	67143	44660	42527	78662	64857	48126	94124	52906	42658	57741	48895	100866	93008	44837	49966	43444	44390	106242	111761	47016	58667	46996	62676	45187	55037	45104	43134	98126	194726	192309	100451	58278	114577	43813	42737	42927	198842	50890	42607	128201	45057	70404	42429	46201	230133	41380	50563	126432	113093	261773	49276	143572	44378	40673	46883	54218	48794	46570	45015	42309	46311	162134	48919	54037	45561	45446	48332	45567	211244	
487319	46893	50466	33709	77743	48128	78419	108921	43731	46974	102037	72408	44680	93398	47086	42529	77918	42912	66086	83807	44970	191216	44794	51471	47384	116795	47962	79033	109034	48735	195002	63992	141958	124272	79261	58111	47409	63772	56136	57429	45751	41516	70084	52966	109041	45226	44993	82325	61783	49228	52173	196601	42483	156463	55377	72118	44374	122723	70414	46777	44145	56447	133869	109076	200574	80590	57494	43366	75377	44816	45874	127469	48494	49040	35742	42909	223756	
251289	48004	119955	51361	45872	62425	78718	83202	83697	39244	42866	53080	118340	243134	43877	54530	36294	51448	75341	91489	48594	83480	87738	98547	121044	90855	91415	50146	210860	41109	31068	44300	134088	113723	44675	107823	45844	139899	207667	73651	45854	58346	111579	73057	46580	53624	44719	52547	52840	59103	45129	98437	62132	43419	46973	94156	40116	48542	135740	97703	51672	116799	44478	59101	45042	61797	47313	59187	143628	49002	61569	63090	50979	45192	107813	44723	239715	
219834	109006	46265	119523	46882	41104	161009	47550	84228	49069	53163	44127	84089	137531	68359	50625	32089	44963	47221	44165	48078	91358	79727	154207	51187	94416	96239	43400	80120	41183	48588	31264	49762	101288	48431	67563	44593	42755	47996	114894	48133	133310	64011	124337	49720	116076	47774	48981	97483	44756	45747	50177	131573	49649	55357	68586	39418	55572	45773	265614	47911	51832	48969	49446	70101	61289	107316	85672	45672	47918	53854	149503	47035	47942	163679	46919	478229	
235716	90713	45737	45282	46444	59266	50444	47943	76947	62539	45061	140121	46532	45181	46689	63700	44808	43651	43400	60288	63097	64047	53467	43659	46806	47646	47349	45014	46286	112287	77738	59552	106326	131523	44722	62259	45060	106305	48443	50126	48155	46868	86409	159223	46057	58396	46771	46313	136707	52885	42814	48115	64135	47025	103915	45954	47341	97134	67281	45699	92224	51002	47768	50772	50123	101072	121651	39036	45200	47659	45091	56752	46269	48147	63616	46372	253584	
226455	98817	43990	47481	45196	132553	103954	60185	46789	49941	44800	47827	122132	65805	45221	42324	132210	121061	45762	60640	47283	47888	48613	46101	44477	107323	65393	45372	105054	43808	79884	54741	61882	110456	42622	43898	137905	46171	111216	46483	48091	114902	48039	126449	45684	76245	46631	56150	47150	106590	51287	79451	45991	83335	47341	48245	48601	50677	35131	49827	49223	97363	64549	45499	92658	54082	75194	47262	94288	51808	48290	93540	161203	46841	63019	81934	294038	
221919	117706	44895	45751	44146	98243	53290	72591	38765	108624	84265	111201	63484	149781	45171	43766	73465	50373	175386	60023	47715	44858	52745	113964	49299	52343	47986	85342	62927	113866	108066	51650	56306	86249	49245	62381	48526	46135	50373	65695	47653	50499	46603	193078	50537	100905	44286	47648	46057	72413	119796	120096	46843	103121	85433	82414	131519	53400	46598	48207	64307	50956	51779	48440	49482	67464	156624	47075	59077	101426	60195	50303	54253	49974	103334	46384	271102	
517020	133090	45307	113859	75258	50467	45888	54861	45641	89440	46387	94833	159045	47932	44460	101663	52620	79556	46013	56095	89858	50300	49381	52185	46113	63710	51483	61190	50405	106293	111976	57651	62456	46406	888809	80193	59379	95711	49297	46091	103322	49097	73457	57519	46247	878135	142187	45747	49669	48966	46481	78548	105746	45753	90934	62203	68248	44634	148605	44927	52300	75974	80355	111161	53174	45594	96991	60965	126357	55490	105131	119641	46179	120237	43243	108573	244526	
250044	52257	51221	44727	43346	70103	43932	73869	53226	49212	47134	96765	44099	105158	43990	108349	51693	94772	106550	48277	45958	49640	55557	105636	44397	58882	132780	44772	47644	74915	49854	51805	45296	105935	80262	126406	52360	46972	115435	48123	50460	47975	62089	103007	47376	107921	63062	47820	52638	49761	51569	47104	115011	46947	109360	53016	92644	49022	48209	50306	51727	488128	47270	76448	53550	121644	101972	53375	114573	66095	49588	47218	57396	45498	42176	98714	1.40343e+06	
755528	101615	153957	43159	46610	42758	59018	81137	42574	75080	45045	159140	50035	43726	101053	44976	116233	123917	158372	100762	40158	45297	160469	55306	52138	43082	46204	148049	87012	70474	42701	41935	55218	74085	93256	94080	40222	141243	41856	100472	105285	60009	93558	331374	145989	39204	51664	58215	105775	107653	91029	40946	41434	48739	68288	951434	112039	79549	49465	43929	119964	42074	62181	105631	65405	63504	102028	88207	76782	61298	200287	134685	92593	50764	82589	73368	359363	
339344	109511	43664	47326	123790	88193	40947	64003	107445	82917	78448	117196	43330	134510	38408	86302	104086	52369	101376	140474	101234	72941	51656	39813	108717	76003	174954	56855	47067	86112	254483	125383	42414	203874	76150	46996	72339	42440	41428	91381	101932	43892	113554	53726	40678	40108	82828	112443	46655	44593	250453	51298	44090	56661	52344	75747	81389	44225	43458	99160	49658	46032	114347	704069	113122	44413	47609	43497	121800	79797	106098	41785	48889	33431	42532	42930	271473	
696513	60528	41911	81248	45418	57706	40198	552177	31424	106899	40937	43676	59822	76856	59007	227563	40102	82770	38634	106035	42420	44103	117526	88755	40847	33677	100865	52793	104101	65826	39657	79777	47737	94005	41942	44944	65652	44153	44332	105702	41891	47864	68185	74224	78062	45476	48040	52046	140089	43729	75064	48535	75851	43628	46629	44940	86969	43701	44970	176808	48472	208009	78215	48678	45870	46303	60591	85182	43207	101686	45877	95729	65994	44267	96817	46271	453215	
274020	76758	60084	43872	94735	120974	42193	58495	83025	44090	44360	47648	65085	43648	94285	95903	61840	55724	40699	47301	86632	42747	138958	83786	151739	206247	46927	41374	68920	54900	126570	105571	82360	114448	49377	44177	579295	114388	140979	89786	52154	42325	44701	75932	91468	91165	70534	57684	47930	119641	169351	50426	106675	47324	94260	73778	48518	45830	62586	42344	42015	49673	74810	128391	119760	78221	46678	67740	44503	43938	66137	103111	62730	73342	47000	112217	216033	
215442	42231	172474	85663	41052	43531	48028	63108	133927	76457	42124	149735	61723	45665	82379	42764	123302	49694	40724	28867	69854	149498	47772	90997	77327	128187	48762	94525	45106	52793	168748	102772	48313	47607	40309	143723	415676	91927	58487	96542	95248	47787	52699	65550	43991	51262	65453	153061	114372	58558	51546	45104	257881	118691	52920	45026	63023	87936	58211	72010	43095	42900	58571	73895	111403	60779	49078	64765	43375	46433	43811	123213	577901	99924	30758	46639	561060	
308501	109880	164045	92727	147139	109589	43736	144066	89364	101729	74821	37715	133893	40123	236501	62191	83993	61915	128156	58659	42273	43052	122265	114122	64556	43610	141867	40231	58544	42936	57556	115798	41842	113735	43673	140354	42941	63528	56705	57807	42329	101213	49469	40752	46226	164162	59295	49070	69731	60031	43592	50522	44705	97799	75549	215062	95366	188127	43600	47495	33238	109992	42762	47144	49452	111215	55131	62263	43839	44642	49624	45026	49924	52695	123864	59087	584777	
223632	43865	59944	46032	61468	48886	59751	47731	46601	88497	64793	87779	46475	55638	139048	69547	82469	53953	52537	210047	206901	56622	43807	60410	53085	96718	181223	118187	47547	44185	47277	64398	42842	104361	77087	49052	61487	51403	47314	49836	44849	127087	64102	99386	63878	57263	46870	48945	58873	59471	43970	49804	120578	80029	119252	47006	45148	49342	47122	46113	56160	48404	60164	228504	109517	92669	92358	48401	47689	58829	58737	93638	43882	103740	144612	51620	448403	
365130	46097	50966	43413	55382	99132	70410	45774	79314	80044	149854	51444	39847	45298	73998	47721	55055	101879	43537	72380	44916	52996	49141	51373	75829	46431	143367	83793	140082	83793	84705	87855	72777	82869	39941	47711	41832	71197	106363	276097	67599	82628	46829	53613	52972	47164	50398	82668	49546	132654	45976	46495	47383	80049	54996	51617	194542	76384	51943	53558	118019	78849	76008	59076	92654	71928	187151	50058	45359	49072	141213	96070	49111	56969	54033	49085	244596	
792009	125359	51511	43930	49846	51258	50643	50668	42891	67931	68240	45144	45258	69984	59971	90733	45465	114268	47955	259453	144534	49487	95230	68995	72811	111699	147836	237875	55533	48719	171566	32755	49308	39582	84643	120578	80003	41944	46173	111049	45055	104414	105413	42277	47173	33474	107120	48206	43559	115350	58655	35191	42000	52075	46155	42663	287374	105716	97585	48904	98973	124212	42311	29813	63273	117215	52099	53638	59974	61870	50422	40134	112605	89785	101260	46427	240591	
237270	42311	67419	46026	151378	141381	119760	47939	91654	52766	43478	108955	53789	57516	52717	52944	84183	69051	43628	47856	57096	81156	57065	46633	50063	49969	96265	165740	88654	70903	164610	102839	255180	50568	50946	76541	59519	48983	64542	43765	52879	74363	145716	50952	46438	117760	52354	72292	221713	61344	113742	70699	105521	46007	50651	50509	42744	60897	34176	754919	159057	53094	88665	83333	60740	42439	57843	57896	94149	48853	57071	112226	47301	118552	42341	42784	273144	
458657	180987	49213	53344	107004	44193	50496	109434	81973	51077	143578	48651	46014	62695	146250	51052	59933	69237	43126	133538	118236	46951	54999	77029	50039	76850	43999	77836	63342	71100	44453	49828	48162	41363	138652	121309	48422	45585	137527	77702	60023	87208	56446	45768	51952	51892	64225	129863	46990	48832	47861	50385	52652	53597	52307	49341	121775	60706	48285	129496	98649	63307	94029	58710	148987	49243	71696	46591	114644	146746	48685	66372	147366	54536	50707	50133	267380	
230519	48720	74286	236934	142075	80462	42640	43429	189215	50635	45398	47684	31284	42279	42038	241532	148484	55399	79641	43513	44900	48500	65447	178930	47214	56234	49714	180545	57568	45234	108013	50784	63123	87941	43137	69803	46243	58599	44816	44149	64666	53627	95944	64236	46479	116125	61593	47167	94003	59884	132004	43952	115334	72725	55329	53556	53359	235175	81459	51602	59121	52320	58966	306991	65140	101857	52198	85215	55188	70867	66112	49827	63651	78439	84986	46781	454870	
634418	70010	42848	131509	56184	55710	33054	90251	52854	102565	56890	68128	45142	54210	64040	83752	54248	60776	58565	48727	50140	115745	83646	48754	52105	206998	52792	48541	52962	108983	46064	225962	47143	48319	79976	51144	51175	54704	59833	56468	49112	46494	69943	56562	48360	106129	50584	114800	68641	46392	48364	144089	62628	47876	52970	89390	56311	48063	53390	46534	52427	48678	149800	52039	66974	52191	52207	95282	52907	48557	116435	48770	61887	60410	79049	55682	336757	
421388	115773	29631	52848	57744	139760	58081	55162	571340	71449	64025	55097	99130	45384	49316	46930	56801	1.17502e+06	110993	45014	69275	47255	63797	184097	75160	51578	40814	46348	177101	46552	69426	96076	44717	48553	52831	74662	48076	47454	75673	48665	42488	49315	56406	48565	46607	53935	113077	51458	46884	53057	102590	82613	51356	54868	48963	52844	54213	75467	48647	53009	52529	55488	53327	54803	56777	51150	56403	48237	53025	106917	54683	53075	132798	140535	52223	53891	235975	
245523	51739	58719	55220	49106	53535	56514	53287	47745	48484	52330	51777	52847	49587	53759	52201	206187	57370	51996	50793	50103	50353	48001	50051	57328	57541	79973	95008	52034	54839	275490	48709	55247	50354	49591	48555	50707	466827	50959	47757	55064	50542	49953	72500	46963	46565	157988	58593	611937	48121	55656	48308	48262	53917	50597	58137	48140	48360	57293	46779	54232	369273	53539	62067	46368	51440	53374	51586	56296	48921	49847	52396	55952	49859	66048	59688	238030	
222400	51110	45593	123971	43934	78924	47667	47934	51967	45405	55336	50031	49584	261535	44573	57060	49659	46488	49460	43724	101681	51190	47442	49222	49598	59382	55697	46739	45679	48703	50908	49868	46179	47204	49452	46936	52590	55216	47490	58855	53687	49463	127202	47253	47314	50674	53960	48893	69782	55909	54532	49263	53056	62391	50393	52324	54223	49537	100661	56789	58846	150833	86609	50179	60790	48571	56287	53191	57931	52536	179015	52601	52650	59450	52319	53918	267838	
271368	48016	49212	118565	59619	50732	144257	74965	48335	60765	54951	63179	50384	54530	47523	46816	168405	199818	44304	69675	207835	42200	43409	49496	119655	42673	45282	45643	416306	108762	44574	47847	153821	42763	179723	43991	92302	68222	42064	43014	48422	42647	45278	44999	50768	46245	64790	106505	46305	52904	46904	164732	73874	49093	48701	50332	64615	68180	57932	52722	77224	54371	59891	278647	95276	65156	45630	65307	75314	49914	49486	45495	49374	259671	45860	50804	963666	
221931	69150	55773	46163	46637	61107	49783	44670	42655	52367	229497	176515	133257	75308	42733	47234	41016	43907	46173	98676	45848	49601	42919	41540	42456	58270	51510	54525	55554	45463	50184	48597	44783	52638	124241	47827	92403	50876	52279	219017	53124	44517	46082	45562	166805	264582	48399	50111	51860	49959	51967	230311	52717	51732	51346	47199	80860	46348	47830	124719	58898	60303	51516	122256	124881	56620	47682	49649	50509	49190	53139	53659	49379	45466	44191	45082	328627	
225273	58627	66697	49064	44063	53448	53589	46733	50869	178521	219836	117065	204869	47391	43712	47686	44726	45780	46870	55941	64210	265615	49144	43095	236660	47099	44477	45506	48531	50396	62824	44568	47153	45419	47682	48952	45273	47093	50504	42329	49925	154110	56390	116437	51613	50813	46223	47423	45902	80797	46977	56530	296375	120717	51817	119527	47947	53595	67812	46556	44883	49429	47400	46970	48547	50811	60857	45964	143664	44929	112652	259785	49572	71739	46072	226866	233122	
232705	56894	146487	42730	52230	120047	44065	44660	53030	42490	49807	45462	54161	57310	43433	44172	59424	44172	126213	42427	44206	55052	48476	44646	45926	80300	44135	45745	92699	48429	141590	46565	48346	61723	47531	43688	109505	46915	47535	69070	49557	67299	165681	333473	52006	46011	48867	107622	63807	57674	48897	98688	91894	46843	44779	44243	49909	48353	95011	67469	49308	61618	55706	49572	64960	57662	50860	49387	56538	51947	55308	66478	51530	51922	60971	51931	253312	
277144	49110	55824	50714	141127	69655	49584	50040	126291	92103	46856	238891	45005	45496	146878	62542	107234	46459	47072	46241	44569	44645	122109	45053	48056	66535	52707	47745	95681	46314	44593	45182	76415	49023	124713	121787	46702	82330	45519	63086	44486	65032	163940	143034	46738	121703	53534	57330	132392	62792	118259	49361	50105	50126	52647	46355	49799	146442	50116	67120	180274	108334	48353	48818	53488	48856	54574	51401	51062	48419	46269	116512	49240	223687	57570	59239	243698	
258053	85934	48823	49777	100394	48314	49159	48551	51539	64531	55912	49342	50796	46214	49463	144528	136042	49199	141806	65246	64306	45988	45609	84033	57416	148500	208989	196802	44842	47322	42623	42507	52433	48047	56269	222534	58825	68128	43596	47144	47776	49185	49877	95240	221061	70171	131321	45787	47095	45750	47425	51629	105757	47458	61821	62391	48664	45976	48537	51385	71617	47275	53818	66937	61995	50900	146978	172149	55788	49009	57797	49168	50855	48119	66850	58608	300071	
540521	156237	109174	47237	52150	64673	49421	47881	46150	65356	58478	76747	48331	47001	54397	65929	52169	47048	133605	61803	89485	45529	218728	61180	50937	78028	58182	54018	61765	185823	55051	56738	48923	57733	69932	56138	51796	76285	46602	46979	50023	62235	53585	46377	66044	57557	164913	61190	52449	61744	45002	131774	43728	45866	47484	48710	70733	53786	62849	46763	50282	46550	50914	46756	59456	47750	58871	51172	49615	125756	110252	46030	49957	56809	101850	44740	219177	
236262	46841	61040	50303	47152	85391	55346	46890	58847	46848	144480	49511	47033	49607	51435	61998	46891	50463	45281	274649	68512	51397	70276	67960	90395	102281	50988	45331	88431	45078	49659	44561	48205	64512	57927	48068	43286	47956	44753	60085	54888	82637	53313	85120	83504	47362	76716	97633	48360	47034	68084	47611	54260	155605	53076	57224	109992	52546	52483	49126	47570	50747	153525	62988	165168	51870	49788	179698	123492	52421	50306	47787	51951	119488	54667	64155	258566	
250176	59564	52031	58156	43990	43070	43926	155863	60673	43521	62789	46924	47882	55974	45381	32917	46624	123990	119658	46136	47553	130672	108160	46472	35845	49519	51839	136513	44912	47199	54427	45527	48148	76336	57166	50510	47329	51232	49565	51388	48570	183615	49082	96874	225113	52790	48613	51899	62748	48262	75500	65647	80685	47264	47186	54613	100343	66495	51843	54186	52525	53600	54038	74746	59730	55348	87440	63370	86035	145861	140729	60359	70054	72513	70576	68815	253712	
236916	50733	244792	73638	46860	140366	47653	89486	45086	68823	53534	44939	41810	47929	47951	46332	33199	52025	46948	110376	54582	51893	57365	192876	135808	51054	48797	32727	93248	49092	58383	59992	47216	58697	45132	48647	60494	48593	158707	45395	44797	55554	43902	61473	139652	54779	62676	52704	65588	47236	47364	52577	49229	56550	50678	125640	131914	83329	48926	57322	51655	46882	56282	111585	48568	34397	52946	55342	75218	72355	59145	49241	50280	58778	54962	50150	1.1622e+06	
290419	49394	102301	160771	48435	48348	50510	70533	94780	49812	133936	60548	51794	55772	66953	54575	51785	46717	73879	51124	51732	48584	50887	113892	63147	58338	51484	153911	47045	56944	120571	53986	52361	47565	63391	46296	46298	48962	51058	47029	126199	124213	84428	52902	46812	51958	48202	46658	50859	51253	50544	46387	33211	47839	52347	51952	53749	38294	48167	70451	53161	103265	59537	116171	64109	54206	52151	60069	53414	51319	94601	51637	50971	89298	47818	47619	279455	
359088	102325	68308	47474	104637	51117	66624	49214	45128	44643	55105	31452	152635	45521	150851	84549	52576	44744	44184	46946	47233	52425	62429	48103	150322	59868	46297	45423	48733	47337	61655	111925	49061	46686	140908	132067	52329	56013	58849	115265	91810	70767	94146	56480	154447	44603	138834	47514	53371	93108	54165	72312	116710	46974	49676	48113	56729	62852	49917	52212	66167	171214	50031	47311	50890	48521	60859	48321	89583	60742	48252	61609	69959	65097	44005	90744	219829	
239143	49148	88725	84239	50157	46871	50900	64789	55471	58598	48083	68898	51179	76330	52208	48986	52906	54876	57021	54454	51996	56447	51215	64883	94211	54198	50267	50869	62303	50617	142056	50045	69590	50169	52037	51894	57484	50456	107117	46327	50538	52168	62365	49255	50737	134650	52245	51783	50795	55114	52634	59933	55661	54200	58064	53536	49043	51186	88998	73819	53556	53760	51300	53827	50316	50156	52639	53746	101647	53687	51461	53241	48866	50031	50884	53044	264370	
224606	61053	70063	54431	51986	148492	66248	50205	51245	51725	52757	52330	53803	51470	155341	65901	49929	65076	58703	51364	60501	50960	47127	59525	53043	63960	53236	49311	49928	77130	49235	57929	103353	49128	55654	53827	61822	51115	272257	50088	160981	51475	49354	49381	60717	53046	57363	52609	55850	60595	49151	50947	114214	53725	50576	52598	55701	68792	57312	51056	55487	56647	50485	64027	52534	59662	61421	55871	52546	56074	49523	49681	55808	78944	75016	54320	234761	
271629	122695	51065	53915	51538	49626	72624	115253	47806	51451	51039	49499	54798	48772	48634	47577	50909	51808	46515	503653	46401	48068	591849	51300	72037	50054	54021	48570	52365	149475	57561	51049	48307	49238	59601	131215	52348	60514	45801	50157	52185	46601	49521	52280	53710	45512	141098	49624	50919	74807	48283	50918	56744	89344	47330	61852	54512	52948	66116	48869	108309	47875	67978	48462	57730	52056	55672	54042	61812	57992	55967	51710	53662	51448	53314	50526	226718	
238376	53585	102237	86500	53946	52039	51892	52848	50167	54547	51520	49058	48736	77934	51943	62338	53284	50238	51566	50214	52222	47921	59157	49435	67860	113551	52384	50722	105401	67559	59495	56101	50460	48306	49882	49857	53134	54744	50384	52885	53324	50782	53717	48194	49984	48994	73277	126342	482917	66894	91477	44536	50622	74589	62058	92412	54774	72414	54094	45945	49459	36878	90557	46591	75857	59094	64157	47712	56379	55146	45939	46094	105887	52183	214794	47664	219628	
232979	47107	46188	97317	46466	52498	55360	71954	51584	70985	53953	51096	49972	51989	50011	52349	52255	56233	52955	50752	98381	51815	55355	92239	77441	67662	45847	66363	48773	54034	48545	54254	50749	48336	52110	48165	46302	72479	52087	48495	68534	47632	78446	61390	50865	405048	49814	53192	147399	56887	46815	49564	51987	49459	66980	50919	52047	49158	50268	54810	70538	51799	47109	65715	144133	62891	49710	54004	71345	48795	51403	68670	67172	71021	55138	57931	406287	
344456	57744	50196	101197	53590	54920	96214	48423	47427	48399	66288	60333	54254	185577	74853	49908	65135	47287	111574	45927	44733	47576	61397	49254	47788	67617	47061	48474	374346	46978	51744	50089	51840	47599	48739	60713	79265	61796	47181	46457	49910	55232	46434	56045	53506	72208	169681	47191	76471	47970	64026	47295	82486	52515	47912	49274	48836	54716	50000	126847	63396	48631	47512	48267	49773	46917	50107	97339	74031	59970	51931	51237	48762	66751	51557	71498	228675	
282471	49499	46206	50983	50544	50602	49558	53654	50164	50062	47559	50096	50588	95255	50074	64102	64465	56773	52268	51341	49993	50462	50890	55564	132322	66534	53098	48003	54041	50624	52566	41582	51746	100513	51034	51284	115211	52180	50253	52309	107558	49796	70200	55188	53617	57285	54078	109978	76355	49700	222610	57805	72949	45548	61420	127423	70913	49239	48419	108829	90180	44867	47629	163314	288838	288552	43726	47663	46614	48381	46946	32572	51863	48955	51311	49131	229450	
473488	48575	44905	59047	49513	48012	53872	51152	45902	55190	62828	48513	45598	49003	50271	48913	36511	47541	52040	53782	49768	87821	50035	53562	66561	51136	49860	68644	53493	51162	47335	53275	66273	48589	46988	116538	47069	60796	50195	51287	50191	67939	46677	52660	57393	50084	54650	55108	50756	53796	67773	52949	71514	57638	256163	129244	52459	50642	177925	59980	65863	50628	53440	49664	53154	51213	59866	47121	50813	49234	51594	53954	48617	48490	53771	67697	274087	
228212	47311	45914	65335	49087	49752	50786	54690	52444	49032	46170	89227	48546	65711	44899	46143	48862	48512	210169	50887	46220	52104	46806	145933	46359	48596	48291	55154	55514	72307	47580	95957	48770	46822	51538	46313	45554	69919	49803	49509	51303	52666	50926	53500	52398	51903	53021	70188	51506	50984	50630	61699	47790	93405	63366	49392	264170	49787	45881	69197	151651	49554	50403	50715	47840	97915	67206	51813	52630	50624	51172	57634	79189	65600	50288	46900	252663	
218675	45971	284836	51517	50847	46882	66028	50185	52740	45631	47974	61723	48531	49921	59567	48901	50405	53887	53031	47573	48975	139223	49375	74877	49105	50744	135438	48830	82736	48062	54602	68869	47600	52520	50910	47865	93056	62777	48994	47494	45776	53066	57025	53249	48981	53019	53036	77627	52234	57097	49061	54767	179124	97738	51228	62665	49792	55413	48005	54664	52190	58295	53199	53184	49644	51181	50118	86386	54709	52938	86292	97508	54507	54554	51554	56428	247880	
282002	50189	51352	52531	85838	155283	53949	51016	51321	53629	51936	51534	65862	50244	48313	54468	54766	50265	54494	53202	51875	124557	52287	64050	75061	77448	46865	61368	60474	177543	107786	59932	74073	62656	66530	47276	46480	49502	47883	74923	196385	35738	46054	47003	51041	47677	45934	48208	54271	51016	93857	192019	47908	47409	39801	49138	49208	154959	77595	48520	47917	55977	169380	50060	51604	68798	51744	55144	52670	52935	46531	50510	70426	75109	49384	48547	223122	
218527	47205	46682	107439	47815	47296	79097	48085	50834	49473	59704	59371	49017	61504	50539	51660	52775	53720	52536	224436	53659	53578	50119	50820	74989	55490	206330	51271	48540	47336	63334	68080	50075	52417	51330	51176	53300	53476	69205	57518	50126	58520	50744	68873	52173	70197	76865	52602	52686	51227	52797	51801	50962	54985	55611	51859	56506	52361	54155	56199	57166	172742	48062	49826	51567	53266	55996	67571	48973	58025	52322	54218	56435	54151	111167	53079	238403	
247227	66880	135774	67362	52854	83194	83709	52723	55912	55362	58523	54621	49247	47001	49283	50336	53732	47471	53915	51805	50629	52862	98700	50187	58730	50198	112338	300295	49498	55211	49660	282269	57006	49806	64080	167941	61657	46484	53195	48770	49225	49676	55351	48580	93628	70716	50529	604361	86361	49333	46478	62974	43930	45974	53944	48533	49217	73261	52759	46545	65854	61423	53174	48070	55375	72740	50890	68414	49059	48934	49116	52179	137265	47483	51237	49706	242863	
452836	50283	48454	51483	50205	51267	57438	46587	37955	47369	51309	50518	50128	52014	52036	52384	61163	52452	48557	53495	250472	47068	191556	47969	52262	48358	48197	51569	50387	116302	44892	50133	70236	44320	50050	46192	46678	55049	51803	54626	50359	47015	50996	46934	52642	52211	51368	102527	49886	52464	47624	49399	52330	47659	53287	118931	50966	52374	50739	51197	49228	46285	49548	49987	50362	45733	49287	299290	141836	47175	47697	49756	48996	47062	46197	46500	500833	
336614	47324	48839	342035	45345	44955	46421	61690	103502	41589	45356	42955	48640	48924	46560	52239	55826	43687	45390	45868	119982	46917	52627	46584	47141	56036	43769	93255	49000	58212	40703	105313	56407	49522	49913	102930	49552	43420	68305	45965	45284	49632	53380	52554	45080	46128	50886	78099	48914	73224	50564	47964	64192	174265	46742	52825	51308	48541	192110	53803	88432	50709	47654	64144	95201	51301	44871	39769	53893	54125	92811	53129	53557	49251	51468	71288	248390	
223150	67150	84115	58223	76365	59850	56848	49495	50771	61999	51719	49261	68747	94797	51953	154752	51427	50346	50178	52061	86070	47043	47507	46284	48194	75915	56887	55764	50853	52248	52392	50330	55455	59504	62603	58636	52159	66590	53496	55585	63127	56970	53050	108716	54164	50144	54355	51186	51749	54592	82864	52327	101625	115520	81442	53167	52729	53181	56484	51227	55740	82162	55137	52099	53965	53656	50437	54693	52204	50006	49691	116137	99365	52339	53356	48344	220823	
225858	63530	50889	46992	56206	83235	51190	49099	50555	50749	94742	52939	48835	52806	51279	47747	62520	53657	48331	50506	49668	52601	69469	54091	47938	151870	112397	126966	51784	48601	50421	44874	50276	97391	49991	48431	46662	45882	49404	54582	45704	51299	105505	49923	49001	50038	50481	50710	46964	52111	55586	68824	118620	56467	51688	53752	108108	53980	53533	56278	92557	53914	51448	54329	54234	54374	49326	54362	52804	98880	46527	50108	49780	48388	48944	53849	228521	
235212	50423	64505	51392	52396	53496	154535	76316	205230	50530	51157	48824	49043	126113	49142	51791	46734	59524	52202	74994	53850	48864	50268	49345	50952	49364	49412	68737	46125	52566	49540	47836	51786	48932	49078	49721	48623	66239	52084	46265	110223	101873	48817	53061	109524	54606	50455	51922	56539	51593	49827	52506	55465	52879	67283	61366	53948	54914	53828	51097	184791	55734	70525	52690	54342	47809	52116	51691	98743	65506	48963	55590	62616	47577	50360	52242	455280	
231344	51003	53955	47897	86299	54226	82327	47844	48632	46685	50225	58106	125881	58830	90992	49899	48480	51262	108947	48465	50420	51057	51004	82557	55271	57927	49842	66850	54926	52640	54232	50514	49957	52112	64563	50146	51753	53837	50742	53226	67537	53521	55034	55027	51287	75366	125736	50664	52190	50736	49490	62377	55460	54852	54203	50345	52839	53865	52786	56807	51614	66626	52186	51558	49456	59973	52427	53853	63227	52319	49469	50130	52224	50976	49106	60434	226501	
245126	49860	67532	100139	228152	56509	53286	51086	49267	49249	86471	51460	52857	49007	53510	50093	37199	49284	49412	47271	63415	58904	47820	51827	52355	58408	47858	90160	58203	34910	50226	53210	52699	49037	49794	51753	54166	51740	120868	47552	65865	55045	122207	49018	50739	52814	48704	52215	58606	51861	52301	48821	64877	58862	65665	48682	50159	50546	255757	50710	199833	47783	71866	50370	49554	46635	236229	112587	122273	50222	51366	52714	50704	47233	61663	45341	525445	
214160	49879	48219	102649	48322	48426	105627	50961	47361	46671	49531	46149	63084	47504	47440	45389	65087	48345	45559	48416	85463	47699	66175	48094	86993	47706	46439	45765	50352	47278	231318	46625	51259	67785	47639	46447	47568	45312	61282	146671	52096	50192	274049	274431	49860	49240	198254	46380	548035	48244	49193	48057	46709	50574	46975	46711	533279	46720	46063	44938	46875	48548	47076	44971	55898	49172	49248	43967	48332	51312	45503	48159	43743	183417	46962	49928	231933	
222927	247359	230617	225978	214680	201569	771761	216641	375036	432409	692436	890039	528014	351203	197005	224764	225097	209525	230743	214713	234601	639993	446984	282158	215557	406459	206788	211891	215809	224025	210182	216908	291415	233249	218516	210943	213082	227122	216810	216446	530808	243893	219462	209559	315194	476323	471324	415507	220872	212974	419486	214355	241283	234934	218693	222785	264086	257143	217900	421644	214576	226463	225591	377916	230903	218972	241224	243208	215370	220155	236094	268770	241293	227306	244435	210226	205180	
