241379	248164	236902	237548	243524	524346	250305	257709	806246	444705	261969	665340	715395	886156	414677	759879	341040	686142	235058	247522	278563	392545	681132	325233	479411	505627	498078	500706	227986	250342	384003	547894	228726	503309	992038	226674	239732	500054	590979	753534	286573	554957	317197	450053	796933	225977	426102	1.10612e+06	468498	451686	228986	796503	343378	552073	221749	227437	606032	383403	539148	477867	516410	226397	729487	431168	498985	229739	320876	551445	236872	312111	243686	776386	413427	856972	235058	468507	371590	
226594	91780	72137	89550	83215	44009	206490	46084	157712	107354	44288	161077	101176	84370	44550	43726	81400	61768	60946	179840	76015	48951	104013	91462	61313	43374	46199	60567	259155	160476	187135	211654	84993	49694	173527	47085	52302	80116	95014	49569	48981	47022	137259	76210	51668	118180	104613	44899	47122	56269	59555	104927	238482	57043	124239	75821	49475	105972	213851	51314	56480	328836	54889	56300	69647	84982	61382	254481	44485	68923	102653	77746	51544	51692	199803	86989	407785	
497977	51361	113688	55016	62573	215814	49861	52694	44116	77439	49280	47349	80044	148293	86661	117318	49170	293082	169335	53820	45868	117925	45304	99010	71431	51195	45970	55194	53644	48059	82638	81539	49339	46391	93223	52000	46547	200115	189963	214765	70860	132616	128236	47051	52433	50066	50876	58478	83967	131448	325126	46043	92479	47129	44777	91100	181594	42790	49001	218080	48291	93737	167135	126105	127596	55073	112129	49981	61164	44836	48374	146987	229044	57208	51295	45398	230523	
361609	85270	157486	90818	45605	69741	48084	159597	75285	164693	48639	150220	45252	123855	99232	262298	112614	125200	244292	58879	46292	45007	213233	78316	77220	213076	135771	48977	183115	61000	97579	111663	230872	182357	48399	96180	49398	244133	632672	364195	45695	50312	92305	126220	48795	62298	81757	53465	43654	48190	75462	50229	151999	326923	158428	99225	53465	217462	135605	207837	179545	65121	56426	69641	149201	56911	143253	111165	48726	110646	173421	47460	112990	42868	63519	83080	1.07899e+06	
226500	47490	49139	72422	66442	61031	118956	77229	532952	83885	56491	101162	118195	84022	205364	128686	108702	48904	102993	52206	135948	170106	46900	91870	111752	112966	103904	50020	78871	70603	73488	48468	50267	47743	66993	74033	49941	109030	88142	74914	81500	52288	92980	54827	78679	157944	48177	65131	141883	187360	49354	68854	54834	244439	111755	475920	99771	42852	53321	217833	110566	63368	111021	47842	113991	195652	108704	47945	46681	120233	160386	76227	140021	163144	47629	45912	434626	
494929	72495	74329	46476	78801	54460	161014	52942	48476	116331	89278	56558	59293	292594	49003	193535	105752	57487	45883	47285	76234	50268	152487	107994	140614	96850	138207	50966	48129	84354	119558	104768	49297	85452	47478	80431	89344	52730	136634	51169	154768	51754	46542	51910	81165	101400	220372	53121	116252	49434	130647	47410	46068	102178	52182	51406	111941	49083	83504	49144	44842	51169	86014	83726	90158	53667	52719	53373	87753	47247	114413	53134	53235	53843	148753	44473	228656	
244828	52314	261542	213293	119202	179328	68765	131117	50149	82955	46196	237857	181480	145864	143379	49271	157310	46513	108326	116196	61299	119837	41817	80101	128934	47066	47781	69811	67298	52866	124423	116943	50486	64606	52916	176806	82029	52326	237001	50070	120015	50992	91422	69321	49291	49892	51476	847504	98649	107611	177461	46552	49144	60826	165237	51593	50211	71188	325132	93333	98722	167675	110023	79624	47691	99479	91183	46940	112926	88910	120125	53464	49735	111048	52484	121619	351557	
714282	104840	50686	124560	666596	49543	233802	71402	153854	134907	82302	46209	48276	208810	117612	61272	48669	121391	57593	118666	86217	52576	52631	53577	52917	85807	45220	59041	59047	90779	48691	50702	85934	48993	102784	52774	93898	158958	212955	60572	48788	114840	49206	54621	48238	73023	121399	51395	79471	46607	83647	204747	135385	47723	103091	87078	80640	52752	94643	48454	103350	147809	60178	57157	75194	74835	57058	54694	55168	276299	70574	53825	101876	208429	50225	50909	585301	
235183	101508	73887	49126	52001	50498	49000	171092	50514	136252	51764	100527	63080	79389	50864	48329	48980	60993	49270	49989	46786	77682	49066	56857	54263	110611	103682	125603	48520	55937	80266	155118	161484	49794	83727	90961	49454	57114	49474	49089	51475	51243	114725	49096	49378	81332	100323	54661	47873	53627	113605	52454	54643	54273	115339	268678	64737	61720	48678	95783	51829	52273	53796	81233	51468	102017	240199	68573	51741	99831	55723	49251	52166	176911	53301	97126	239071	
1.10733e+06	89263	116849	230888	46457	104274	77796	102273	48312	100804	87722	68450	96350	50595	50879	58299	54139	51099	48060	80715	48142	90396	62200	116292	48425	82055	392102	64524	48001	116114	76203	50226	50614	202837	150698	80714	105658	54724	52871	132125	55256	55026	146835	55348	179762	114582	51825	72585	48803	47998	81148	62586	95672	58147	86058	191338	49972	47778	82640	79066	156216	74385	60288	71283	53014	52209	48067	57514	304793	111158	49596	46975	76896	120062	51544	47016	268879	
470557	58326	52132	137007	120735	46347	116406	51445	49640	49010	115894	141790	79323	70874	47479	47558	86799	48488	120463	242333	48348	55327	80257	50324	133088	48948	46581	47383	50859	100351	86257	45109	59240	45924	116028	46627	81333	115466	50573	154346	46105	50675	50386	99149	522359	49717	70307	146849	53232	106095	47513	75201	46288	183587	49324	101730	46538	44213	69438	49244	96408	53671	111233	48458	85272	298236	46320	266766	113238	51853	60518	103025	47201	70322	48065	82878	386204	
218271	115728	48790	164996	50678	268167	46014	259992	83235	120856	49611	83203	101467	103256	44919	46505	44978	82642	91979	116136	46283	46729	92025	161643	76201	153635	113783	55142	95769	44992	44981	79220	270221	69903	97003	44437	129083	46752	62210	45721	320354	90395	78774	57080	51219	216077	51458	47741	119140	104315	226918	114355	2.43261e+06	116486	56039	52470	51042	54081	55465	54388	84540	144037	46042	49865	50679	51055	110595	57445	61157	52268	118006	48077	115878	45543	48190	89770	502541	
272557	49460	106568	46907	42089	46263	46606	108135	44840	59574	54100	43028	63627	48465	93297	49071	175432	117434	48836	110027	45340	52032	101543	49210	107162	50142	193654	212869	46716	40047	42940	50335	101688	46556	50888	105270	49169	43576	67801	112355	52354	52989	159263	52808	58758	56107	46290	206076	45950	105158	51130	51432	52113	51538	49213	114566	99709	95188	46297	69675	49125	46628	90199	54304	46975	90589	274979	46859	96496	49925	97492	57965	47554	50839	48643	89158	979430	
446029	46781	47235	51937	48956	47543	133937	52469	52604	47053	130784	82312	140781	56533	129598	49782	47562	111574	49936	51773	48611	46309	47370	52123	50938	49556	52128	44869	48905	45963	79648	47923	54525	55219	47579	52146	79459	240653	52995	52335	49610	85697	115118	48479	248718	99719	57439	115767	47889	102280	47904	95412	114547	44992	110107	112752	48085	50207	47371	49127	454959	46145	50503	51188	47160	57265	53109	45932	47456	83992	47619	49255	49323	63736	49482	46126	545575	
265559	117366	101165	69349	99294	225466	47993	44845	47392	91524	123084	61705	310613	53391	53003	147630	51173	51542	45372	123384	110263	48184	43682	84336	47637	62341	47963	75130	44508	47396	190387	46522	72709	83690	49776	51106	170770	137155	96424	87610	48488	207804	53669	43000	50172	74326	53104	51322	53566	44551	66799	48348	89972	50104	110432	50891	49730	55654	140672	75118	193338	161213	51372	45408	46968	48933	47539	159678	86380	49475	46821	117911	76321	47446	122549	46615	1.46225e+06	
440053	47909	44924	45689	42526	107357	143908	55827	49803	76043	48729	53802	49162	50975	52828	142824	215429	51693	65235	49047	55841	50570	48915	52744	76973	51203	52532	132173	49071	134589	52236	132160	144190	45263	120738	44799	70718	118220	43081	75924	52661	44379	44492	143896	46819	72931	46027	54666	53730	92309	111622	53872	51182	48513	50123	71408	63617	49395	290292	55312	69139	71705	50935	47717	206897	44839	46311	105659	212098	56635	48050	73894	47575	43254	79937	48472	793356	
946185	43594	46369	51657	121948	67057	47619	102021	101515	225766	45467	75869	112952	51651	45314	42795	56381	51235	76384	803521	54121	91426	221877	55391	116795	48891	48035	205912	178311	51565	203218	51542	147998	49289	52461	72006	49709	47074	45338	121857	41277	48342	47837	71850	52742	45684	133719	50667	50365	54924	48535	105498	99815	69482	50869	51260	52837	79420	46302	219701	76752	56854	49747	50730	91236	48416	53206	241852	90825	107013	57203	81669	46418	51169	50250	45350	475788	
261193	49539	127878	48672	43824	46481	99305	106284	49741	71481	44845	51187	48640	955339	115935	351834	47089	44330	47723	51128	58577	66497	85199	47301	51025	47221	50291	82785	145528	50929	56784	50458	49427	57593	382814	138986	51061	51457	48307	59539	50405	54435	62856	76192	52683	50039	49038	165770	42731	75423	153033	113812	73709	44136	44208	44708	92597	104204	53301	46359	51014	51707	73285	49610	78131	55178	117755	49680	58840	270491	50258	51635	214981	111575	115916	50262	343626	
1.02947e+06	51264	47901	52887	112221	49076	55569	277619	50454	45093	47380	138580	48163	51287	78693	121510	69532	113406	45948	48497	47394	71638	48279	110415	47340	64324	46677	122260	47314	56905	212687	63404	48039	79494	50363	53806	51495	183859	56724	77587	48520	122856	48885	306381	44538	50131	50463	48350	49430	105387	79632	46217	44817	51131	47300	50334	155797	70914	196652	170514	45261	46392	84299	119155	67142	94226	48571	47379	69295	151147	121737	51097	105251	52783	97179	46279	311250	
226961	88097	59791	50679	208996	51002	90922	247283	49897	114815	50241	110869	50281	61471	46478	46232	93154	44243	829833	61828	50791	97853	193624	47245	44755	134846	184853	46509	116693	45541	77019	152685	45725	93546	46675	77484	47659	43999	114622	164897	138803	45786	44216	57662	55892	114758	140132	77062	101923	57948	55703	46920	53021	46661	145019	259817	58468	58588	107976	50909	68251	146112	49448	107441	144354	51872	154577	94819	168095	135102	45066	44092	197172	47301	114936	45999	249410	
281219	91442	48232	67462	82483	45993	50289	58858	48562	121381	132618	48397	215798	79608	236654	48537	56945	130884	51987	138916	50855	327689	58024	154903	46333	50592	164634	46811	85019	46535	79033	99544	44711	98754	49879	46184	59062	51704	50779	104833	142393	54583	71545	52365	49273	106268	142716	57011	41170	58541	55953	90388	50399	49414	62359	52545	405948	52751	382856	51161	50056	41942	54104	54401	51298	46259	59304	65040	118597	81285	80679	346130	52406	47829	47105	117166	240521	
225011	124008	183491	329483	48004	50688	62160	45890	1.15455e+06	76667	117181	46493	44521	49756	114140	54189	60726	45834	50633	45095	51302	233859	61818	43550	81838	50016	49524	79381	45809	122002	187784	52353	200479	77984	159357	49147	151380	57101	117351	87471	48816	47606	74533	50100	48462	47329	99691	67919	51950	165789	703568	83677	47405	279834	53289	41837	78788	149101	42482	75985	108410	51201	53089	47382	52703	372412	70127	47943	62865	52005	80295	78622	109302	61740	53288	53358	222918	
673184	50099	128027	103540	121814	48446	50044	48454	86643	44324	112497	49355	47492	187813	127006	48778	44998	50666	117245	70577	46527	47126	157804	68086	52824	542963	54548	48528	45221	49407	45947	73724	86827	49117	106201	51622	49762	48846	51487	60244	50169	46832	46063	52390	51229	106722	260022	48994	76700	55369	50184	246590	300291	45917	45932	52486	198269	44592	48067	182948	168929	47742	150958	50417	49310	49549	63064	56828	50097	51060	46908	47305	44831	107619	45477	49906	229279	
276770	51841	43785	41634	55427	106004	144650	68250	60342	58122	97970	52691	68252	41426	117496	55214	50211	55826	45445	116689	62784	76127	67770	107166	52993	46909	55158	45790	81285	211192	71431	69605	51210	426607	102032	56517	101786	68657	48412	45718	107047	116451	959506	43508	76342	190568	70479	45937	41122	43090	45613	153791	122619	45143	42380	80995	46731	48177	71012	52769	401658	76110	85375	51011	93315	122413	49843	44758	59776	71655	107581	59363	88742	54205	53415	73622	225504	
533143	42376	48870	42225	75572	43213	64592	47075	45029	102140	55352	56958	70046	117319	128525	42022	75142	45313	44786	78292	75821	53217	107684	44919	47448	51866	104448	167083	86068	46104	88836	46898	102631	68290	112572	51009	46007	47623	311252	51363	72207	47540	119046	83733	55989	76830	91905	291257	51195	49602	47764	67733	135108	46319	46647	48146	262596	46503	70145	69337	46783	77614	73448	178368	48674	179056	80870	48828	53980	48902	517264	152690	53520	93280	49126	76053	250444	
248860	118067	133236	53498	46673	41261	94201	49066	52350	208428	65861	41825	70877	170759	73208	125183	51834	41016	45053	125508	197802	363227	78085	75942	186546	47070	78373	68619	73232	47151	105828	48527	48667	47290	71834	47819	81277	86282	158675	48616	120823	51038	46533	49925	71659	49885	78716	46588	85935	56388	47177	49799	178244	101814	68137	248704	163359	767280	44152	45201	48807	48340	49723	80917	119850	44863	118648	76891	89589	86587	49060	43223	46774	82809	54054	108466	618923	
236621	48954	49282	68606	50813	101230	163430	51573	46228	119549	68252	85369	88222	47016	46682	49357	62759	73335	184092	122240	50063	83016	174159	191361	45514	103451	106206	114506	166234	46734	77048	85489	46308	108153	292697	46991	49946	44519	96449	86032	42253	82430	115572	47113	71040	48294	94236	63375	46617	49254	46911	108669	52597	403776	48472	82229	95958	140137	56007	67950	48220	69480	77108	96548	103419	55925	48609	47620	50681	171574	70941	117171	126718	147873	95196	48855	224897	
225574	48186	96840	43539	99579	43743	149364	47041	320361	75069	48631	84792	114449	47343	249234	52675	47689	49055	64387	281027	52780	187600	106088	186807	76411	51457	258687	50163	55420	211616	79077	184063	46386	74857	184478	181534	50093	45063	50717	84805	58673	269365	53024	43391	51921	46681	79687	124904	71423	85410	48485	47956	47760	112542	132679	413429	381680	60783	50397	49917	67701	45354	49729	52582	107148	107870	70514	47110	51319	49666	45319	51195	234373	100606	91445	78105	472981	
486734	70383	81685	51911	46570	110509	52762	44992	174795	104951	47981	97984	47240	57199	46949	171282	96378	72538	45104	47320	49781	62281	75719	158660	53670	105771	48837	205311	50563	89331	72640	72217	50175	45375	50244	123479	49145	75500	51519	115296	69970	97434	90985	46314	49466	38844	47461	252510	81341	150281	74663	69404	325804	50276	45816	49715	167918	118777	68559	95552	46197	51345	49749	110861	200484	105485	49162	57994	50722	60071	49593	37095	87375	54599	80340	152000	226797	
630538	85570	49301	150691	56820	107397	69896	46134	208651	81775	101433	48460	47296	105382	75067	120477	2.38701e+06	97533	54803	57519	239092	83262	97790	63735	70620	102209	71761	64112	46490	88461	118982	106768	162135	85915	81274	59611	51890	59787	57857	89099	51002	80924	102478	102334	49185	50866	50327	52994	73574	99186	44486	110604	194403	83032	81592	49687	63384	49569	109720	51021	217445	52991	52807	114906	101006	46813	50705	130803	99392	53594	110020	124293	264725	45221	141187	44985	218072	
234567	44386	47684	107640	46342	81259	48204	106753	59199	42972	145819	46238	71147	98900	44369	41395	59965	45766	45603	74956	232599	83022	45928	44240	73934	130948	49901	46259	60565	47258	69800	38355	42206	89515	47925	43939	48323	90207	108819	70363	51568	82551	58684	50608	47163	45927	46183	67596	48105	48703	74147	48453	49573	114849	47099	85413	58143	94015	45367	100638	49107	48523	168088	77608	86588	47888	51578	44486	44447	70904	147277	45427	48186	169840	36753	75042	256490	
287598	67862	94811	74940	155839	72071	103364	55083	66507	121390	58270	90078	133491	49499	39368	108041	70805	52227	265678	41754	101534	116217	49860	107215	47130	71932	85647	115953	56410	89630	53956	50132	49346	62866	71982	46777	54093	73483	48507	110248	114387	69908	53584	107620	58549	83879	126362	53888	140037	52843	53156	67849	55215	84976	56628	101038	57685	47869	61803	60749	130441	106980	48081	47889	150860	89600	45666	168307	46438	48420	111489	59450	86399	57686	71839	76314	234112	
491339	139559	54613	46102	102331	79266	50248	52919	47886	48710	50396	264797	58740	117565	81587	49565	78515	59578	46076	55579	49338	116797	127675	180980	111340	50499	133364	56102	63984	42889	49352	42390	91918	121494	50753	66044	55023	85049	95569	45798	46629	77799	58706	102679	48415	44796	55929	80664	52060	48161	155144	159655	96656	47708	147056	51292	52379	116977	40657	69143	43473	48169	72401	87489	50462	105056	73107	50795	50327	47061	48743	53809	75578	51153	47545	53133	228568	
265999	45403	99183	87678	220224	117388	65397	141513	51344	95611	272913	89506	49381	55302	72936	74315	52082	56012	50272	77551	79667	93696	68849	118595	85350	96782	50390	47944	58657	96847	135512	79288	48014	51876	50167	85761	101579	53499	122672	46432	50782	118937	94217	48932	50549	109374	71967	64548	58226	58662	51830	44736	74160	51887	58432	72905	66220	199231	55469	50250	57365	48815	96611	53304	239809	134285	52865	129500	53144	71530	95093	70445	47261	54019	57456	47495	457635	
372623	52181	53209	49382	104566	151049	60001	81325	135313	50919	55808	91069	50803	45460	112367	80558	72030	49069	58076	282028	65261	44471	45846	75107	48025	119378	51519	47307	155110	123775	47845	55452	78333	57240	56736	49077	53461	47802	45663	50491	46559	51331	44547	109057	107450	46457	96187	77659	46328	45644	47020	105246	50808	53228	41693	66390	52682	46194	51029	84329	54757	189005	109583	67342	41467	124411	54742	49962	48953	58804	70505	245265	88559	49613	147746	279251	228102	
241215	112023	47715	99142	70818	127531	93849	99288	122513	127609	46379	87913	83006	39621	46535	107673	99976	479026	47723	50945	62258	136117	47887	102853	116075	110034	131025	66385	79593	51568	45294	120411	606359	56633	72478	43805	51414	109126	49176	54212	88644	47298	133902	247486	84069	161534	46270	444762	42593	49922	209508	103960	54438	66481	166090	44690	49099	51992	110431	60494	44598	80994	62188	61756	133412	49221	47028	102899	84121	126029	41883	47549	39692	78424	47120	44527	465284	
220026	71568	46619	110468	47737	113017	44029	119418	88062	45114	75205	111022	53139	195592	44426	45459	123219	69715	43428	41308	46302	105818	119440	67811	304167	92206	164121	58839	69675	134439	46685	258689	41258	113994	44570	43146	45581	46451	128739	59679	52520	68713	47901	60968	252881	220130	44307	45200	75071	75268	61370	46952	82627	50566	147024	47363	128684	73026	45481	46110	48348	118394	42234	112448	45988	49840	55965	46560	49699	131510	52805	43665	50165	78648	65338	145750	235184	
394385	65100	58736	46576	116304	47847	51121	48587	83360	74810	63924	82873	64722	52142	48625	72417	225758	57382	105521	49027	118213	85899	49465	56243	71517	57330	61697	51909	55674	53056	88776	70386	223400	49405	51005	54231	177820	75207	67873	49862	102516	73921	105481	82535	49524	83311	84011	58827	48846	118945	99742	126396	37577	43831	47081	48029	92228	115893	47134	118572	128534	184798	144066	52554	136053	48792	49923	72228	105170	50130	117250	60241	58581	262698	49759	49005	440894	
385529	87529	79450	47277	75181	72687	48790	51885	94116	59876	93179	66359	54994	48161	52728	116488	133605	243798	101796	53201	100160	42804	134845	65853	44117	71522	241421	45556	44297	78509	44646	45132	48312	94638	57565	77022	50586	42611	37569	109632	49156	48168	44954	114646	101759	50531	269613	57830	339331	50934	46767	120047	47896	133668	35833	118291	46215	45891	44660	63417	108758	44328	364165	102268	80455	48479	58106	45395	46663	163786	42177	48991	48718	46738	107551	77155	265684	
1.24602e+06	46030	91197	112392	107709	134260	107070	43077	92665	45958	45427	99816	46481	50790	52194	73833	52762	252690	94745	48695	85615	68641	265680	48310	50272	47311	49632	172519	68570	44577	164311	106970	47877	50219	45341	73725	46616	54043	118820	44201	50620	48516	45149	99618	63868	46529	49846	49658	47830	52274	46301	174569	47616	264046	49529	45933	60875	142536	66465	49396	50165	47518	56348	91862	84316	71345	47087	96856	46484	51725	54193	68728	50854	64010	50454	42001	224116	
340240	71494	77408	92434	51331	48454	49669	158167	43227	101138	130013	166881	78460	230023	41049	42083	269822	50316	43531	76859	91630	50828	43152	62453	68755	104061	251863	157536	46319	41895	113446	68103	45558	76743	45787	112555	46276	54301	80914	50227	51249	78866	53873	52342	51032	56371	100891	48250	72071	120227	84629	53717	50717	110293	54357	133972	138622	98766	58833	56548	54422	43692	73005	46590	51692	45221	82570	88681	44557	99350	50810	48647	70352	85697	46269	390421	260091	
1.34743e+06	96977	60033	75185	48283	209355	106062	217975	53064	81724	110846	69564	50398	89584	48542	49454	69816	45836	91407	71464	44487	66722	45300	382629	48113	308855	49173	124949	110060	92347	146409	44658	45049	110320	89361	48506	52612	45001	49164	71295	50101	466613	43678	151533	46748	49767	110719	105008	46065	42856	72721	42837	39751	50323	47794	50551	47023	199458	52885	99150	46853	81503	65417	46878	48244	135427	36132	109440	50465	45503	81036	72734	45743	99883	48084	43076	1.53878e+06	
264953	82910	74175	48307	43984	48668	43671	61087	120543	115654	52229	47577	48404	137539	44782	51342	69055	51204	121418	54341	79047	47421	60577	45046	109908	53946	91973	161017	58758	51239	46973	64285	53930	131247	48352	94503	507085	137753	78707	43928	70079	81162	142212	81637	45419	122934	45869	74722	80014	53109	52990	39916	113892	46806	52901	115611	143716	111314	130688	51935	210600	43531	37908	47200	273265	76710	188265	80918	44843	35846	41062	44847	75045	69657	76137	596772	240138	
224977	105758	43234	123916	167827	67321	86730	48663	104888	111718	64622	44538	85806	44084	49406	110685	58551	43222	81997	41834	54194	47645	81928	45308	184681	81707	226193	41197	131069	46607	120452	44912	46548	47028	38463	95387	75673	97190	99848	45235	45327	113828	44310	48967	127606	51131	88678	126162	47603	54561	119498	46191	37870	50908	331556	51465	46018	47021	59223	45483	47276	103336	67865	103043	202499	47057	45553	49537	186001	42502	43109	64393	68644	113962	46817	252464	294052	
330311	55208	102368	46439	105778	66007	44371	48877	102937	61745	219743	49959	118757	87083	82971	42853	44977	44981	96415	47894	210538	162507	69102	111840	50706	46309	72669	44747	42081	82559	54649	48201	102485	77814	59776	77753	47631	94908	126219	51513	46476	55668	53315	201664	71082	57128	101678	131347	110050	268907	55296	69662	70461	44320	46880	43741	169188	48488	134960	67781	114219	49284	52240	47587	76909	46323	147104	99698	47052	79234	48384	48845	41225	43512	45372	61571	229695	
445525	62333	40588	43518	49542	45624	52590	49559	84232	52009	151758	113150	65991	73526	42194	68673	49999	61059	52428	243831	97822	48186	64289	56624	45306	43265	240249	47029	225461	45454	44638	49048	78309	77128	50696	43693	202512	47263	56185	45688	87530	416329	130829	116148	49237	47452	47265	51080	77436	115614	46154	55600	50561	48024	47192	88074	59753	58029	49222	59484	90558	50544	49229	47386	51349	101811	47025	44766	107036	79135	54800	68026	50627	51657	50404	51888	1.18002e+06	
474274	366387	48733	65059	111381	46482	74189	426750	48891	82210	119355	113726	68406	46873	121524	50496	71371	52833	50561	46367	46987	69481	50805	61758	47441	78954	81797	66675	75518	56459	98719	81779	72070	47566	47217	66991	118392	72054	51991	67686	48749	72114	485854	49099	54556	48153	61627	75929	103322	53631	51874	49896	108457	47352	47087	48809	74579	77306	87224	47982	133295	48112	69265	44040	48036	43161	104042	49210	122042	103910	46410	47586	49538	88883	67489	82270	539944	
509731	51192	46694	76879	48963	57067	44974	242433	60656	46408	179614	446529	81632	69204	56555	45033	103247	155833	49030	48432	48169	48717	45799	42213	67626	45270	81883	50278	46815	46128	46723	49658	95716	58043	48369	65644	101164	44058	45898	49071	70049	97903	56365	81099	43719	44841	44064	47586	97890	90374	47062	71199	94134	45171	60118	92256	61284	187225	49225	48630	108241	44805	71993	46772	45213	45317	66095	147310	106703	138416	48597	113574	98871	45882	45023	48859	273226	
553830	74385	88800	41651	64455	65424	86028	85787	48009	49026	59544	106646	53501	80582	157831	46125	63244	47861	112020	170874	44126	55902	123219	119886	99541	101803	46736	433408	85460	77222	110399	42744	126093	84726	43366	62424	83485	44710	123759	52853	98944	51655	52401	50739	67656	81496	52740	90444	44050	77743	47831	50302	60202	47785	313217	50210	211004	49148	47619	279589	66372	181657	147131	153785	109618	50919	87548	81263	219622	138523	64040	126976	56870	42069	39956	109643	353816	
252594	47524	131765	73230	57611	45682	132814	137497	72110	163882	163852	126738	47822	99173	52009	96704	56662	153533	147026	166808	76736	85209	244149	80370	49727	56342	48215	87151	48407	47031	46622	75881	53023	47273	48885	50146	233427	45614	178063	69860	47598	67482	83085	308703	113813	52366	147323	48183	50033	46284	52467	134865	50147	72623	132956	47415	46669	93768	50351	47911	150692	51227	71333	44036	43956	46424	79798	86703	289350	79213	103935	92845	118626	46179	52906	49974	254677	
333760	67091	45048	148686	166578	47658	113371	46561	53839	50196	160157	41983	143871	89286	96394	44857	45166	96887	117201	53303	186128	43472	88969	96980	186343	69727	114759	48825	70685	39123	53461	266694	82281	185902	78895	48511	49381	51700	245858	162597	52206	147822	93563	49217	45330	86457	52436	42350	104953	134180	58553	127029	47518	46138	40944	104078	128450	268179	119449	42431	61562	87013	47714	71265	48118	168276	46533	207618	48693	69551	47548	240439	261512	142347	51310	50275	286405	
297676	47833	101423	47452	48546	121382	48944	44910	48406	49839	46660	46230	93754	46256	45442	53855	50066	50789	49606	135709	141275	52568	53883	66748	52177	249025	51235	165587	49113	66966	127187	71427	56216	56643	51035	49025	49163	51152	99148	51375	48969	176950	178649	38024	42501	49407	97580	48379	155601	47987	54032	51226	45172	111582	44304	93282	58998	78580	48194	51566	38727	315287	47874	56083	47874	47175	107323	47361	55752	70306	46420	83177	48000	49154	50010	86976	482505	
607509	130697	50305	49341	46684	77312	53402	52889	50215	86131	83199	60761	51444	87985	116526	54613	144765	53047	88970	87797	80900	173059	49676	47073	43314	76266	70754	47864	61656	61434	51992	49831	63969	65492	76894	82289	59164	98296	71221	58069	74121	52806	45566	54225	88268	63782	62647	48450	164459	244352	78084	44325	59873	58367	152525	49715	226133	44172	111409	55622	44121	60208	49206	73200	126799	50869	71666	125120	107741	104220	48691	42450	62357	47927	47535	51018	230488	
474990	51174	170285	51900	75146	72036	50123	77023	59173	152358	152584	54963	148561	62666	55657	242419	108897	43307	212560	51597	45136	271890	77511	48550	55582	67343	52445	48305	67829	84135	56583	112504	78785	49587	52649	51177	90171	59933	72841	67645	45688	50473	52849	119508	48744	54682	71779	76946	45584	207951	61207	75332	76481	81710	54012	60421	52444	82782	169721	52508	201061	73263	59201	171477	50592	51644	116825	50513	45479	49273	47335	159123	53290	113613	74417	72360	1.02829e+06	
411688	72229	46186	42801	43929	50761	47342	55070	53073	94596	53005	61528	58474	97153	51071	50252	74405	85063	96286	46295	123404	74668	48434	108909	50549	45339	339205	51205	52330	58615	49295	112292	75673	233988	46132	48417	47977	66145	121185	73644	45163	45319	155379	45443	47801	51051	118793	62895	43148	114281	89351	43988	74747	96086	85460	46196	65297	50900	42870	43833	113853	49758	97561	74885	49597	178042	92551	287267	86843	110066	52020	50410	44733	54396	47897	233202	1.09165e+06	
319342	48207	47764	53022	118364	48836	88329	223665	45387	289341	90786	44913	106689	102738	48613	47440	47553	121174	343025	53442	99577	46835	44546	76979	41624	48378	132943	50129	45999	105110	56375	111999	51379	47951	44296	52399	53409	56093	129910	66737	199312	60453	49404	55947	51706	47606	91048	71922	165606	70334	80011	54236	50954	191445	56733	55418	82242	63261	96184	146321	100247	123777	55220	53252	57968	101645	55405	47657	91908	399953	45969	59208	47261	48115	425439	57130	423533	
1.12734e+06	123505	49834	52790	53033	66736	71602	45404	100469	49910	188222	73335	48352	48164	50074	43959	134235	49018	52105	46932	84113	42417	189643	47218	123194	110784	45839	52990	46948	53315	42629	51427	47124	42492	50193	43770	53770	70301	52771	60770	73885	71663	65627	65729	102012	45099	49366	50496	51765	87570	48380	43124	49222	267684	58450	145054	85795	57541	51850	49118	130137	48909	98572	60051	66007	453815	54860	78978	73944	51003	48862	155058	128688	48627	71166	49182	243099	
404704	49404	96023	47294	81687	75201	85438	81814	45203	82777	127004	105679	104780	112955	99730	42282	37719	45805	44615	77973	47463	184181	109347	75755	46124	115871	44429	47780	49311	73122	163200	89434	195053	103514	76342	108975	137117	102767	45160	46729	59113	42568	41978	47745	47097	71378	75623	54965	49614	49090	61727	55134	52417	67152	106115	52103	114191	70312	49797	500853	83424	116202	60169	50466	53067	90903	51297	56298	128985	56246	55051	49691	119257	85488	59389	74204	252147	
479633	50444	95810	283570	78536	58070	119297	81722	43436	79083	116551	47693	48123	47545	200090	328672	49609	114220	70222	45371	116720	60449	131998	51045	50725	45503	52268	79186	108619	53877	62676	141792	41973	47391	81191	67965	49744	43576	58896	134896	52012	371372	52079	132946	46519	127575	46512	112634	315143	80046	101599	49992	45342	123102	45431	43297	52439	42253	45413	48378	46375	109251	85723	52612	46093	51937	52866	105188	141531	219741	245099	48418	110511	53824	49124	43009	272954	
277617	49765	201499	83659	48348	56704	48022	47162	87496	48601	107126	51820	65870	80611	111153	120494	84984	48432	44929	93216	56270	55779	46570	78390	70095	50032	58781	304928	113193	85062	80486	50427	111714	44849	48567	194726	47301	95886	93026	172962	92661	70717	52871	48169	140046	47950	83934	168126	46920	122847	79609	44465	48549	146444	94045	121439	47463	112278	87967	45323	44392	49479	46683	48401	59112	114961	46574	106311	62187	137865	56432	51892	100056	81975	156442	51832	245858	
468081	49958	47040	39301	53834	106357	54009	57672	51672	48148	45269	49295	391842	120393	115431	278336	37514	52742	46769	54779	75229	47966	323853	50720	266761	277084	49770	73050	122923	232498	62427	48832	49656	46380	47487	80934	93306	55620	71228	69413	67498	44629	48902	45982	42086	122403	50105	81522	45806	134940	220153	47450	115605	39343	46819	42779	45622	47205	43195	65056	117216	56911	190167	50034	277729	45428	45729	75285	71539	85762	64988	52648	48760	61584	47453	43257	208391	
731857	67073	163064	310142	77700	68425	46108	79804	44990	45268	67143	116591	106091	570181	45474	47554	50993	181139	127223	43068	118982	110212	141190	42171	44935	43449	48260	82150	84896	46131	43873	53867	69493	51320	43386	52676	97905	73644	50646	67637	57600	92366	92797	114373	42712	57746	72999	116914	51136	39740	78121	44443	46249	58422	396295	59063	79922	122214	49390	84009	75149	95631	55984	56493	45885	94057	75683	114322	47425	53126	106586	49045	167266	219013	242524	69241	481802	
265558	50060	81450	103660	64190	43898	41547	43394	40562	109002	44221	88531	44429	44619	90004	46551	108081	90806	44109	68395	59846	61240	70524	106152	44558	81682	82829	57256	59975	73497	90639	47149	46265	68348	62940	277898	102057	49573	95417	46996	58342	116048	59333	111820	107813	353430	326374	128146	53732	57098	53490	51610	65427	277530	50497	304203	48406	52538	42476	50765	114276	113596	48060	101982	64362	121866	42628	41941	96272	46106	45534	50461	51430	43474	57343	69646	535323	
225698	47829	42410	107246	46533	87141	82305	115798	46736	107063	242573	41236	44467	48953	71473	59413	45866	45537	83207	107365	51762	49454	111082	58178	46686	126614	49263	80708	72755	46148	47723	44169	78136	49431	46601	118024	44153	46026	62303	85955	53332	80539	94504	51327	106227	47693	51817	48825	51204	78528	77911	55590	51169	294654	53673	47350	483534	52553	64603	46868	173025	117471	116574	48538	54812	158592	227157	52578	151859	204490	103221	45746	55271	42810	67805	46993	227743	
258823	43753	41281	87553	81468	50738	49466	117019	90431	70021	73079	71657	180673	66004	62228	109272	98433	88697	101655	69181	106270	110925	64123	75768	60026	57905	68081	387437	47461	90043	70591	106002	48721	179011	51748	72039	48177	43768	104811	230997	46854	49817	179093	49456	129715	45620	81041	37553	45493	416274	98752	47166	44037	46735	46351	87437	70768	45091	111544	45157	82996	44359	49415	50477	51387	296925	103154	46368	115295	56515	91303	87490	68637	46237	54489	76751	280625	
234267	61440	44148	114602	49270	48442	74370	62266	221723	52823	80392	42981	61558	284473	52234	81028	53328	161642	82808	309014	88460	47104	49620	224320	49315	78604	93168	112632	48315	52503	50952	61901	94102	114121	46988	47859	45822	39877	246219	44710	61315	44665	45722	82934	39719	99744	52049	240370	48826	50902	88014	40309	48090	45204	72502	51327	43435	58000	93870	47023	109197	80143	121194	306149	43327	47736	47715	52228	49156	46645	48664	81148	59865	55449	66060	121320	284095	
250509	68604	52972	184586	52627	320649	67800	63527	255966	257779	46410	79855	42034	181661	266407	76134	63141	70990	276249	40583	49763	58436	106681	49263	105187	119070	59657	66015	45947	57507	140403	59396	67378	67013	208639	47174	90909	73209	74002	45832	52024	50624	46468	49144	66382	48561	54576	46421	67314	63975	64313	57647	73699	96547	47461	253906	125925	74970	52781	50598	63009	104413	51411	315250	209962	50445	51487	46498	47448	48310	44703	71437	49354	46719	240562	102081	292141	
259427	46471	47079	47881	48499	325278	69790	49684	42475	113382	70294	50461	47974	96030	165775	153405	48046	42915	123281	46823	47868	68309	55184	44718	117650	57825	55807	81401	145997	175399	44994	76318	51706	51913	44796	197562	74576	48145	58074	49914	147710	47137	45605	62870	90179	43501	56405	115420	51165	49278	48699	43137	51498	48018	109434	77154	138043	63457	59541	50964	49753	51717	105660	453910	46380	47973	167569	66721	158405	48254	82938	43113	96965	48275	46616	45986	443546	
244156	182061	64195	133035	41429	48052	49089	44288	46569	69831	131284	112416	67819	47507	41515	69134	129773	54631	95988	36287	81976	300021	53463	57562	53478	48667	101859	52994	214847	41041	50166	82962	46669	54046	54306	46544	292188	78948	53050	168330	218653	66461	47238	79100	49834	45196	49577	70761	47160	112787	48271	64459	130991	49870	47380	100206	46007	57428	37335	43858	49473	53262	43513	47294	72725	50671	109986	91278	50094	210696	82406	50439	361438	64728	156504	50628	235117	
235112	237641	147517	43725	69373	47603	51907	64698	46135	112381	84742	72062	76974	309756	112616	49959	48964	72293	59247	48467	154300	123760	49262	52099	191171	47821	181137	82012	53477	321312	43497	166552	88405	53505	96086	211143	43069	106373	47344	259036	116312	46294	37555	50996	53376	69437	89007	52437	90303	62726	43353	55671	53114	206375	946648	100600	51594	124429	52264	50257	88401	54403	90612	76230	83180	70738	182117	50554	42938	49408	45408	163554	163574	46216	110882	146499	235189	
397029	71902	43774	68267	45317	104044	43463	112648	193055	44889	44899	69516	88816	43668	300754	49090	51241	128696	258900	122348	70595	261987	43406	65655	77034	43894	102970	59206	111582	70253	53685	215801	42669	48577	41145	80191	52574	313593	51098	70207	42340	46989	145101	103746	54899	37183	47537	48004	114962	54690	110408	66248	48418	88207	51241	66598	47363	124869	46497	99274	40277	53109	189409	48491	40684	177767	48906	55431	49387	58052	135421	55437	102128	86251	123560	50308	737165	
245826	51990	131848	72242	45912	70502	80027	52501	112182	53795	46650	71738	52789	53905	53874	108609	199964	320736	350448	83832	110922	101153	257268	49621	40570	48956	321498	49449	79418	60402	51595	65562	47557	72544	279365	171825	84751	63200	49432	51365	48953	141913	99687	65159	50325	47249	54736	300982	68202	92353	56739	105948	52181	52115	40715	70011	140598	346328	55908	142719	56799	119884	181737	62930	44590	75267	102630	59892	50455	55114	83094	186034	52988	316104	186884	50697	314683	
307760	48921	58995	77370	174310	145579	109731	66798	93381	52239	60247	119599	45753	405600	52639	61847	50068	74480	100560	74967	258194	52572	143830	67540	106809	51031	172255	129320	52706	54081	40212	322471	209345	46968	54595	145513	64785	50106	45286	86585	62375	95728	59121	53169	80241	50129	49406	109498	42806	136686	47669	67760	50023	50766	157104	56610	55824	78791	150241	69878	77056	48441	138524	47421	52646	62633	120203	62639	47665	192375	48679	43406	52494	48107	141307	54923	774252	
231286	46345	52053	157767	64676	374468	98340	77051	137375	55091	52386	81058	61209	38992	150422	74679	49889	50552	73084	178669	54592	61936	43345	146574	70014	118451	943918	48800	219263	86233	239858	44598	116588	82304	55591	49709	70253	135895	188163	54619	53151	54468	46481	79913	151682	39829	131813	47821	78003	65461	104467	66638	54771	137782	53501	116107	223123	56636	75559	48165	90431	323142	41876	76004	89395	40924	151487	233514	58702	71169	172476	76072	55965	49563	58165	99789	306780	
247907	78097	59938	58517	374452	48868	46724	138940	49006	62039	53733	110927	52854	49900	174540	167907	185239	145280	101912	50219	45823	54226	96890	48923	44783	50814	93937	63464	68744	105610	227042	79148	70270	50152	63898	131093	46966	339638	48525	115538	50019	47225	115255	52875	80758	70415	75771	48218	66551	271797	98670	58167	44082	55904	46706	38705	143158	46879	63325	58178	154639	381597	47358	91751	59478	174198	275977	115291	47656	46345	53047	52225	77816	216365	53112	78929	256620	
484694	48935	55820	48140	87648	127858	57808	52329	87258	81243	125200	48660	47025	116189	121477	55560	44096	52491	53503	167394	46320	65547	134377	197900	114240	110495	54347	50073	218705	152747	78262	261774	52473	81922	195443	50552	46861	46586	52597	134187	42238	48568	74579	281039	389670	40116	73835	186866	71340	54877	47470	51648	103173	43372	107497	46554	52824	104389	53569	106834	49167	49428	227910	129210	204482	53309	161677	51978	51245	49482	42972	139810	133047	48020	209347	55857	339943	
282439	717144	295593	503510	1.05033e+06	314191	815273	281409	225250	698425	722046	532143	1.06153e+06	1.73695e+06	1.21564e+06	905006	281372	259879	724530	307137	348095	295932	466373	223794	239117	269959	317644	491722	327439	938366	257161	1.54072e+06	278164	509434	760629	248463	258359	511131	335625	406906	251396	680638	246608	846866	482706	378454	1.26124e+06	282213	247316	269466	606349	295637	1.02625e+06	348449	498386	261175	227653	254541	278538	492715	639856	338971	689456	356362	347252	299859	225934	243438	249857	618801	419096	456436	250332	480791	252113	239621	245493	
