365698	250120	434669	288307	311082	658956	675073	355856	230677	949925	484645	456393	737959	441050	531901	596977	316569	241275	862969	313959	290659	391821	680063	674857	281653	231839	508953	939693	550520	301084	273401	997631	883393	1.0881e+06	1.13178e+06	224010	269991	418442	1.00926e+06	355999	288303	231885	860612	388409	704682	915606	659642	714533	238542	293699	335302	695546	275447	242006	277313	1.02295e+06	833337	311850	309029	621781	332740	800215	286703	800506	488544	1.39601e+06	345102	270418	746981	973080	1.0254e+06	1.04144e+06	284077	594051	837993	268778	315099	
289941	104707	52125	81392	46265	42732	64624	46666	126584	113072	88618	43211	42637	47472	44950	99245	80704	42765	47102	47400	46815	34365	51622	43468	122917	49002	75863	52351	126869	103764	111578	45357	49584	47869	78238	72136	190825	45275	178934	51071	47313	106369	168403	133995	137957	45044	74668	82099	50266	45852	67057	42557	44356	45523	90363	183310	120201	53091	109734	50653	54049	45635	59699	42067	68293	60790	48076	283010	47159	80051	41278	96718	113035	52378	101142	75887	899699	
285450	116812	50861	87628	39490	208833	48959	40203	49504	102194	170702	195110	73063	40839	165060	230558	159886	44921	353906	49403	174795	104245	43692	127324	39739	49695	47587	46665	84061	48299	48295	61134	58356	421956	81356	463710	141117	83778	188351	51983	55354	58916	515270	414991	57779	271860	165862	53310	47711	110257	80711	45769	97122	58861	46632	46431	65275	140240	45178	104738	44406	52937	75015	424127	101059	200841	53595	46151	41268	49189	95915	67692	44738	56839	96102	143772	269628	
955285	105523	44312	48996	44827	64623	83494	42027	112842	46021	41433	44924	135828	79040	184981	50231	364789	55502	71604	145302	45040	235337	59943	58620	53371	79718	48154	109742	113357	62760	157216	49096	45005	45600	45331	57050	115154	152405	118256	56379	47575	47843	80326	45538	185386	52511	113988	102657	42164	62632	44309	47796	41588	63553	42565	68842	75956	69725	409719	225334	45041	37418	87896	46392	40700	338418	88319	145986	195580	153331	43347	108244	45997	42731	42630	241691	334056	
511205	156792	73635	45391	44689	42026	74746	40233	106493	43982	70965	55429	142425	44699	48393	41604	107667	252979	137181	45128	88578	319140	359425	82212	133146	44025	48254	43031	88765	195565	75171	46399	44288	263929	44473	146362	54043	60793	94870	88131	69813	84959	108424	51260	96676	48345	54887	42309	77391	282770	48215	113903	294688	117572	55625	46841	119844	77215	292962	48849	49613	190629	73235	45497	47518	84645	49105	49790	73990	130385	184174	48446	68933	89628	162291	359785	304619	
290319	45024	120585	67511	108587	111885	47109	121832	220737	41981	46779	144230	229108	71367	40599	79067	113242	48262	161696	56075	91031	189458	73134	42050	221677	47436	192712	108330	149814	41551	45760	87148	114645	103506	131964	40609	48742	50444	81624	42288	53032	88540	128111	178612	60583	122808	42458	63096	53729	81203	70186	119721	86286	80333	228629	146361	43723	65384	52831	92940	149080	200784	149274	167986	48272	342605	78574	112860	115577	260240	63568	85235	47250	55575	177080	111634	1.18788e+06	
769375	50980	86526	51492	189026	320397	319031	74998	88195	42317	53265	89711	90341	47326	109880	43724	109577	74484	49390	115311	71304	56849	118751	65381	44386	69252	115481	198568	42682	107799	46689	45869	137311	117485	59014	45487	110036	83250	48838	146258	45407	212523	133310	42463	52695	52061	80250	184841	46147	84915	96181	79355	102617	72247	89315	53089	81167	45003	123071	65767	43839	62019	90943	69111	59650	69944	89857	126170	185671	50243	61541	69989	88778	51804	42901	58621	1.31998e+06	
284659	40636	74842	48487	113568	116565	81745	46601	52373	48754	69315	203429	185155	170247	77855	44672	126226	45900	46265	161760	198124	44800	45153	74574	48474	175289	79904	73969	40784	43015	48862	137675	160939	41950	78152	54011	92978	57065	264211	128629	41523	208252	47369	387862	70130	49323	52875	112097	109954	119751	126156	180696	45361	51289	65448	161707	473253	43353	595340	131624	67366	41938	76510	45044	46355	193161	133196	47839	46576	55323	47539	229741	108591	52231	321417	46724	808040	
1.68668e+06	74760	77717	50287	59796	43240	49298	101670	48962	77788	51038	72762	41011	46363	130781	47403	49909	46602	49169	114085	460452	82964	107200	82862	51192	130082	49784	128047	47637	52922	66228	110995	54355	205206	146220	90903	77866	49338	52799	45821	189977	368170	195629	136966	103492	45678	76480	93600	56623	79657	46694	69037	56661	101804	99627	51417	116365	124865	205982	78051	72188	71995	52395	49778	172848	121364	55531	80757	48079	80437	51750	85878	49330	60926	79937	49811	1.01073e+06	
336004	43975	110186	113821	135207	47393	143518	51153	51314	84337	113401	100871	50181	230616	49426	323435	44916	52751	73999	82516	62716	122662	42167	75611	170291	77590	125963	57642	45782	47102	78575	434680	71403	175365	40339	50664	173628	49427	86436	156270	44988	149986	151597	46941	61925	77857	114957	45554	83038	54141	101048	177446	46090	51955	122286	53583	186985	53505	80549	45751	123578	53122	120724	193126	83738	89601	81674	57456	53476	47708	50261	127885	85064	79876	52989	48794	500399	
1.58624e+06	46087	86477	179053	402214	46822	53993	46405	46524	113218	146711	129439	228756	57175	122306	52740	91536	161354	249499	45284	69862	56053	50058	65562	81216	77443	101571	48984	100330	80150	139305	122104	138818	52418	222119	50523	46716	376445	259196	52021	61095	150428	53523	295856	145074	66423	81802	60333	47846	47649	134037	50655	78513	52306	54841	222224	47826	175294	43301	52846	54317	109967	124177	55470	37864	139852	92480	48073	38605	49563	57241	72088	54102	52972	49637	91525	286954	
1.15951e+06	68650	75351	137264	123152	102272	64886	41753	50592	118691	70441	76947	54907	119643	45122	48439	51649	144366	113678	71771	43763	219403	52063	86971	76035	51319	148694	174399	67119	149389	45660	98539	75852	61213	233303	36708	155576	119961	63829	119919	107427	75968	53215	47420	78095	38844	47911	104213	57511	47654	316230	116415	71673	59495	46206	46176	71454	92028	255821	80344	49224	50468	212448	43832	45400	92700	74430	107628	51309	70480	81296	43740	43920	78512	86822	115457	649990	
303097	42554	141622	43676	56399	66732	76400	99613	139886	39187	46946	119215	109558	64399	49100	72029	46977	111542	89416	48710	66362	176898	49205	394256	46039	414977	208715	369763	68219	427386	75185	43655	63876	126140	136588	74525	45772	187036	40150	46769	46284	54367	117063	42002	46846	228987	48734	90462	44805	59407	52362	67904	134793	54679	41701	51103	97527	77938	58463	151283	40256	62972	44889	49018	121620	49795	47368	110005	143852	73744	45523	87042	45479	44880	55986	90438	280282	
867570	247714	44256	54123	46548	150060	98441	57381	65776	54479	111006	73090	44772	100941	114210	57148	59503	57731	40448	67926	324105	43293	173346	45801	132310	44944	177630	48049	207166	44989	78722	134990	356167	96835	43746	115004	70958	115237	41641	45170	116178	46325	145752	126764	253519	75707	112212	48450	44606	41109	113702	477938	43255	46772	46439	41534	63121	45682	64228	164200	78411	76440	48320	44607	126482	65899	45255	191806	41294	83272	65059	47172	45026	142240	44636	77005	545538	
222548	67526	44652	59147	71093	128712	81074	64208	115442	111169	139150	190499	44212	47540	3.38343e+06	49442	125071	43194	48488	168976	161875	128304	50508	43762	43245	49956	79099	82234	46498	65194	204041	44120	40967	43385	113690	67961	128074	48274	44140	83992	37598	111374	46209	46597	130754	58571	65595	40707	44124	56502	48165	54931	104105	128452	45384	46555	88613	138774	103606	49000	48128	80677	177492	76643	45619	74138	49082	79109	77908	50574	79249	42991	73166	75053	96093	72092	275649	
295906	50726	71585	139314	44873	114394	151049	37323	72679	70769	73883	44473	37193	63873	104593	95939	70608	62868	122097	38845	48901	104579	68209	74079	99941	38734	72956	79998	68772	47633	65990	85128	77155	38470	154664	69881	51245	108313	39772	332026	76931	73855	70481	62666	108983	53942	48821	89306	42940	66575	48779	81353	72317	64091	64868	67114	74827	43116	43772	44627	96564	98160	66920	74533	85897	43977	91347	66980	47154	67321	106704	128557	112472	46963	115372	112926	392888	
278123	59260	65936	55922	57769	73478	117676	77307	112451	69143	89876	45438	108873	37111	46600	73773	53209	196747	40834	82557	124951	48286	57468	70652	133454	68386	42763	76479	73266	81184	77009	48105	46126	102865	39826	109277	65442	66826	49026	45063	133230	111198	47659	64211	85288	67743	52423	40802	53093	47486	75473	65731	48676	73052	130591	78314	62397	70763	44257	47925	54756	113457	84309	48004	75798	66122	78095	46940	96927	134586	50950	63811	50544	108168	53517	75267	530247	
237228	43880	66031	50761	104693	128501	46609	61332	74366	46175	54531	53997	69277	109304	49086	47264	65603	47769	77521	61830	140741	129092	108805	39198	48840	77322	48256	54657	46585	68694	103674	138573	181913	56087	108039	51681	48269	86158	91519	111276	79061	80398	52173	93565	49485	133140	113359	43183	40919	49881	47020	48755	104898	134686	41451	173529	129261	96201	76140	72181	46699	64216	47707	51894	41066	54552	113009	48379	169041	45386	40307	48213	110265	51684	69827	73953	325835	
534253	46715	108471	42048	47430	51396	103913	101152	85335	40948	47776	106234	45665	188450	110620	46526	75700	41837	48438	46349	78901	44376	93783	69347	74186	73065	102316	43831	45569	48265	58577	60047	73265	75029	43838	52352	51634	79697	49095	193464	80579	112804	93071	44373	43335	95957	103830	80269	47035	44577	67505	65562	42093	45110	122332	113457	49093	47686	49956	138934	57170	168556	133283	138576	47109	44906	73754	77532	63219	50016	43054	47688	55901	48932	65005	128361	491281	
488353	50487	49478	79992	53168	77256	58182	76994	75555	71925	44132	46605	130046	47109	50412	72879	82648	64862	111620	44397	44585	54460	102963	46735	67695	108421	157632	51838	44353	45495	44668	101584	99311	60244	85019	118346	48199	155347	43201	44995	105639	72884	75358	49252	128337	54772	95537	47267	74321	36490	67268	51959	115992	223811	47470	89041	45081	35367	45135	75551	48217	79184	95151	65081	52080	49961	47658	112164	58518	34114	47453	96975	116843	43881	58403	50899	457451	
405109	67119	39476	107821	47810	70090	43937	48757	49613	95040	202990	81792	40070	47080	38483	48497	157314	49311	123326	57818	71270	83698	40447	89100	79008	47811	50543	139944	52234	99632	42442	114676	47059	49470	69413	142488	50750	41159	63582	109135	61314	78469	70585	108308	46279	114032	115762	45738	123509	105893	63528	51712	72714	108054	53156	111362	47672	87071	64853	111527	226543	64737	44563	48722	39606	83741	66779	79870	128433	43574	139971	49254	49212	70050	48921	48841	516020	
293343	84091	39492	46513	102635	47755	116910	104253	63655	49898	76409	70336	43726	46447	49528	54221	94679	237586	103232	43549	35851	114535	47208	75871	52492	143237	83121	68998	46808	78057	65234	97827	61191	49360	35803	43787	77714	82460	37710	86382	79917	113494	94465	64376	45264	76579	45693	68213	38983	48653	69874	56594	43176	97651	52411	88113	53387	52221	168998	93643	116730	58753	53803	44198	97569	128269	98989	51457	48310	82943	82661	65347	123698	46241	92128	66339	305857	
398002	101115	48438	55046	152610	152456	119890	40721	77165	89052	75093	80374	47723	64303	42613	49170	68993	115088	58668	132360	41378	80629	57733	70898	54420	108410	160825	113121	39748	100135	75487	135506	55299	50402	101309	43010	1.03634e+06	51090	63918	56376	103575	47162	69293	125071	88366	160960	52003	114700	91248	88332	172815	60370	71625	86069	50456	150109	50749	249957	84633	115361	72330	45043	108853	61599	46652	110904	66682	45077	54770	99690	46771	55828	109212	106210	43333	83781	400889	
498357	47894	45005	73421	120117	109120	47975	40547	44846	74006	46923	45147	107318	41741	42364	59515	173154	76276	84993	120827	45608	46598	43451	61658	72655	125328	136346	73363	68220	143402	46034	45620	78052	72800	80010	104355	107942	44328	41072	44688	49861	206034	74008	108000	46181	40652	80590	55420	93027	96225	46855	87671	99163	40539	44945	139251	70283	78595	49469	97600	39974	44542	78782	92195	34183	76928	41779	248457	40800	155426	50567	70148	108442	92202	83364	49105	226025	
812168	79358	75557	49763	201178	144496	78040	66103	45761	47154	53601	78057	60802	289791	76777	58900	47006	103783	130311	48656	80013	80847	58019	216418	48543	95847	47934	119113	167466	154640	62575	67220	321510	177671	45986	110221	316136	44631	122493	46131	47433	48143	41293	44163	94106	50744	51874	50410	128956	43310	51305	76210	48111	88611	98937	49533	53163	93328	85566	74590	108871	116226	100655	77179	135075	48478	54985	190888	36167	169830	140467	211787	235354	50279	41858	49686	250219	
581387	166470	35046	76967	45963	48140	54189	73824	60754	266630	160244	51770	46174	44581	76581	240920	119956	81640	45825	48403	87218	147637	48667	40518	86531	47324	143818	91960	44647	67506	46056	94671	83677	48073	233730	47691	83509	79509	46327	109336	68421	47484	239880	58893	79782	45892	251608	67536	49754	88939	196311	3.77972e+06	46555	69038	51556	196082	44413	99782	263228	48346	45670	92245	143282	46111	47536	165070	102505	41697	48020	40453	48135	205871	65632	136623	99553	48552	222461	
309359	122361	51844	79286	73322	109617	50337	76132	91223	93294	42808	78779	42517	103677	121901	111177	134114	43129	34617	51475	111166	80882	86377	147501	48504	101242	45271	98637	195080	72441	38850	42578	59588	42778	47025	77287	71464	99581	167530	70279	59302	49480	47592	46841	37437	112272	81632	68166	68099	45316	131420	49480	94242	46096	88962	53912	52600	193027	99583	71181	68734	109187	40569	48535	57860	72590	80819	69803	122070	44043	67916	125619	49156	103518	110549	73486	295017	
536671	40991	38965	52767	63723	237545	47030	78048	76778	39485	66760	56369	123357	48421	100947	119507	129015	65516	42552	46522	148374	64571	131211	76381	47670	47677	42925	105000	150787	46647	83306	43262	101888	40704	75081	169079	81553	191118	48348	41985	64976	76347	69174	91723	53409	43810	69971	48283	72686	44848	75518	66134	49949	68867	43580	48015	44612	68007	81064	96234	136067	48146	105065	48810	45373	63956	53355	101965	45934	75703	66522	101276	156458	49412	45080	44840	997071	
316906	104316	47060	72938	80422	45792	59773	64028	46942	43650	72515	99918	121098	41313	46047	43189	63946	67220	43383	44692	48953	66365	39800	109837	84598	45628	45045	101782	85150	99381	88028	72305	46745	43015	39227	48193	40962	44093	136037	103334	40180	48204	45897	94258	43973	131590	49163	108138	72811	39201	67534	49483	53433	88908	73179	48575	46490	107056	45502	46251	71139	107854	106881	141911	50308	54548	102771	44808	68246	105645	99502	49066	47563	79811	48080	46730	282528	
624634	74159	46986	48361	97332	44136	49049	35629	82999	182512	76290	48837	92240	47813	47187	97837	64155	46240	67886	50971	48609	49589	45409	40315	75776	44968	96143	50032	62526	97410	110967	50879	46697	78477	48621	76723	45723	49381	106058	38694	62362	72193	52848	44085	65913	111054	46375	52199	41891	82507	76203	44852	64127	140736	47719	52803	47011	47236	40890	47276	124111	75538	49114	97814	105547	45408	57655	50418	53359	50917	52087	133652	52581	45207	45568	49813	509340	
306549	42388	52561	55796	108546	48332	82209	83881	64485	85537	103219	45634	89571	50055	93973	44752	85960	45958	75647	54453	135455	51334	48129	115026	244715	51039	133289	101335	339111	51386	94921	47092	54750	47441	94200	47427	44387	137772	56317	89136	72907	36126	110536	77277	44549	50025	51416	122529	36157	52414	44723	51495	47658	50652	96447	122502	70608	62363	60677	42825	48553	109623	42696	49681	47598	68934	189606	44073	68925	48765	106915	66372	74903	43873	47850	54004	523932	
220588	104029	86152	73258	51937	47740	62706	95319	49473	89870	72375	49489	51527	78455	49803	73800	198965	50048	48312	54892	54408	47889	68980	44935	51261	74077	49358	71954	52843	84429	109392	151010	72578	46320	46836	90522	162282	49246	76680	51646	96048	135951	44913	44504	38260	56111	47327	104835	49300	43218	45644	47693	106518	70901	154606	50876	45510	138019	54950	130729	40082	104241	48153	180253	50185	63923	66575	80961	44841	83705	124908	53666	48968	106529	46849	45304	407158	
361963	46293	55462	56572	106282	77694	183133	51933	136416	45289	98000	45225	53880	48669	179073	51021	44076	44973	47523	47622	156963	66813	52434	48896	43833	51613	93980	79962	63719	47444	45639	113176	64187	45500	49157	50056	67177	44584	46503	63463	106258	127694	40019	50956	112919	51143	48573	49008	45000	98551	131215	42870	68515	45684	53315	47351	50185	78561	48814	45532	43601	143036	55005	50094	50119	45978	63530	51550	50489	36348	122875	46906	67320	77392	147740	128225	293960	
437060	44278	49982	56928	53800	126441	45067	63713	142850	67104	44124	45209	44196	47122	147330	48783	50418	94510	298270	43938	45703	42222	61585	36859	144218	113510	100928	47630	71553	120737	48787	50915	79530	49074	66968	69016	46800	46816	52437	129176	78179	48956	101445	54194	63098	76176	51116	47472	64578	47797	50620	123484	48410	48562	113078	70318	50660	52974	109826	47469	50241	65076	103595	92009	68573	47216	226315	45496	44938	50839	49875	60991	83246	45353	91502	114959	272939	
221960	46643	53515	81849	86067	46904	47365	70684	65131	44696	162431	120692	52135	47199	46788	36798	43001	142458	117351	34736	68645	74812	35391	76113	57537	626000	48571	65329	158550	99576	85594	43257	57060	32843	217934	111966	54223	120169	106895	67765	149803	88813	43531	50840	56048	46013	66369	50301	44892	47870	106949	49329	71890	75462	47501	32961	60985	163257	176749	136460	134167	135990	45488	45154	58016	56071	185294	188220	45670	79748	47449	69948	70776	48524	45125	124661	1.46375e+06	
313377	57267	46263	52193	113744	43481	256211	67097	242346	274165	114064	213984	77587	48586	222510	52507	71895	226978	44270	53702	58491	46251	99644	65655	101556	43258	70851	43520	106778	64706	52671	214719	78220	80071	174818	64753	42326	86516	190365	45496	100738	802112	70745	46263	44065	72047	185607	49239	108535	113465	269801	307227	52070	44852	78704	49330	123353	43494	202567	207718	46088	53009	82752	49410	77072	81480	117598	79810	59582	50856	126759	48805	278323	122745	123002	69530	560296	
464366	56636	47197	45955	85315	47249	42773	49137	45517	163189	178551	47724	44210	47716	55114	46352	78106	49352	77815	127773	100029	49407	68746	45871	76113	60793	121321	45213	114985	65392	45533	41708	53503	231440	286459	46985	48260	131945	112518	81830	74834	288025	99968	47777	43644	84780	45365	384484	48577	45307	166081	73204	69855	48849	121798	60411	122863	50906	324114	41925	67669	42942	54134	63068	44933	40061	112876	113082	51095	55987	123762	56248	82610	45247	46901	119488	637832	
644860	52199	45917	45306	75752	130134	46476	388477	146615	76256	269407	66762	51394	43004	87839	222484	123643	67548	43607	49847	53958	88434	46299	94803	236656	41209	76338	35249	184968	49048	43828	57521	168012	150599	117879	93015	43007	44008	69696	75266	48011	59356	41901	271701	107453	108316	92965	45035	129170	69857	109912	125932	224635	90288	52805	41514	226570	67977	106946	85818	111308	64194	314372	60143	197986	126188	293995	123889	77622	49302	43267	64337	98169	86862	49217	44073	776167	
548283	93374	49166	59373	49351	81925	70403	44681	67967	79288	48029	47049	217891	227033	46153	87533	188108	100098	45003	104393	63353	48286	36201	51458	70398	119880	84412	67126	49105	81482	50034	113510	598810	32134	50356	252211	63161	55685	106681	47681	105586	43177	45306	82872	61740	56887	55674	89400	64500	81728	99058	57672	566631	45250	52579	58309	75181	41308	146129	117674	100710	113380	53054	203790	248971	52471	253660	53076	119384	47526	49549	50450	49407	114760	48745	290833	469584	
268849	40066	178295	41980	42681	47757	42146	77007	58725	43952	79052	45337	71532	67409	130403	42217	66140	126037	46856	53988	49231	66303	65616	82336	66136	47837	64869	45502	62699	44145	41722	136169	45496	125772	143360	192680	107619	51618	80590	71633	50070	62471	60677	46573	290887	113829	42581	43445	46645	107520	56038	147745	169889	82773	42824	136720	89540	75371	34466	46058	117678	44173	46692	70886	315998	175178	45387	114255	45152	42585	73300	49087	44705	76216	49840	110838	451260	
332714	49607	71005	42615	47317	118344	383215	61505	110393	47498	188076	42717	46176	84432	44163	52936	47857	202519	38630	139673	44325	181507	78021	108461	212729	38545	44881	243309	118182	74793	42020	44980	46399	143966	48941	40550	64735	55115	42414	47678	32120	55103	331516	40296	357082	217561	32789	42870	107630	64701	45517	214694	43829	43822	491945	46291	154959	52110	43252	46404	41478	33154	67627	55739	167695	59878	293498	38177	154053	43069	141488	172617	212320	40236	44538	42331	301165	
592054	40101	45271	41501	118611	86222	115099	155903	44393	53413	240072	47662	69470	43732	41971	131460	114513	117755	42674	48484	44703	54841	140051	57205	194656	151434	188387	120540	181355	85392	48896	135422	68480	43852	129390	183463	46159	45283	486723	45472	40433	34102	49470	80499	134848	47623	46559	200509	44595	455914	32995	43973	46361	276424	63369	168254	135392	199984	45899	44369	45643	51720	41343	86269	43153	69713	42276	105486	127831	45211	84212	182230	41964	84709	50745	100887	592827	
349170	50022	88579	83037	151269	49839	48412	46112	162610	107958	254980	192133	51442	50758	43904	47553	123632	33225	44290	73604	191015	95689	46699	40445	50518	173410	43008	36366	41951	45234	81645	143172	103240	64043	123481	42413	44962	34275	67245	36494	43379	51330	50592	45118	33292	125381	50629	124575	105135	44209	75992	63480	44815	51347	51490	130763	34700	115825	44110	43371	120568	114965	46136	130968	43014	239765	745102	47731	54493	98461	34566	43003	292923	109642	92597	34284	625656	
269844	40797	44752	135205	117728	91857	66260	153391	167019	64947	41521	105352	80077	779870	43775	100264	61446	71369	57224	70995	72844	85647	107953	32517	88780	43330	32302	92552	35222	108832	118293	288983	49038	36349	53341	52476	181278	45687	142121	53161	175105	64467	42070	68446	49363	138669	100244	118186	80155	43349	87129	67410	75799	50042	62383	43723	70153	48542	110969	40451	56793	159582	97601	46073	113417	48347	45178	52992	107411	393956	108381	41927	54746	41802	45253	73217	475416	
303876	40942	268487	76829	43491	401636	33615	166327	201681	140409	67614	129488	40744	117248	125813	82241	40063	63458	138382	43835	107558	51555	150182	74555	43318	228320	85940	137475	115369	75945	59021	50192	46602	109419	73905	188216	95837	40884	47618	45722	108749	47642	158529	126757	42580	394577	90437	71834	42967	91910	40936	40717	111543	109463	105377	46850	50107	33798	47609	46725	178530	45346	86383	46192	103810	89330	77780	53810	122634	49790	75941	77170	140643	419190	48080	47740	498653	
1.22172e+06	48507	47104	106376	61092	48168	43936	97808	87747	54302	128798	48885	53871	44689	59149	164357	40580	72143	329629	137501	144266	48263	126971	45367	64383	51120	157082	46317	44573	110283	49594	75430	41819	69080	125670	43810	49482	54165	120431	117737	45239	52902	47060	82679	49312	44733	49217	55803	76708	102193	46918	44734	45568	147794	49671	39516	51605	60954	82884	49534	44917	84235	251304	48328	101516	43822	66771	51076	47425	44306	50629	98175	552886	58162	49176	86453	272293	
1.0998e+06	115496	46544	43686	48236	76372	67240	42872	80505	51533	44678	44990	50518	107511	325304	45013	122821	41936	52303	74961	42305	45707	42503	87662	45811	77111	44664	47793	80057	56216	48639	215948	49042	72562	42769	270168	41749	80797	252902	49500	51910	84156	42494	45751	54361	42266	165807	53009	333212	98611	67347	51750	64591	45065	106517	122571	153704	49456	45845	42832	70307	42076	69189	67614	54375	45060	86696	80758	49205	44547	72389	94882	49276	57684	53276	45519	223696	
1.25654e+06	44461	109784	77384	49185	112355	61447	33807	49133	42270	54440	43160	102638	69704	48874	247377	44649	64897	102976	49823	46375	119323	56175	50995	44201	45457	43049	86908	73519	59811	89673	107983	43400	48458	65913	53691	43326	142198	44964	56919	44442	218860	125078	43666	143520	46710	101242	101658	47435	140600	84991	96837	68438	181452	102388	44667	438700	69832	162086	68350	120542	137281	132541	50274	51642	84741	115347	41765	94578	42731	57414	48608	95138	44644	50457	62734	236203	
622656	54068	51178	76930	42530	431846	81544	83276	144200	52449	81924	55361	47126	42598	53676	55980	126906	53734	45024	48689	47581	84457	36720	50306	169818	121223	45540	50068	40297	45236	47706	51330	61003	90640	71236	43953	55469	50834	54861	168434	74092	44752	107357	117451	204736	47017	53081	159227	113080	91738	48397	46660	47768	303606	90087	46895	41429	381551	63732	51723	42868	48030	44902	46173	46883	53417	141878	51077	175100	44744	139264	84395	51009	44519	48673	132324	295184	
310548	52266	44590	79784	45897	46485	124730	46410	73527	46653	45008	44419	234482	77778	54084	98980	44246	43930	44078	106608	92325	82135	42831	41559	261466	45142	47473	89461	247561	43035	83354	100743	32692	43920	44655	167884	187953	46575	82043	44914	45510	44589	109713	236390	247293	47727	46425	176781	130218	42973	210267	35352	42621	244512	43946	91980	101016	68446	69279	74938	50811	48628	130526	177691	486553	64249	51127	48496	46392	85688	46503	158078	78841	47400	72219	68925	218345	
345918	79478	66634	48184	134916	100743	95781	127129	93316	83927	48073	53446	51290	176308	47022	126460	49981	61608	52122	46321	50430	48961	183463	76953	149791	111583	49933	65717	148143	53075	50572	128975	100689	40476	99732	44915	92941	42249	124437	51703	157491	48053	94911	71071	45116	48181	127439	104779	44092	132634	311488	50055	48766	45608	93724	107593	144406	49947	140862	110935	154960	65718	50155	66780	44939	59237	235512	145426	48926	44384	50596	260643	141246	92077	43681	84938	1.25401e+06	
294266	114676	146677	44448	73613	66797	42855	165860	127397	73555	136975	89832	33341	145149	215618	51368	40385	52825	91051	121092	74343	33282	44731	44519	49748	273599	62862	186878	82326	124631	44252	46547	94162	54819	56126	120905	54962	83314	128459	40620	43438	74548	45998	152954	70079	179418	136973	138944	45537	125343	191779	44188	75021	77011	76962	80536	45107	44943	61137	275971	174107	65666	98856	91665	207888	114460	81001	51782	51665	83666	48413	49535	147913	43572	44982	74928	546089	
639266	45247	127405	41854	289673	76474	42935	34763	43894	44076	46640	129676	140643	48043	60590	50182	42498	89927	43420	43103	110688	222518	110453	130959	310996	42051	44581	93099	43438	79275	118296	40489	57953	114586	42492	36368	101914	42006	41354	41399	161598	85346	66135	75242	467087	44049	41882	43480	43387	109543	74877	64250	44534	42155	79170	168348	166186	85094	102062	41196	43598	500621	151139	76357	41728	44881	126642	122115	63624	78287	120481	41599	90426	236458	82022	133197	281798	
750902	203480	75764	41447	40983	245363	150497	165308	41025	36881	47530	57909	117047	58376	161300	40490	39702	42183	34908	40565	54853	42298	42183	36147	37493	137807	74412	40833	225980	43033	140876	172479	39204	119611	78467	37269	207164	40056	193245	40415	332758	91147	227537	69961	282669	97406	130687	143028	88299	58418	35455	80902	71041	46582	35115	45461	43014	41646	75821	65540	116038	132961	45151	47802	64587	76476	118091	84072	177255	50090	43092	75037	50854	68483	99077	178840	1.09578e+06	
493704	42808	101818	41701	194538	78814	134224	132335	38490	81113	154464	76419	38479	216181	330148	122498	37632	34633	135176	75416	92945	176151	47314	39816	280866	45824	44410	74684	46379	130257	323341	210755	116831	134164	117550	39540	34627	32733	78818	38014	46040	100776	209165	39583	35857	81487	156953	87888	43357	40089	484428	105329	77961	43044	75964	34737	78644	47000	45768	79702	137785	151868	116578	46465	44683	76178	47918	45323	80130	42121	69004	41747	46238	115334	80526	84132	428343	
407481	38819	174446	41193	40868	106426	79595	48054	100624	270959	111274	47342	98240	119256	59050	211999	82844	82425	80585	117530	70040	94780	65757	59291	101782	39015	75318	103911	42995	36207	189570	34793	38142	110394	94170	301993	79969	59658	160343	48094	102238	92734	118612	78167	44630	40863	127248	79275	97728	67382	84541	84473	106101	71331	67811	41201	43943	128337	66144	85181	47465	83349	40521	79491	45516	240327	77253	48091	166488	90640	87727	83322	48845	43044	129561	43689	540356	
533229	215599	72482	100683	47841	56864	49843	77365	57884	256694	47510	33643	130086	125714	126107	285706	45318	88479	52825	35503	63322	58935	79024	68490	37891	134807	46940	42533	63990	93596	97279	88300	148056	47864	175401	49747	100261	57685	70445	42011	180432	45514	39678	67649	45333	109182	121383	192994	38707	46738	49905	73089	58969	64223	43995	35510	94051	42554	167899	48530	96089	42468	56183	44013	136464	92289	210353	43286	78239	51305	140115	52493	44840	41497	187788	153095	603919	
358738	53450	44367	44155	49880	117202	101341	395047	122074	163356	67234	129260	175844	78157	103532	146155	101412	123696	100486	249838	42094	106140	43346	290732	44313	119527	39347	211063	108295	101838	44289	43132	75056	34725	82321	33020	80028	100752	46682	80035	122921	119588	90749	35513	48384	81443	61789	130418	111278	96668	42904	183360	41154	48533	50232	128834	52288	41137	68000	69980	40709	104793	54469	119652	110689	190948	105387	66936	78534	226278	87493	265909	262988	65224	115653	120971	490580	
502040	66591	39805	66591	46186	75525	189276	44778	49117	41161	49383	60177	75567	43034	80966	39645	63747	34937	45991	79585	280049	49910	45968	67713	41607	112820	75207	107890	233767	150008	40031	90341	89984	47888	74589	99584	40639	41214	127111	130818	62339	89502	119055	59381	149082	47575	136292	83668	43157	66876	135469	62019	39710	105319	90232	380998	61514	75800	50366	333036	46342	43622	86658	97841	45341	48545	49188	105745	114852	77625	88984	76943	79722	46758	36784	43373	294316	
376713	70121	97116	53757	114421	53916	136324	47222	88538	42226	172116	75783	100711	122542	51762	90758	42093	101394	69807	37294	82907	160855	114426	109329	82428	77786	192279	115834	139201	203018	72558	33542	42985	82937	169103	139137	79085	77641	87910	210195	40616	42981	36715	141190	48726	60743	44398	78019	36092	99016	39232	175552	141051	94967	126503	70672	42137	65135	66729	295386	35781	48448	50495	133719	75319	61432	197404	80383	107221	207411	51194	170314	46485	89512	49453	242095	271978	
696116	94083	58220	118790	50677	120099	100638	111618	82095	34485	105055	48356	80116	104473	373195	78895	67084	53762	43432	294887	43492	109874	163025	69842	58133	50515	40346	43037	41337	46582	95353	205720	104886	36527	136353	38901	42472	104726	46653	43756	70272	67371	101377	40521	111395	45702	46184	79367	99707	42367	78573	82494	63605	46456	34902	48882	46361	41003	56709	76530	130422	53578	114120	118978	115812	258777	123462	41447	130734	404731	159290	40267	96931	39853	36875	96529	901518	
568476	45230	41183	117044	49348	86959	48639	130311	45151	82706	47480	93388	35533	43470	48803	45915	45739	41554	87377	84958	71811	85295	65654	47899	45528	104941	161099	39841	68005	45142	48826	48265	44824	64239	96510	155052	69909	76369	81565	56255	121074	44096	47836	91334	199263	134701	326075	73300	67381	50325	82097	51522	112746	119237	55622	43777	56191	169281	97067	50513	71315	198900	80417	168274	49868	41307	43313	66294	47010	144695	42731	90979	77507	117301	41869	136373	733665	
410007	312163	47973	87150	72317	119246	40647	49441	52848	55056	80951	46093	70679	41555	92294	94924	44680	44373	66711	36980	91522	39127	90050	48076	48319	46800	35869	83107	74015	113289	39813	76699	45694	81539	60545	299814	45539	46019	45827	80613	201484	86288	110277	157545	93388	56963	42831	143687	43210	151923	74854	42580	156306	57124	33760	94114	48555	193649	99092	74153	109062	80373	41122	41819	45523	50494	40333	92940	453947	45592	143285	112998	43104	127573	65166	41657	1.0809e+06	
368323	53623	80803	105587	47138	55427	47739	95850	117335	71475	197836	70401	136362	192976	129378	41830	79271	75827	67473	85440	34865	41310	160121	102390	34302	180235	112583	40451	119726	152836	112995	185651	144931	72602	87035	206486	68046	97343	44735	80877	200970	43072	43750	79665	39271	48053	52076	79579	80665	51449	71692	116016	51659	115105	43490	57843	35437	45027	144010	130608	100652	105872	87384	60204	111861	234688	403098	120562	46087	167617	98107	69654	171273	67072	80836	64401	591711	
432718	64975	142419	110374	87940	35970	60166	124400	191446	79116	105280	112260	41282	41100	45276	97119	75144	189011	42645	41513	43925	42291	238415	63468	197677	51607	41734	41974	46892	60794	44930	53341	86312	135833	71703	44008	36170	146196	71382	300708	114190	43242	131252	129151	98895	44510	102286	65435	114511	44767	68304	74851	76965	99854	63721	43635	45499	121164	42017	66647	164231	81453	46648	69355	165034	106033	174498	135835	54691	64004	63216	44413	113058	126094	43668	47817	488572	
246458	139339	46587	130812	41814	102253	115026	189285	93387	146964	40954	228081	86546	242633	213446	93841	193832	31941	40123	78086	62736	240039	319480	72356	41313	73101	112817	43261	40847	190912	41423	113350	86340	43301	79657	40517	128287	86286	42143	47980	45527	96130	40789	43377	45048	97831	97903	78245	44097	45670	164371	67994	79705	44361	41180	74707	273973	42366	44716	100551	51644	45168	64307	128044	93173	135604	36657	98127	44402	81662	45711	42117	48072	83241	63423	296512	307586	
346221	119209	99659	564607	111210	117395	65215	110625	67168	139654	49377	41737	106686	105695	36960	132144	40981	109353	278757	42087	47604	71194	44019	42122	72054	118081	41951	62185	64657	71657	97681	62033	87476	102393	44055	74863	123929	244517	85564	79592	72099	42540	108257	73448	44192	117038	80752	81273	48417	47447	45977	572348	247205	88578	55682	42539	47196	135798	46303	90508	96475	37061	112751	63087	78651	242544	67163	53474	42974	67967	97016	110354	230947	43662	41590	52810	624789	
1.70147e+06	47711	87652	127075	75791	109852	140684	45384	73296	79896	46297	107911	43475	44146	51846	107392	45763	44940	91864	80078	42910	46503	83976	127190	37458	44892	44991	120699	43683	124114	75711	44795	90542	91508	45763	44028	76131	123660	54525	46181	45982	46683	43285	57855	99282	51636	183838	44401	132626	44350	36523	85048	120606	162377	43427	92653	195047	45883	38090	45244	51865	190006	45161	82238	95053	146685	143302	85273	79240	46467	80728	68419	165129	60011	119589	96428	559670	
543020	51560	106067	71393	130511	133524	44472	46542	48834	45791	79708	143817	67197	99052	42670	80267	47043	46605	99137	80819	81503	42265	195866	134665	45462	43046	78739	210660	149074	46705	47160	303706	108299	247539	331414	319470	84196	44307	78169	42199	75981	41659	46673	67045	109378	242093	43371	133633	91517	78335	246112	58644	48192	73653	67192	103285	173993	58058	65225	42071	111896	65234	202663	105714	41404	143194	77694	88933	80150	75561	348530	95110	43694	170519	176209	92707	579125	
350703	70751	45967	42605	75909	49745	198707	91586	129984	44904	44730	41588	44670	65562	99662	124925	79619	45905	54443	189831	49686	126940	139586	110118	42945	66036	89703	81884	100757	54095	112125	167432	79144	294160	316102	58947	44746	47286	69553	42726	107982	42696	35687	44413	45926	130374	111330	43910	202387	48468	41690	80103	64649	97104	46343	44188	44971	46157	43748	47630	90744	81707	125517	137866	47395	54554	36815	34696	80450	48136	77736	227047	50014	100819	69140	52425	285135	
297338	83483	61996	129133	75124	122515	128223	131130	118944	100294	148292	82016	236823	99395	102757	38981	51267	142623	40714	193942	33229	250168	96586	150759	46377	37344	137249	71159	44804	46401	79994	66890	53178	46512	191066	48655	207799	52244	46355	65550	145973	109336	124736	44831	47837	40148	46426	46059	129124	179289	82393	119797	43813	36128	124273	45885	90281	923164	49292	113684	44839	47545	52633	153932	34013	48891	195444	49088	77284	98973	152151	45115	97515	98939	79365	128530	316525	
324011	45532	93867	66575	42707	69659	235259	145208	84095	97952	48915	37789	82983	102115	80022	50534	60946	99634	107898	80005	48137	120996	66923	45003	89107	47921	519288	49977	69043	62470	74152	70365	56654	141020	74715	182301	45577	157031	47018	63577	102435	46889	37956	46065	41765	85428	62745	101682	49887	88803	152850	47645	44284	50344	96544	73312	195159	46372	42259	37685	87547	84588	43002	49683	65433	47816	83532	45664	52369	46233	42285	67181	47562	93287	49695	47471	273525	
232807	118393	48084	100862	78648	43781	48695	36830	53983	214390	45375	43974	51149	100420	70127	46883	35721	50089	110632	96941	45619	511476	105949	44411	97991	91473	142402	105249	48686	145285	43952	34640	45042	36263	98157	42226	145581	69997	46313	89294	141090	49144	38640	47190	46588	119817	393911	50050	79024	113729	36432	215077	89061	46038	44097	44348	53911	74474	74679	140678	45321	107910	47384	46599	99138	83306	37922	46329	78905	46093	78019	45714	73501	94755	75774	320946	543697	
259022	108455	92072	106587	184487	175325	82449	67594	73985	83346	95117	97932	40532	46244	69224	47453	355178	51848	46345	82324	43986	95963	38942	259844	106221	45319	60857	65815	72934	40742	122651	168699	47606	46758	44307	45721	42095	411914	83309	72501	70149	34527	45319	78765	45208	52877	48083	48568	147130	52200	47808	81734	111731	72849	62408	48577	46777	64555	48920	47420	44194	152254	45758	44473	47873	85580	163807	49541	351064	45978	110977	45222	61008	41411	472257	135225	437250	
255012	123279	33876	131625	146414	129485	46975	57618	63357	44457	112797	45864	149330	35616	63676	153357	48540	42988	68078	37923	47504	79985	86844	86958	52252	141949	48309	84418	142015	45141	62288	135019	47728	36794	53518	44751	115261	294500	115370	52589	36545	53825	87447	51204	62427	45281	49644	77017	75440	42804	71571	70718	50048	46372	44363	123084	77688	51965	254804	86333	78146	46786	112101	48237	152591	46409	54508	65591	68705	45407	72227	45368	47518	47845	101786	158916	733877	
513223	46624	340578	37866	135263	50353	603505	46145	47196	79083	64333	77019	81203	47448	48001	43542	71735	103392	167378	99846	42842	49115	45680	96996	73607	47183	75255	107339	202733	46910	160063	126313	44231	47898	88367	39347	78902	115677	119236	197245	104370	78031	117812	36904	62287	90293	590032	79007	106737	46699	44843	46880	82936	46569	154296	72011	93979	65955	79433	43860	67094	140590	84181	45083	73532	105913	43353	114143	46921	128532	73580	47747	87668	250505	43169	32655	333197	
531938	355140	1.1923e+06	664042	595563	353066	1.37039e+06	556145	450466	476789	859060	1.01602e+06	1.71562e+06	458998	512549	347687	319279	309385	451500	517214	401418	631810	521135	829721	238214	280659	510647	240523	230942	1.46041e+06	772256	481916	265239	367706	239592	344650	255043	657623	1.38399e+06	513951	413117	446135	226385	418586	797809	267521	1.16692e+06	305823	362324	294787	1.24893e+06	607503	304781	639061	349589	567302	503380	682166	530076	832265	265605	642339	273641	732482	259019	248018	659012	447437	294094	346912	413897	378417	257758	235367	237021	502784	490552	
