t	integral	norm	uniform_integral	uniform_norm	time
-1	0.128375	1.61984	0.0123443	0.119154	256249
-0.997337	0.128375	1.61984	0.0123443	0.119154	51470
-0.994674	0.111357	1.39869	0.0123443	0.119154	56485
-0.992011	0.10114	1.26605	0.0123443	0.119154	82784
-0.989348	0.0938369	1.17129	0.0123443	0.119154	48949
-0.986684	0.08817	1.0978	0.0123443	0.119154	60086
-0.984021	0.0835553	1.03798	0.0123443	0.119154	47104
-0.981358	0.0796749	0.9877	0.0123443	0.119154	84254
-0.978695	0.0763362	0.944451	0.0123443	0.119154	53173
-0.976032	0.0734134	0.906602	0.0123443	0.119154	94931
-0.973369	0.07082	0.873027	0.0123443	0.119154	48484
-0.970706	0.0684938	0.842917	0.0123443	0.119154	69178
-0.968043	0.0663884	0.815673	0.0123443	0.119154	49650
-0.965379	0.0644687	0.790837	0.0123443	0.119154	52676
-0.962716	0.0627071	0.76805	0.0123443	0.119154	56507
-0.960053	0.0610817	0.747029	0.0123443	0.119154	52661
-0.95739	0.0595747	0.727544	0.0123443	0.119154	51556
-0.954727	0.0581718	0.709406	0.0123443	0.119154	54643
-0.952064	0.0568607	0.692459	0.0123443	0.119154	42429
-0.949401	0.0556315	0.676572	0.0123443	0.119154	114924
-0.946738	0.0544755	0.661635	0.0123443	0.119154	116072
-0.944075	0.0533855	0.647551	0.0123443	0.119154	50170
-0.941411	0.0523551	0.63424	0.0123443	0.119154	51860
-0.938748	0.051379	0.621631	0.0123443	0.119154	105484
-0.936085	0.0504523	0.609663	0.0123443	0.119154	53987
-0.933422	0.0495709	0.598281	0.0123443	0.119154	54425
-0.930759	0.0487311	0.587437	0.0123443	0.119154	53799
-0.928096	0.0479297	0.577089	0.0123443	0.119154	78088
-0.925433	0.0471637	0.567201	0.0123443	0.119154	59050
-0.92277	0.0464305	0.557737	0.0123443	0.119154	54159
-0.920107	0.0457278	0.548668	0.0123443	0.119154	52633
-0.917443	0.0450536	0.539966	0.0123443	0.119154	53261
-0.91478	0.0444059	0.531608	0.0123443	0.119154	52011
-0.912117	0.043783	0.52357	0.0123443	0.119154	59955
-0.909454	0.0431833	0.515833	0.0123443	0.119154	53880
-0.906791	0.0426054	0.508378	0.0123443	0.119154	51283
-0.904128	0.042048	0.501188	0.0123443	0.119154	95194
-0.901465	0.04151	0.494248	0.0123443	0.119154	130730
-0.898802	0.0409901	0.487543	0.0123443	0.119154	53119
-0.896138	0.0404875	0.481061	0.0123443	0.119154	44827
-0.893475	0.0400012	0.47479	0.0123443	0.119154	190103
-0.890812	0.0395302	0.468717	0.0123443	0.119154	46486
-0.888149	0.0390739	0.462834	0.0123443	0.119154	55885
-0.885486	0.0386315	0.45713	0.0123443	0.119154	126667
-0.882823	0.0382023	0.451596	0.0123443	0.119154	56942
-0.88016	0.0377856	0.446225	0.0123443	0.119154	60723
-0.877497	0.0373808	0.441008	0.0123443	0.119154	35414
-0.874834	0.0369875	0.435938	0.0123443	0.119154	34429
-0.87217	0.0366051	0.431009	0.0123443	0.119154	123583
-0.869507	0.036233	0.426214	0.0123443	0.119154	76013
-0.866844	0.0358709	0.421548	0.0123443	0.119154	74417
-0.864181	0.0355183	0.417004	0.0123443	0.119154	51750
-0.861518	0.0351747	0.412578	0.0123443	0.119154	52151
-0.858855	0.0348399	0.408264	0.0123443	0.119154	49002
-0.856192	0.0345135	0.404059	0.0123443	0.119154	47935
-0.853529	0.0341951	0.399957	0.0123443	0.119154	52848
-0.850866	0.0338844	0.395955	0.0123443	0.119154	53966
-0.848202	0.0335812	0.392048	0.0123443	0.119154	60597
-0.845539	0.033285	0.388234	0.0123443	0.119154	48598
-0.842876	0.0329957	0.384508	0.0123443	0.119154	53275
-0.840213	0.032713	0.380867	0.0123443	0.119154	43221
-0.83755	0.0324367	0.377308	0.0123443	0.119154	52184
-0.834887	0.0321665	0.373829	0.0123443	0.119154	50564
-0.832224	0.0319022	0.370426	0.0123443	0.119154	53518
-0.829561	0.0316436	0.367096	0.0123443	0.119154	50873
-0.826897	0.0313906	0.363838	0.0123443	0.119154	53658
-0.824234	0.0311428	0.360648	0.0123443	0.119154	324898
-0.821571	0.0309002	0.357525	0.0123443	0.119154	136225
-0.818908	0.0306626	0.354465	0.0123443	0.119154	48895
-0.816245	0.0304298	0.351468	0.0123443	0.119154	56165
-0.813582	0.0302016	0.348531	0.0123443	0.119154	86224
-0.810919	0.029978	0.345652	0.0123443	0.119154	60894
-0.808256	0.0297587	0.34283	0.0123443	0.119154	57852
-0.805593	0.0295436	0.340062	0.0123443	0.119154	64530
-0.802929	0.0293327	0.337347	0.0123443	0.119154	66684
-0.800266	0.0291257	0.334683	0.0123443	0.119154	70425
-0.797603	0.0289226	0.332069	0.0123443	0.119154	149504
-0.79494	0.0287232	0.329503	0.0123443	0.119154	51214
-0.792277	0.0285275	0.326984	0.0123443	0.119154	54089
-0.789614	0.0283352	0.32451	0.0123443	0.119154	49656
-0.786951	0.0281465	0.322081	0.0123443	0.119154	46135
-0.784288	0.027961	0.319695	0.0123443	0.119154	49795
-0.781625	0.0277788	0.31735	0.0123443	0.119154	51585
-0.778961	0.0275997	0.315046	0.0123443	0.119154	54345
-0.776298	0.0274237	0.312782	0.0123443	0.119154	52697
-0.773635	0.0272507	0.310556	0.0123443	0.119154	83472
-0.770972	0.0270806	0.308367	0.0123443	0.119154	63395
-0.768309	0.0269132	0.306215	0.0123443	0.119154	53605
-0.765646	0.0267487	0.304098	0.0123443	0.119154	218567
-0.762983	0.0265868	0.302016	0.0123443	0.119154	55066
-0.76032	0.0264276	0.299968	0.0123443	0.119154	47769
-0.757656	0.0262708	0.297952	0.0123443	0.119154	50271
-0.754993	0.0261166	0.295968	0.0123443	0.119154	49922
-0.75233	0.0259648	0.294015	0.0123443	0.119154	110676
-0.749667	0.0258153	0.292093	0.0123443	0.119154	56269
-0.747004	0.0256682	0.2902	0.0123443	0.119154	69673
-0.744341	0.0255232	0.288337	0.0123443	0.119154	50406
-0.741678	0.0253805	0.286501	0.0123443	0.119154	54674
-0.739015	0.0252399	0.284694	0.0123443	0.119154	49240
-0.736352	0.0251014	0.282913	0.0123443	0.119154	46934
-0.733688	0.024965	0.281158	0.0123443	0.119154	56603
-0.731025	0.0248305	0.279429	0.0123443	0.119154	47951
-0.728362	0.024698	0.277725	0.0123443	0.119154	49009
-0.725699	0.0245674	0.276046	0.0123443	0.119154	51820
-0.723036	0.0244387	0.274391	0.0123443	0.119154	96591
-0.720373	0.0243117	0.272759	0.0123443	0.119154	55318
-0.71771	0.0241866	0.27115	0.0123443	0.119154	58726
-0.715047	0.0240632	0.269563	0.0123443	0.119154	52849
-0.712383	0.0239415	0.267999	0.0123443	0.119154	59738
-0.70972	0.0238214	0.266455	0.0123443	0.119154	49499
-0.707057	0.023703	0.264933	0.0123443	0.119154	68296
-0.704394	0.0235862	0.263432	0.0123443	0.119154	51106
-0.701731	0.023471	0.26195	0.0123443	0.119154	43789
-0.699068	0.0233572	0.260488	0.0123443	0.119154	47737
-0.696405	0.023245	0.259046	0.0123443	0.119154	280549
-0.693742	0.0231343	0.257622	0.0123443	0.119154	48852
-0.691079	0.0230249	0.256217	0.0123443	0.119154	50894
-0.688415	0.022917	0.25483	0.0123443	0.119154	64914
-0.685752	0.0228105	0.253461	0.0123443	0.119154	79051
-0.683089	0.0227053	0.252109	0.0123443	0.119154	37464
-0.680426	0.0226015	0.250775	0.0123443	0.119154	53025
-0.677763	0.0224989	0.249457	0.0123443	0.119154	58979
-0.6751	0.0223977	0.248155	0.0123443	0.119154	50314
-0.672437	0.0222976	0.24687	0.0123443	0.119154	133387
-0.669774	0.0221988	0.2456	0.0123443	0.119154	50917
-0.667111	0.0221012	0.244346	0.0123443	0.119154	54473
-0.664447	0.0220048	0.243107	0.0123443	0.119154	47006
-0.661784	0.0219096	0.241883	0.0123443	0.119154	76541
-0.659121	0.0218154	0.240674	0.0123443	0.119154	101793
-0.656458	0.0217224	0.239479	0.0123443	0.119154	62032
-0.653795	0.0216305	0.238298	0.0123443	0.119154	54611
-0.651132	0.0215397	0.237131	0.0123443	0.119154	56438
-0.648469	0.0214499	0.235977	0.0123443	0.119154	60687
-0.645806	0.0213612	0.234837	0.0123443	0.119154	57082
-0.643142	0.0212734	0.23371	0.0123443	0.119154	51651
-0.640479	0.0211867	0.232596	0.0123443	0.119154	55429
-0.637816	0.021101	0.231494	0.0123443	0.119154	53207
-0.635153	0.0210162	0.230405	0.0123443	0.119154	128442
-0.63249	0.0209324	0.229328	0.0123443	0.119154	51513
-0.629827	0.0208495	0.228263	0.0123443	0.119154	50138
-0.627164	0.0207675	0.22721	0.0123443	0.119154	53912
-0.624501	0.0206864	0.226168	0.0123443	0.119154	55448
-0.621838	0.0206062	0.225138	0.0123443	0.119154	54587
-0.619174	0.0205269	0.224119	0.0123443	0.119154	179969
-0.616511	0.0204484	0.223111	0.0123443	0.119154	70351
-0.613848	0.0203708	0.222114	0.0123443	0.119154	57249
-0.611185	0.020294	0.221128	0.0123443	0.119154	75772
-0.608522	0.020218	0.220152	0.0123443	0.119154	56939
-0.605859	0.0201428	0.219186	0.0123443	0.119154	168299
-0.603196	0.0200684	0.218231	0.0123443	0.119154	96041
-0.600533	0.0199948	0.217285	0.0123443	0.119154	52650
-0.59787	0.0199219	0.216349	0.0123443	0.119154	52708
-0.595206	0.0198498	0.215423	0.0123443	0.119154	51897
-0.592543	0.0197785	0.214507	0.0123443	0.119154	66820
-0.58988	0.0197078	0.213599	0.0123443	0.119154	152853
-0.587217	0.0196379	0.212701	0.0123443	0.119154	48753
-0.584554	0.0195687	0.211812	0.0123443	0.119154	50867
-0.581891	0.0195001	0.210932	0.0123443	0.119154	54711
-0.579228	0.0194323	0.210061	0.0123443	0.119154	54492
-0.576565	0.0193651	0.209199	0.0123443	0.119154	54881
-0.573901	0.0192986	0.208345	0.0123443	0.119154	56678
-0.571238	0.0192328	0.207499	0.0123443	0.119154	60230
-0.568575	0.0191675	0.206661	0.0123443	0.119154	53824
-0.565912	0.019103	0.205832	0.0123443	0.119154	104360
-0.563249	0.019039	0.205011	0.0123443	0.119154	95143
-0.560586	0.0189757	0.204197	0.0123443	0.119154	51430
-0.557923	0.0189129	0.203392	0.0123443	0.119154	82349
-0.55526	0.0188508	0.202594	0.0123443	0.119154	54533
-0.552597	0.0187892	0.201804	0.0123443	0.119154	49556
-0.549933	0.0187282	0.201021	0.0123443	0.119154	70349
-0.54727	0.0186678	0.200245	0.0123443	0.119154	81477
-0.544607	0.018608	0.199477	0.0123443	0.119154	51169
-0.541944	0.0185487	0.198716	0.0123443	0.119154	52667
-0.539281	0.01849	0.197962	0.0123443	0.119154	68884
-0.536618	0.0184318	0.197214	0.0123443	0.119154	51314
-0.533955	0.0183741	0.196474	0.0123443	0.119154	49626
-0.531292	0.0183169	0.19574	0.0123443	0.119154	76589
-0.528628	0.0182603	0.195013	0.0123443	0.119154	52050
-0.525965	0.0182042	0.194293	0.0123443	0.119154	65015
-0.523302	0.0181486	0.193579	0.0123443	0.119154	65485
-0.520639	0.0180934	0.192871	0.0123443	0.119154	67736
-0.517976	0.0180388	0.19217	0.0123443	0.119154	53934
-0.515313	0.0179847	0.191475	0.0123443	0.119154	54315
-0.51265	0.017931	0.190786	0.0123443	0.119154	101498
-0.509987	0.0178778	0.190103	0.0123443	0.119154	94363
-0.507324	0.017825	0.189426	0.0123443	0.119154	103636
-0.50466	0.0177728	0.188755	0.0123443	0.119154	103416
-0.501997	0.0177209	0.18809	0.0123443	0.119154	53688
-0.499334	0.0176695	0.18743	0.0123443	0.119154	97067
-0.496671	0.0176186	0.186776	0.0123443	0.119154	49883
-0.494008	0.0175681	0.186128	0.0123443	0.119154	56280
-0.491345	0.017518	0.185485	0.0123443	0.119154	59460
-0.488682	0.0174683	0.184848	0.0123443	0.119154	53885
-0.486019	0.0174191	0.184216	0.0123443	0.119154	52150
-0.483356	0.0173702	0.183589	0.0123443	0.119154	48371
-0.480692	0.0173218	0.182967	0.0123443	0.119154	55968
-0.478029	0.0172738	0.182351	0.0123443	0.119154	173490
-0.475366	0.0172262	0.18174	0.0123443	0.119154	60988
-0.472703	0.0171789	0.181133	0.0123443	0.119154	70360
-0.47004	0.0171321	0.180532	0.0123443	0.119154	72350
-0.467377	0.0170856	0.179936	0.0123443	0.119154	45825
-0.464714	0.0170395	0.179344	0.0123443	0.119154	54462
-0.462051	0.0169938	0.178758	0.0123443	0.119154	55620
-0.459387	0.0169484	0.178176	0.0123443	0.119154	53481
-0.456724	0.0169034	0.177598	0.0123443	0.119154	151879
-0.454061	0.0168588	0.177026	0.0123443	0.119154	76781
-0.451398	0.0168145	0.176458	0.0123443	0.119154	51274
-0.448735	0.0167706	0.175894	0.0123443	0.119154	239410
-0.446072	0.016727	0.175335	0.0123443	0.119154	59279
-0.443409	0.0166838	0.17478	0.0123443	0.119154	241266
-0.440746	0.0166409	0.17423	0.0123443	0.119154	86594
-0.438083	0.0165983	0.173683	0.0123443	0.119154	46798
-0.435419	0.0165561	0.173141	0.0123443	0.119154	147018
-0.432756	0.0165142	0.172604	0.0123443	0.119154	204457
-0.430093	0.0164726	0.17207	0.0123443	0.119154	51714
-0.42743	0.0164313	0.171541	0.0123443	0.119154	63655
-0.424767	0.0163904	0.171015	0.0123443	0.119154	52095
-0.422104	0.0163498	0.170494	0.0123443	0.119154	88517
-0.419441	0.0163094	0.169976	0.0123443	0.119154	93790
-0.416778	0.0162694	0.169463	0.0123443	0.119154	66541
-0.414115	0.0162297	0.168953	0.0123443	0.119154	46008
-0.411451	0.0161902	0.168447	0.0123443	0.119154	45223
-0.408788	0.0161511	0.167945	0.0123443	0.119154	98237
-0.406125	0.0161123	0.167447	0.0123443	0.119154	60379
-0.403462	0.0160737	0.166952	0.0123443	0.119154	89030
-0.400799	0.0160354	0.166461	0.0123443	0.119154	73734
-0.398136	0.0159974	0.165974	0.0123443	0.119154	45867
-0.395473	0.0159597	0.16549	0.0123443	0.119154	61313
-0.39281	0.0159223	0.16501	0.0123443	0.119154	91737
-0.390146	0.0158851	0.164533	0.0123443	0.119154	45194
-0.387483	0.0158482	0.16406	0.0123443	0.119154	53228
-0.38482	0.0158116	0.16359	0.0123443	0.119154	82734
-0.382157	0.0157752	0.163123	0.0123443	0.119154	54670
-0.379494	0.0157391	0.16266	0.0123443	0.119154	143123
-0.376831	0.0157032	0.1622	0.0123443	0.119154	53257
-0.374168	0.0156676	0.161744	0.0123443	0.119154	52526
-0.371505	0.0156323	0.16129	0.0123443	0.119154	126215
-0.368842	0.0155972	0.16084	0.0123443	0.119154	46470
-0.366178	0.0155623	0.160393	0.0123443	0.119154	47991
-0.363515	0.0155277	0.159949	0.0123443	0.119154	49933
-0.360852	0.0154934	0.159509	0.0123443	0.119154	58722
-0.358189	0.0154593	0.159071	0.0123443	0.119154	178244
-0.355526	0.0154254	0.158636	0.0123443	0.119154	144012
-0.352863	0.0153917	0.158205	0.0123443	0.119154	47761
-0.3502	0.0153583	0.157776	0.0123443	0.119154	55631
-0.347537	0.0153251	0.15735	0.0123443	0.119154	135415
-0.344874	0.0152921	0.156928	0.0123443	0.119154	54479
-0.34221	0.0152594	0.156508	0.0123443	0.119154	55133
-0.339547	0.0152269	0.156091	0.0123443	0.119154	48639
-0.336884	0.0151946	0.155676	0.0123443	0.119154	50883
-0.334221	0.0151625	0.155265	0.0123443	0.119154	57806
-0.331558	0.0151306	0.154856	0.0123443	0.119154	53092
-0.328895	0.015099	0.15445	0.0123443	0.119154	52287
-0.326232	0.0150675	0.154047	0.0123443	0.119154	54523
-0.323569	0.0150363	0.153647	0.0123443	0.119154	96376
-0.320905	0.0150053	0.153249	0.0123443	0.119154	51516
-0.318242	0.0149744	0.152854	0.0123443	0.119154	55218
-0.315579	0.0149438	0.152461	0.0123443	0.119154	47681
-0.312916	0.0149134	0.152071	0.0123443	0.119154	63906
-0.310253	0.0148832	0.151683	0.0123443	0.119154	60911
-0.30759	0.0148532	0.151299	0.0123443	0.119154	205126
-0.304927	0.0148233	0.150916	0.0123443	0.119154	52344
-0.302264	0.0147937	0.150536	0.0123443	0.119154	62621
-0.299601	0.0147643	0.150159	0.0123443	0.119154	55138
-0.296937	0.014735	0.149784	0.0123443	0.119154	59977
-0.294274	0.0147059	0.149411	0.0123443	0.119154	60954
-0.291611	0.0146771	0.149041	0.0123443	0.119154	51573
-0.288948	0.0146484	0.148673	0.0123443	0.119154	71451
-0.286285	0.0146199	0.148307	0.0123443	0.119154	51570
-0.283622	0.0145915	0.147944	0.0123443	0.119154	68268
-0.280959	0.0145634	0.147583	0.0123443	0.119154	47886
-0.278296	0.0145354	0.147225	0.0123443	0.119154	55792
-0.275632	0.0145076	0.146868	0.0123443	0.119154	146406
-0.272969	0.01448	0.146514	0.0123443	0.119154	50669
-0.270306	0.0144525	0.146162	0.0123443	0.119154	49600
-0.267643	0.0144252	0.145812	0.0123443	0.119154	35871
-0.26498	0.0143981	0.145465	0.0123443	0.119154	51515
-0.262317	0.0143712	0.145119	0.0123443	0.119154	55309
-0.259654	0.0143444	0.144776	0.0123443	0.119154	56345
-0.256991	0.0143178	0.144435	0.0123443	0.119154	55214
-0.254328	0.0142913	0.144096	0.0123443	0.119154	53967
-0.251664	0.0142651	0.143759	0.0123443	0.119154	53028
-0.249001	0.0142389	0.143424	0.0123443	0.119154	53953
-0.246338	0.014213	0.143091	0.0123443	0.119154	55734
-0.243675	0.0141871	0.14276	0.0123443	0.119154	115552
-0.241012	0.0141615	0.142431	0.0123443	0.119154	55127
-0.238349	0.014136	0.142104	0.0123443	0.119154	50259
-0.235686	0.0141106	0.141779	0.0123443	0.119154	56323
-0.233023	0.0140854	0.141456	0.0123443	0.119154	51971
-0.23036	0.0140604	0.141135	0.0123443	0.119154	67381
-0.227696	0.0140355	0.140816	0.0123443	0.119154	55334
-0.225033	0.0140107	0.140499	0.0123443	0.119154	92550
-0.22237	0.0139861	0.140184	0.0123443	0.119154	61270
-0.219707	0.0139617	0.13987	0.0123443	0.119154	58022
-0.217044	0.0139373	0.139559	0.0123443	0.119154	53674
-0.214381	0.0139132	0.139249	0.0123443	0.119154	78608
-0.211718	0.0138891	0.138941	0.0123443	0.119154	62820
-0.209055	0.0138652	0.138635	0.0123443	0.119154	60511
-0.206391	0.0138415	0.13833	0.0123443	0.119154	54447
-0.203728	0.0138179	0.138027	0.0123443	0.119154	78918
-0.201065	0.0137944	0.137727	0.0123443	0.119154	49995
-0.198402	0.013771	0.137427	0.0123443	0.119154	95847
-0.195739	0.0137478	0.13713	0.0123443	0.119154	54314
-0.193076	0.0137248	0.136834	0.0123443	0.119154	53456
-0.190413	0.0137018	0.13654	0.0123443	0.119154	73784
-0.18775	0.013679	0.136248	0.0123443	0.119154	56497
-0.185087	0.0136563	0.135957	0.0123443	0.119154	61814
-0.182423	0.0136338	0.135668	0.0123443	0.119154	55657
-0.17976	0.0136113	0.135381	0.0123443	0.119154	56988
-0.177097	0.013589	0.135095	0.0123443	0.119154	50401
-0.174434	0.0135669	0.134811	0.0123443	0.119154	137010
-0.171771	0.0135448	0.134528	0.0123443	0.119154	53336
-0.169108	0.0135229	0.134247	0.0123443	0.119154	59008
-0.166445	0.0135011	0.133968	0.0123443	0.119154	337573
-0.163782	0.0134794	0.13369	0.0123443	0.119154	89602
-0.161119	0.0134578	0.133414	0.0123443	0.119154	79857
-0.158455	0.0134364	0.133139	0.0123443	0.119154	59617
-0.155792	0.013415	0.132866	0.0123443	0.119154	49960
-0.153129	0.0133938	0.132594	0.0123443	0.119154	55758
-0.150466	0.0133727	0.132324	0.0123443	0.119154	81229
-0.147803	0.0133518	0.132055	0.0123443	0.119154	55110
-0.14514	0.0133309	0.131788	0.0123443	0.119154	53712
-0.142477	0.0133101	0.131522	0.0123443	0.119154	60738
-0.139814	0.0132895	0.131258	0.0123443	0.119154	50543
-0.13715	0.013269	0.130995	0.0123443	0.119154	48768
-0.134487	0.0132486	0.130733	0.0123443	0.119154	73355
-0.131824	0.0132283	0.130473	0.0123443	0.119154	72169
-0.129161	0.0132081	0.130215	0.0123443	0.119154	75316
-0.126498	0.013188	0.129957	0.0123443	0.119154	63024
-0.123835	0.013168	0.129701	0.0123443	0.119154	59202
-0.121172	0.0131481	0.129447	0.0123443	0.119154	241841
-0.118509	0.0131284	0.129194	0.0123443	0.119154	59643
-0.115846	0.0131087	0.128942	0.0123443	0.119154	80960
-0.113182	0.0130892	0.128691	0.0123443	0.119154	55433
-0.110519	0.0130697	0.128442	0.0123443	0.119154	70077
-0.107856	0.0130504	0.128194	0.0123443	0.119154	99309
-0.105193	0.0130311	0.127948	0.0123443	0.119154	52263
-0.10253	0.013012	0.127703	0.0123443	0.119154	70321
-0.0998668	0.0129929	0.127459	0.0123443	0.119154	56532
-0.0972037	0.012974	0.127216	0.0123443	0.119154	54021
-0.0945406	0.0129551	0.126975	0.0123443	0.119154	50400
-0.0918775	0.0129364	0.126734	0.0123443	0.119154	156346
-0.0892144	0.0129177	0.126496	0.0123443	0.119154	49606
-0.0865513	0.0128991	0.126258	0.0123443	0.119154	49161
-0.0838881	0.0128807	0.126021	0.0123443	0.119154	61844
-0.081225	0.0128623	0.125786	0.0123443	0.119154	53264
-0.0785619	0.012844	0.125552	0.0123443	0.119154	103727
-0.0758988	0.0128259	0.125319	0.0123443	0.119154	52242
-0.0732357	0.0128078	0.125088	0.0123443	0.119154	52942
-0.0705726	0.0127898	0.124857	0.0123443	0.119154	121622
-0.0679095	0.0127719	0.124628	0.0123443	0.119154	52609
-0.0652463	0.0127541	0.1244	0.0123443	0.119154	120549
-0.0625832	0.0127363	0.124173	0.0123443	0.119154	89054
-0.0599201	0.0127187	0.123947	0.0123443	0.119154	52012
-0.057257	0.0127012	0.123723	0.0123443	0.119154	51437
-0.0545939	0.0126837	0.123499	0.0123443	0.119154	47628
-0.0519308	0.0126663	0.123277	0.0123443	0.119154	48661
-0.0492676	0.0126491	0.123056	0.0123443	0.119154	121033
-0.0466045	0.0126319	0.122836	0.0123443	0.119154	50017
-0.0439414	0.0126148	0.122616	0.0123443	0.119154	157719
-0.0412783	0.0125977	0.122399	0.0123443	0.119154	49439
-0.0386152	0.0125808	0.122182	0.0123443	0.119154	46670
-0.0359521	0.0125639	0.121966	0.0123443	0.119154	47321
-0.0332889	0.0125472	0.121751	0.0123443	0.119154	89028
-0.0306258	0.0125305	0.121537	0.0123443	0.119154	85787
-0.0279627	0.0125139	0.121325	0.0123443	0.119154	43137
-0.0252996	0.0124973	0.121113	0.0123443	0.119154	48813
-0.0226365	0.0124809	0.120903	0.0123443	0.119154	107925
-0.0199734	0.0124645	0.120693	0.0123443	0.119154	49008
-0.0173103	0.0124482	0.120485	0.0123443	0.119154	52699
-0.0146471	0.012432	0.120277	0.0123443	0.119154	51085
-0.011984	0.0124159	0.120071	0.0123443	0.119154	108059
-0.00932091	0.0123998	0.119866	0.0123443	0.119154	52110
-0.00665779	0.0123839	0.119661	0.0123443	0.119154	54957
-0.00399467	0.012368	0.119458	0.0123443	0.119154	49056
-0.00133156	0.0123522	0.119255	0.0123443	0.119154	192425
0.00133156	0.0123364	0.119053	0.0123443	0.119154	52670
0.00399467	0.0123207	0.118852	0.0123443	0.119154	120959
0.00665779	0.0123049	0.11865	0.0123443	0.119154	56817
0.00932091	0.0122891	0.118448	0.0123443	0.119154	57682
0.011984	0.0122733	0.118246	0.0123443	0.119154	50919
0.0146471	0.0122576	0.118044	0.0123443	0.119154	51784
0.0173103	0.0122418	0.117842	0.0123443	0.119154	51003
0.0199734	0.012226	0.11764	0.0123443	0.119154	106642
0.0226365	0.0122102	0.117438	0.0123443	0.119154	221138
0.0252996	0.0121943	0.117235	0.0123443	0.119154	61187
0.0279627	0.0121785	0.117033	0.0123443	0.119154	63232
0.0306258	0.0121627	0.11683	0.0123443	0.119154	56998
0.0332889	0.0121468	0.116628	0.0123443	0.119154	49460
0.0359521	0.012131	0.116425	0.0123443	0.119154	160791
0.0386152	0.0121151	0.116222	0.0123443	0.119154	51184
0.0412783	0.0120993	0.116019	0.0123443	0.119154	115370
0.0439414	0.0120834	0.115816	0.0123443	0.119154	75959
0.0466045	0.0120675	0.115613	0.0123443	0.119154	54166
0.0492676	0.0120516	0.115409	0.0123443	0.119154	177178
0.0519308	0.0120357	0.115206	0.0123443	0.119154	63533
0.0545939	0.0120198	0.115002	0.0123443	0.119154	58737
0.057257	0.0120039	0.114799	0.0123443	0.119154	41817
0.0599201	0.011988	0.114595	0.0123443	0.119154	58984
0.0625832	0.011972	0.114391	0.0123443	0.119154	52900
0.0652463	0.0119561	0.114187	0.0123443	0.119154	49129
0.0679095	0.0119401	0.113983	0.0123443	0.119154	69708
0.0705726	0.0119242	0.113779	0.0123443	0.119154	55807
0.0732357	0.0119082	0.113575	0.0123443	0.119154	54084
0.0758988	0.0118923	0.113371	0.0123443	0.119154	175907
0.0785619	0.0118763	0.113166	0.0123443	0.119154	50741
0.081225	0.0118603	0.112962	0.0123443	0.119154	51756
0.0838881	0.0118443	0.112757	0.0123443	0.119154	60398
0.0865513	0.0118283	0.112553	0.0123443	0.119154	57231
0.0892144	0.0118123	0.112348	0.0123443	0.119154	78864
0.0918775	0.0117963	0.112143	0.0123443	0.119154	52263
0.0945406	0.0117802	0.111938	0.0123443	0.119154	56843
0.0972037	0.0117642	0.111733	0.0123443	0.119154	60023
0.0998668	0.0117482	0.111528	0.0123443	0.119154	54271
0.10253	0.0117321	0.111323	0.0123443	0.119154	54583
0.105193	0.0117161	0.111118	0.0123443	0.119154	54499
0.107856	0.0117	0.110912	0.0123443	0.119154	55761
0.110519	0.0116839	0.110707	0.0123443	0.119154	110771
0.113182	0.0116678	0.110501	0.0123443	0.119154	54122
0.115846	0.0116518	0.110295	0.0123443	0.119154	37945
0.118509	0.0116357	0.11009	0.0123443	0.119154	49419
0.121172	0.0116196	0.109884	0.0123443	0.119154	60000
0.123835	0.0116035	0.109678	0.0123443	0.119154	51346
0.126498	0.0115873	0.109472	0.0123443	0.119154	50829
0.129161	0.0115712	0.109266	0.0123443	0.119154	52968
0.131824	0.0115551	0.10906	0.0123443	0.119154	272539
0.134487	0.011539	0.108853	0.0123443	0.119154	72180
0.13715	0.0115228	0.108647	0.0123443	0.119154	48644
0.139814	0.0115067	0.10844	0.0123443	0.119154	254614
0.142477	0.0114905	0.108234	0.0123443	0.119154	53724
0.14514	0.0114743	0.108027	0.0123443	0.119154	53919
0.147803	0.0114582	0.107821	0.0123443	0.119154	59686
0.150466	0.011442	0.107614	0.0123443	0.119154	54153
0.153129	0.0114258	0.107407	0.0123443	0.119154	54176
0.155792	0.0114096	0.1072	0.0123443	0.119154	100502
0.158455	0.0113934	0.106993	0.0123443	0.119154	188706
0.161119	0.0113772	0.106786	0.0123443	0.119154	52797
0.163782	0.011361	0.106579	0.0123443	0.119154	54672
0.166445	0.0113447	0.106371	0.0123443	0.119154	48994
0.169108	0.0113285	0.106164	0.0123443	0.119154	53681
0.171771	0.0113123	0.105956	0.0123443	0.119154	59611
0.174434	0.011296	0.105749	0.0123443	0.119154	50056
0.177097	0.0112798	0.105541	0.0123443	0.119154	52085
0.17976	0.0112635	0.105334	0.0123443	0.119154	51601
0.182423	0.0112473	0.105126	0.0123443	0.119154	103740
0.185087	0.011231	0.104918	0.0123443	0.119154	106540
0.18775	0.0112147	0.10471	0.0123443	0.119154	86050
0.190413	0.0111984	0.104502	0.0123443	0.119154	117243
0.193076	0.0111821	0.104294	0.0123443	0.119154	51164
0.195739	0.0111658	0.104086	0.0123443	0.119154	49881
0.198402	0.0111495	0.103878	0.0123443	0.119154	48610
0.201065	0.0111332	0.103669	0.0123443	0.119154	59963
0.203728	0.0111169	0.103461	0.0123443	0.119154	53153
0.206391	0.0111006	0.103253	0.0123443	0.119154	51953
0.209055	0.0110843	0.103044	0.0123443	0.119154	51269
0.211718	0.0110679	0.102836	0.0123443	0.119154	57543
0.214381	0.0110516	0.102627	0.0123443	0.119154	53175
0.217044	0.0110352	0.102418	0.0123443	0.119154	167849
0.219707	0.0110189	0.10221	0.0123443	0.119154	49209
0.22237	0.0110025	0.102001	0.0123443	0.119154	51400
0.225033	0.0109862	0.101792	0.0123443	0.119154	50918
0.227696	0.0109698	0.101583	0.0123443	0.119154	55277
0.23036	0.0109534	0.101374	0.0123443	0.119154	55313
0.233023	0.0109371	0.101165	0.0123443	0.119154	144701
0.235686	0.0109207	0.100956	0.0123443	0.119154	52905
0.238349	0.0109043	0.100747	0.0123443	0.119154	50168
0.241012	0.0108879	0.100537	0.0123443	0.119154	53816
0.243675	0.0108715	0.100328	0.0123443	0.119154	92570
0.246338	0.0108551	0.100119	0.0123443	0.119154	124096
0.249001	0.0108387	0.0999093	0.0123443	0.119154	54754
0.251664	0.0108222	0.0996998	0.0123443	0.119154	49417
0.254328	0.0108058	0.0994903	0.0123443	0.119154	51267
0.256991	0.0107894	0.0992807	0.0123443	0.119154	50237
0.259654	0.010773	0.0990711	0.0123443	0.119154	75583
0.262317	0.0107565	0.0988614	0.0123443	0.119154	94913
0.26498	0.0107401	0.0986517	0.0123443	0.119154	49803
0.267643	0.0107236	0.0984419	0.0123443	0.119154	46340
0.270306	0.0107072	0.0982321	0.0123443	0.119154	93434
0.272969	0.0106907	0.0980223	0.0123443	0.119154	62039
0.275632	0.0106743	0.0978124	0.0123443	0.119154	47792
0.278296	0.0106578	0.0976024	0.0123443	0.119154	83405
0.280959	0.0106413	0.0973924	0.0123443	0.119154	99139
0.283622	0.0106249	0.0971824	0.0123443	0.119154	45573
0.286285	0.0106084	0.0969723	0.0123443	0.119154	48109
0.288948	0.0105919	0.0967622	0.0123443	0.119154	48458
0.291611	0.0105754	0.0965521	0.0123443	0.119154	76206
0.294274	0.0105589	0.0963419	0.0123443	0.119154	47548
0.296937	0.0105424	0.0961317	0.0123443	0.119154	88021
0.299601	0.0105259	0.0959215	0.0123443	0.119154	201724
0.302264	0.0105094	0.0957113	0.0123443	0.119154	100335
0.304927	0.0104929	0.095501	0.0123443	0.119154	51638
0.30759	0.0104764	0.0952907	0.0123443	0.119154	56886
0.310253	0.0104599	0.0950803	0.0123443	0.119154	51012
0.312916	0.0104434	0.09487	0.0123443	0.119154	52677
0.315579	0.0104269	0.0946596	0.0123443	0.119154	119423
0.318242	0.0104104	0.0944492	0.0123443	0.119154	54627
0.320905	0.0103939	0.0942388	0.0123443	0.119154	56004
0.323569	0.0103773	0.0940283	0.0123443	0.119154	52317
0.326232	0.0103608	0.0938179	0.0123443	0.119154	98512
0.328895	0.0103443	0.0936074	0.0123443	0.119154	51858
0.331558	0.0103277	0.093397	0.0123443	0.119154	52545
0.334221	0.0103112	0.0931865	0.0123443	0.119154	49839
0.336884	0.0102947	0.092976	0.0123443	0.119154	53041
0.339547	0.0102781	0.0927655	0.0123443	0.119154	90769
0.34221	0.0102616	0.092555	0.0123443	0.119154	50967
0.344874	0.0102451	0.0923445	0.0123443	0.119154	68463
0.347537	0.0102285	0.092134	0.0123443	0.119154	56205
0.3502	0.010212	0.0919236	0.0123443	0.119154	53510
0.352863	0.0101954	0.0917131	0.0123443	0.119154	52325
0.355526	0.0101789	0.0915026	0.0123443	0.119154	149964
0.358189	0.0101623	0.0912922	0.0123443	0.119154	55706
0.360852	0.0101458	0.0910817	0.0123443	0.119154	55605
0.363515	0.0101293	0.0908713	0.0123443	0.119154	50755
0.366178	0.0101127	0.0906609	0.0123443	0.119154	77107
0.368842	0.0100962	0.0904505	0.0123443	0.119154	71402
0.371505	0.0100796	0.0902401	0.0123443	0.119154	73398
0.374168	0.0100631	0.0900298	0.0123443	0.119154	51138
0.376831	0.0100465	0.0898195	0.0123443	0.119154	53376
0.379494	0.01003	0.0896092	0.0123443	0.119154	57069
0.382157	0.0100134	0.0893989	0.0123443	0.119154	52773
0.38482	0.00999688	0.0891887	0.0123443	0.119154	72940
0.387483	0.00998034	0.0889786	0.0123443	0.119154	78491
0.390146	0.0099638	0.0887684	0.0123443	0.119154	55083
0.39281	0.00994726	0.0885583	0.0123443	0.119154	55483
0.395473	0.00993072	0.0883483	0.0123443	0.119154	55593
0.398136	0.00991418	0.0881383	0.0123443	0.119154	60598
0.400799	0.00989765	0.0879284	0.0123443	0.119154	87315
0.403462	0.00988112	0.0877185	0.0123443	0.119154	65281
0.406125	0.00986459	0.0875087	0.0123443	0.119154	55231
0.408788	0.00984806	0.087299	0.0123443	0.119154	49423
0.411451	0.00983153	0.0870893	0.0123443	0.119154	54387
0.414115	0.00981501	0.0868797	0.0123443	0.119154	53621
0.416778	0.0097985	0.0866702	0.0123443	0.119154	66369
0.419441	0.00978198	0.0864607	0.0123443	0.119154	52983
0.422104	0.00976547	0.0862513	0.0123443	0.119154	58021
0.424767	0.00974897	0.0860421	0.0123443	0.119154	56447
0.42743	0.00973247	0.0858329	0.0123443	0.119154	54914
0.430093	0.00971597	0.0856238	0.0123443	0.119154	55348
0.432756	0.00969948	0.0854148	0.0123443	0.119154	221059
0.435419	0.00968299	0.0852059	0.0123443	0.119154	60485
0.438083	0.00966651	0.0849971	0.0123443	0.119154	77026
0.440746	0.00965004	0.0847884	0.0123443	0.119154	51358
0.443409	0.00963357	0.0845798	0.0123443	0.119154	54229
0.446072	0.00961711	0.0843714	0.0123443	0.119154	54763
0.448735	0.00960065	0.0841631	0.0123443	0.119154	54170
0.451398	0.0095842	0.0839549	0.0123443	0.119154	57733
0.454061	0.00956776	0.0837468	0.0123443	0.119154	53430
0.456724	0.00955133	0.0835389	0.0123443	0.119154	54571
0.459387	0.0095349	0.0833311	0.0123443	0.119154	149023
0.462051	0.00951848	0.0831235	0.0123443	0.119154	98069
0.464714	0.00950207	0.082916	0.0123443	0.119154	59267
0.467377	0.00948567	0.0827087	0.0123443	0.119154	69127
0.47004	0.00946928	0.0825015	0.0123443	0.119154	54233
0.472703	0.0094529	0.0822945	0.0123443	0.119154	53580
0.475366	0.00943653	0.0820877	0.0123443	0.119154	58200
0.478029	0.00942017	0.0818811	0.0123443	0.119154	53864
0.480692	0.00940382	0.0816747	0.0123443	0.119154	48321
0.483356	0.00938749	0.0814684	0.0123443	0.119154	56682
0.486019	0.00937116	0.0812624	0.0123443	0.119154	54819
0.488682	0.00935485	0.0810566	0.0123443	0.119154	77493
0.491345	0.00933854	0.0808509	0.0123443	0.119154	51832
0.494008	0.00932226	0.0806455	0.0123443	0.119154	60926
0.496671	0.00930598	0.0804403	0.0123443	0.119154	71341
0.499334	0.00928972	0.0802354	0.0123443	0.119154	66949
0.501997	0.00927347	0.0800307	0.0123443	0.119154	54609
0.50466	0.00925724	0.0798262	0.0123443	0.119154	51704
0.507324	0.00924103	0.079622	0.0123443	0.119154	52483
0.509987	0.00922482	0.0794181	0.0123443	0.119154	69172
0.51265	0.00920864	0.0792144	0.0123443	0.119154	58199
0.515313	0.00919247	0.079011	0.0123443	0.119154	70444
0.517976	0.00917632	0.0788079	0.0123443	0.119154	65608
0.520639	0.00916019	0.0786051	0.0123443	0.119154	52261
0.523302	0.00914408	0.0784026	0.0123443	0.119154	84543
0.525965	0.00912798	0.0782004	0.0123443	0.119154	47915
0.528628	0.00911191	0.0779985	0.0123443	0.119154	108109
0.531292	0.00909585	0.077797	0.0123443	0.119154	61195
0.533955	0.00907982	0.0775958	0.0123443	0.119154	56978
0.536618	0.00906381	0.0773949	0.0123443	0.119154	56248
0.539281	0.00904782	0.0771944	0.0123443	0.119154	56058
0.541944	0.00903185	0.0769943	0.0123443	0.119154	61232
0.544607	0.00901591	0.0767946	0.0123443	0.119154	138020
0.54727	0.00899999	0.0765952	0.0123443	0.119154	56326
0.549933	0.00898409	0.0763963	0.0123443	0.119154	56647
0.552597	0.00896823	0.0761977	0.0123443	0.119154	54262
0.55526	0.00895238	0.0759996	0.0123443	0.119154	53571
0.557923	0.00893657	0.0758019	0.0123443	0.119154	50722
0.560586	0.00892078	0.0756047	0.0123443	0.119154	139227
0.563249	0.00890502	0.0754079	0.0123443	0.119154	55680
0.565912	0.00888929	0.0752116	0.0123443	0.119154	53268
0.568575	0.0088736	0.0750158	0.0123443	0.119154	52583
0.571238	0.00885793	0.0748205	0.0123443	0.119154	55422
0.573901	0.0088423	0.0746257	0.0123443	0.119154	55828
0.576565	0.00882669	0.0744314	0.0123443	0.119154	55109
0.579228	0.00881113	0.0742377	0.0123443	0.119154	57138
0.581891	0.00879559	0.0740445	0.0123443	0.119154	56934
0.584554	0.0087801	0.0738519	0.0123443	0.119154	56124
0.587217	0.00876464	0.0736599	0.0123443	0.119154	164202
0.58988	0.00874922	0.0734685	0.0123443	0.119154	55344
0.592543	0.00873384	0.0732777	0.0123443	0.119154	52265
0.595206	0.00871849	0.0730875	0.0123443	0.119154	53243
0.59787	0.00870319	0.072898	0.0123443	0.119154	51701
0.600533	0.00868794	0.0727092	0.0123443	0.119154	53675
0.603196	0.00867272	0.0725211	0.0123443	0.119154	49700
0.605859	0.00865755	0.0723336	0.0123443	0.119154	110518
0.608522	0.00864243	0.0721469	0.0123443	0.119154	65829
0.611185	0.00862735	0.071961	0.0123443	0.119154	52480
0.613848	0.00861233	0.0717758	0.0123443	0.119154	49719
0.616511	0.00859735	0.0715914	0.0123443	0.119154	53463
0.619174	0.00858242	0.0714078	0.0123443	0.119154	191131
0.621838	0.00856755	0.071225	0.0123443	0.119154	208796
0.624501	0.00855273	0.0710432	0.0123443	0.119154	56843
0.627164	0.00853797	0.0708621	0.0123443	0.119154	177671
0.629827	0.00852327	0.070682	0.0123443	0.119154	72224
0.63249	0.00850862	0.0705028	0.0123443	0.119154	51426
0.635153	0.00849404	0.0703246	0.0123443	0.119154	51519
0.637816	0.00847952	0.0701474	0.0123443	0.119154	48464
0.640479	0.00846506	0.0699712	0.0123443	0.119154	82112
0.643142	0.00845067	0.069796	0.0123443	0.119154	77532
0.645806	0.00843635	0.0696218	0.0123443	0.119154	175844
0.648469	0.00842209	0.0694488	0.0123443	0.119154	50241
0.651132	0.00840791	0.0692769	0.0123443	0.119154	51116
0.653795	0.0083938	0.0691062	0.0123443	0.119154	78308
0.656458	0.00837977	0.0689366	0.0123443	0.119154	132963
0.659121	0.00836582	0.0687683	0.0123443	0.119154	51920
0.661784	0.00835195	0.0686012	0.0123443	0.119154	49043
0.664447	0.00833815	0.0684354	0.0123443	0.119154	46590
0.667111	0.00832445	0.068271	0.0123443	0.119154	48553
0.669774	0.00831083	0.068108	0.0123443	0.119154	116360
0.672437	0.0082973	0.0679463	0.0123443	0.119154	128343
0.6751	0.00828387	0.0677861	0.0123443	0.119154	47809
0.677763	0.00827053	0.0676274	0.0123443	0.119154	49884
0.680426	0.00825729	0.0674703	0.0123443	0.119154	85492
0.683089	0.00824414	0.0673147	0.0123443	0.119154	59544
0.685752	0.00823111	0.0671607	0.0123443	0.119154	50404
0.688415	0.00821818	0.0670085	0.0123443	0.119154	48716
0.691079	0.00820536	0.0668579	0.0123443	0.119154	50274
0.693742	0.00819265	0.0667092	0.0123443	0.119154	46492
0.696405	0.00818006	0.0665623	0.0123443	0.119154	201187
0.699068	0.00816759	0.0664172	0.0123443	0.119154	63987
0.701731	0.00815524	0.0662742	0.0123443	0.119154	64868
0.704394	0.00814303	0.0661331	0.0123443	0.119154	61303
0.707057	0.00813094	0.0659941	0.0123443	0.119154	52103
0.70972	0.00811899	0.0658572	0.0123443	0.119154	65408
0.712383	0.00810718	0.0657226	0.0123443	0.119154	59399
0.715047	0.00809551	0.0655901	0.0123443	0.119154	66381
0.71771	0.00808399	0.0654601	0.0123443	0.119154	47196
0.720373	0.00807262	0.0653324	0.0123443	0.119154	105583
0.723036	0.00806142	0.0652073	0.0123443	0.119154	79913
0.725699	0.00805037	0.0650847	0.0123443	0.119154	66313
0.728362	0.0080395	0.0649647	0.0123443	0.119154	57352
0.731025	0.00802879	0.0648475	0.0123443	0.119154	70786
0.733688	0.00801827	0.0647331	0.0123443	0.119154	96702
0.736352	0.00800793	0.0646216	0.0123443	0.119154	53901
0.739015	0.00799778	0.0645132	0.0123443	0.119154	56068
0.741678	0.00798783	0.0644079	0.0123443	0.119154	54562
0.744341	0.00797808	0.0643057	0.0123443	0.119154	50422
0.747004	0.00796854	0.0642069	0.0123443	0.119154	53585
0.749667	0.00795922	0.0641116	0.0123443	0.119154	72604
0.75233	0.00795012	0.0640198	0.0123443	0.119154	51741
0.754993	0.00794126	0.0639317	0.0123443	0.119154	49569
0.757656	0.00793263	0.0638474	0.0123443	0.119154	54034
0.76032	0.00792426	0.063767	0.0123443	0.119154	52585
0.762983	0.00791614	0.0636907	0.0123443	0.119154	57135
0.765646	0.00790828	0.0636187	0.0123443	0.119154	129764
0.768309	0.00790071	0.063551	0.0123443	0.119154	50790
0.770972	0.00789341	0.0634878	0.0123443	0.119154	53664
0.773635	0.00788642	0.0634294	0.0123443	0.119154	98825
0.776298	0.00787973	0.0633758	0.0123443	0.119154	51611
0.778961	0.00787335	0.0633273	0.0123443	0.119154	54802
0.781625	0.00786731	0.063284	0.0123443	0.119154	53495
0.784288	0.0078616	0.0632462	0.0123443	0.119154	61201
0.786951	0.00785625	0.063214	0.0123443	0.119154	212976
0.789614	0.00785127	0.0631877	0.0123443	0.119154	61532
0.792277	0.00784667	0.0631675	0.0123443	0.119154	55269
0.79494	0.00784246	0.0631536	0.0123443	0.119154	57736
0.797603	0.00783866	0.0631463	0.0123443	0.119154	41366
0.800266	0.0078353	0.0631459	0.0123443	0.119154	121728
0.802929	0.00783237	0.0631525	0.0123443	0.119154	124676
0.805593	0.00782991	0.0631666	0.0123443	0.119154	53196
0.808256	0.00782793	0.0631885	0.0123443	0.119154	50741
0.810919	0.00782645	0.0632183	0.0123443	0.119154	59631
0.813582	0.00782549	0.0632566	0.0123443	0.119154	55931
0.816245	0.00782508	0.0633036	0.0123443	0.119154	136767
0.818908	0.00782523	0.0633598	0.0123443	0.119154	52310
0.821571	0.00782597	0.0634254	0.0123443	0.119154	80707
0.824234	0.00782733	0.063501	0.0123443	0.119154	69529
0.826897	0.00782933	0.063587	0.0123443	0.119154	94454
0.829561	0.007832	0.0636839	0.0123443	0.119154	49808
0.832224	0.00783538	0.0637921	0.0123443	0.119154	58159
0.834887	0.00783949	0.0639122	0.0123443	0.119154	72342
0.83755	0.00784437	0.0640447	0.0123443	0.119154	118752
0.840213	0.00785005	0.0641903	0.0123443	0.119154	51690
0.842876	0.00785658	0.0643496	0.0123443	0.119154	88411
0.845539	0.00786399	0.0645232	0.0123443	0.119154	52640
0.848202	0.00787233	0.0647118	0.0123443	0.119154	50980
0.850866	0.00788164	0.0649163	0.0123443	0.119154	64066
0.853529	0.00789198	0.0651373	0.0123443	0.119154	50108
0.856192	0.00790339	0.0653759	0.0123443	0.119154	90759
0.858855	0.00791593	0.0656328	0.0123443	0.119154	51488
0.861518	0.00792966	0.0659091	0.0123443	0.119154	119914
0.864181	0.00794464	0.0662059	0.0123443	0.119154	54984
0.866844	0.00796095	0.0665242	0.0123443	0.119154	54257
0.869507	0.00797865	0.0668653	0.0123443	0.119154	104927
0.87217	0.00799783	0.0672304	0.0123443	0.119154	46357
0.874834	0.00801858	0.067621	0.0123443	0.119154	112869
0.877497	0.00804097	0.0680386	0.0123443	0.119154	269732
0.88016	0.00806511	0.0684847	0.0123443	0.119154	64487
0.882823	0.00809112	0.0689612	0.0123443	0.119154	53033
0.885486	0.00811909	0.0694699	0.0123443	0.119154	46181
0.888149	0.00814917	0.0700128	0.0123443	0.119154	48041
0.890812	0.00818148	0.0705923	0.0123443	0.119154	50134
0.893475	0.00821618	0.0712106	0.0123443	0.119154	64877
0.896138	0.00825341	0.0718704	0.0123443	0.119154	54792
0.898802	0.00829337	0.0725746	0.0123443	0.119154	86880
0.901465	0.00833624	0.0733263	0.0123443	0.119154	47113
0.904128	0.00838224	0.0741289	0.0123443	0.119154	63007
0.906791	0.00843159	0.0749862	0.0123443	0.119154	77675
0.909454	0.00848455	0.0759024	0.0123443	0.119154	104047
0.912117	0.00854141	0.0768818	0.0123443	0.119154	51852
0.91478	0.00860247	0.0779297	0.0123443	0.119154	48018
0.917443	0.00866809	0.0790516	0.0123443	0.119154	69659
0.920107	0.00873865	0.0802536	0.0123443	0.119154	56687
0.92277	0.00881459	0.0815428	0.0123443	0.119154	52305
0.925433	0.00889638	0.0829268	0.0123443	0.119154	55444
0.928096	0.00898459	0.0844143	0.0123443	0.119154	52100
0.930759	0.00907982	0.0860151	0.0123443	0.119154	60153
0.933422	0.00918277	0.0877404	0.0123443	0.119154	70065
0.936085	0.00929425	0.0896026	0.0123443	0.119154	73094
0.938748	0.00941518	0.0916163	0.0123443	0.119154	105233
0.941411	0.0095466	0.0937978	0.0123443	0.119154	52653
0.944075	0.00968973	0.0961664	0.0123443	0.119154	52492
0.946738	0.00984601	0.098744	0.0123443	0.119154	51277
0.949401	0.0100171	0.101557	0.0123443	0.119154	93189
0.952064	0.010205	0.104635	0.0123443	0.119154	51510
0.954727	0.010412	0.108015	0.0123443	0.119154	96770
0.95739	0.010641	0.111739	0.0123443	0.119154	55665
0.960053	0.0108955	0.115861	0.0123443	0.119154	56455
0.962716	0.0111796	0.120445	0.0123443	0.119154	73894
0.965379	0.0114987	0.12557	0.0123443	0.119154	84170
0.968043	0.0118594	0.131336	0.0123443	0.119154	53282
0.970706	0.0122703	0.137871	0.0123443	0.119154	54622
0.973369	0.0127428	0.145341	0.0123443	0.119154	65291
0.976032	0.013292	0.153969	0.0123443	0.119154	54730
0.978695	0.0139388	0.164061	0.0123443	0.119154	51303
0.981358	0.0147133	0.176048	0.0123443	0.119154	55062
0.984021	0.0156605	0.190575	0.0123443	0.119154	56348
0.986684	0.0168517	0.208648	0.0123443	0.119154	55006
0.989348	0.0184086	0.231969	0.0123443	0.119154	58508
0.992011	0.0205646	0.263751	0.0123443	0.119154	51929
0.994674	0.0238521	0.311202	0.0123443	0.119154	69159
0.997337	0.0299805	0.396944	0.0123443	0.119154	50318
1	0.128375	1.61984	0.0123443	0.119154	268817
