t	integral	norm	uniform_integral	uniform_norm	time
-1	0.0955679	1.18938	0.00915641	0.0709097	228889
-0.997337	0.0955679	1.18938	0.00915641	0.0709097	51900
-0.994674	0.0822073	1.01618	0.00915641	0.0709097	65290
-0.992011	0.0742846	0.913562	0.00915641	0.0709097	42666
-0.989348	0.068669	0.84086	0.00915641	0.0709097	49081
-0.986684	0.064341	0.784845	0.00915641	0.0709097	150957
-0.984021	0.060836	0.739494	0.00915641	0.0709097	45852
-0.981358	0.0579027	0.701546	0.00915641	0.0709097	45208
-0.978695	0.0553892	0.669034	0.00915641	0.0709097	71980
-0.976032	0.0531969	0.64068	0.00915641	0.0709097	43611
-0.973369	0.0512581	0.615607	0.00915641	0.0709097	45934
-0.970706	0.0495242	0.593185	0.00915641	0.0709097	47450
-0.968043	0.0479592	0.57295	0.00915641	0.0709097	44719
-0.965379	0.0465358	0.554546	0.00915641	0.0709097	44878
-0.962716	0.0452327	0.537698	0.00915641	0.0709097	62894
-0.960053	0.0440329	0.522187	0.00915641	0.0709097	75940
-0.95739	0.0429228	0.507836	0.00915641	0.0709097	53970
-0.954727	0.0418913	0.494501	0.00915641	0.0709097	47986
-0.952064	0.0409291	0.482062	0.00915641	0.0709097	84710
-0.949401	0.0400284	0.47042	0.00915641	0.0709097	51211
-0.946738	0.0391828	0.459489	0.00915641	0.0709097	79064
-0.944075	0.0383866	0.449197	0.00915641	0.0709097	57534
-0.941411	0.0376351	0.439483	0.00915641	0.0709097	55465
-0.938748	0.0369241	0.430292	0.00915641	0.0709097	48285
-0.936085	0.03625	0.421579	0.00915641	0.0709097	82107
-0.933422	0.0356096	0.413301	0.00915641	0.0709097	64842
-0.930759	0.0350002	0.405424	0.00915641	0.0709097	66920
-0.928096	0.0344192	0.397915	0.00915641	0.0709097	62301
-0.925433	0.0338645	0.390745	0.00915641	0.0709097	53803
-0.92277	0.0333342	0.38389	0.00915641	0.0709097	48843
-0.920107	0.0328265	0.377327	0.00915641	0.0709097	55520
-0.917443	0.0323397	0.371036	0.00915641	0.0709097	225402
-0.91478	0.0318725	0.364997	0.00915641	0.0709097	47575
-0.912117	0.0314236	0.359194	0.00915641	0.0709097	57354
-0.909454	0.0309918	0.353613	0.00915641	0.0709097	80474
-0.906791	0.0305761	0.348239	0.00915641	0.0709097	46314
-0.904128	0.0301754	0.34306	0.00915641	0.0709097	82517
-0.901465	0.0297889	0.338064	0.00915641	0.0709097	66326
-0.898802	0.0294158	0.333241	0.00915641	0.0709097	58773
-0.896138	0.0290552	0.328581	0.00915641	0.0709097	48347
-0.893475	0.0287066	0.324075	0.00915641	0.0709097	47060
-0.890812	0.0283693	0.319714	0.00915641	0.0709097	47532
-0.888149	0.0280426	0.315491	0.00915641	0.0709097	70806
-0.885486	0.0277261	0.3114	0.00915641	0.0709097	73566
-0.882823	0.0274192	0.307433	0.00915641	0.0709097	109879
-0.88016	0.0271214	0.303583	0.00915641	0.0709097	70435
-0.877497	0.0268324	0.299847	0.00915641	0.0709097	48541
-0.874834	0.0265516	0.296217	0.00915641	0.0709097	186524
-0.87217	0.0262788	0.29269	0.00915641	0.0709097	79129
-0.869507	0.0260135	0.289261	0.00915641	0.0709097	61796
-0.866844	0.0257554	0.285924	0.00915641	0.0709097	63614
-0.864181	0.0255042	0.282677	0.00915641	0.0709097	82484
-0.861518	0.0252596	0.279515	0.00915641	0.0709097	86257
-0.858855	0.0250214	0.276434	0.00915641	0.0709097	72139
-0.856192	0.0247892	0.273432	0.00915641	0.0709097	47394
-0.853529	0.0245628	0.270505	0.00915641	0.0709097	51330
-0.850866	0.0243419	0.26765	0.00915641	0.0709097	40078
-0.848202	0.0241265	0.264864	0.00915641	0.0709097	50857
-0.845539	0.0239161	0.262145	0.00915641	0.0709097	41295
-0.842876	0.0237107	0.259489	0.00915641	0.0709097	50703
-0.840213	0.0235101	0.256895	0.00915641	0.0709097	89599
-0.83755	0.0233141	0.25436	0.00915641	0.0709097	49884
-0.834887	0.0231225	0.251883	0.00915641	0.0709097	70538
-0.832224	0.0229351	0.24946	0.00915641	0.0709097	59456
-0.829561	0.0227519	0.24709	0.00915641	0.0709097	167025
-0.826897	0.0225726	0.244772	0.00915641	0.0709097	48699
-0.824234	0.0223971	0.242503	0.00915641	0.0709097	78348
-0.821571	0.0222253	0.240282	0.00915641	0.0709097	42571
-0.818908	0.0220571	0.238107	0.00915641	0.0709097	58827
-0.816245	0.0218924	0.235976	0.00915641	0.0709097	47413
-0.813582	0.021731	0.233889	0.00915641	0.0709097	111802
-0.810919	0.0215728	0.231843	0.00915641	0.0709097	55803
-0.808256	0.0214178	0.229838	0.00915641	0.0709097	51430
-0.805593	0.0212657	0.227872	0.00915641	0.0709097	66515
-0.802929	0.0211167	0.225944	0.00915641	0.0709097	64762
-0.800266	0.0209704	0.224053	0.00915641	0.0709097	110635
-0.797603	0.0208269	0.222197	0.00915641	0.0709097	44436
-0.79494	0.0206861	0.220376	0.00915641	0.0709097	44245
-0.792277	0.0205479	0.218588	0.00915641	0.0709097	116708
-0.789614	0.0204123	0.216833	0.00915641	0.0709097	100217
-0.786951	0.020279	0.21511	0.00915641	0.0709097	111738
-0.784288	0.0201482	0.213417	0.00915641	0.0709097	58499
-0.781625	0.0200196	0.211755	0.00915641	0.0709097	70217
-0.778961	0.0198933	0.210121	0.00915641	0.0709097	83259
-0.776298	0.0197692	0.208515	0.00915641	0.0709097	72532
-0.773635	0.0196472	0.206937	0.00915641	0.0709097	87911
-0.770972	0.0195273	0.205386	0.00915641	0.0709097	57498
-0.768309	0.0194094	0.20386	0.00915641	0.0709097	42010
-0.765646	0.0192934	0.20236	0.00915641	0.0709097	57221
-0.762983	0.0191794	0.200885	0.00915641	0.0709097	65622
-0.76032	0.0190672	0.199433	0.00915641	0.0709097	78198
-0.757656	0.0189568	0.198005	0.00915641	0.0709097	48698
-0.754993	0.0188482	0.1966	0.00915641	0.0709097	52758
-0.75233	0.0187413	0.195216	0.00915641	0.0709097	78287
-0.749667	0.018636	0.193855	0.00915641	0.0709097	44819
-0.747004	0.0185325	0.192515	0.00915641	0.0709097	51931
-0.744341	0.0184305	0.191195	0.00915641	0.0709097	55966
-0.741678	0.01833	0.189895	0.00915641	0.0709097	82159
-0.739015	0.0182311	0.188615	0.00915641	0.0709097	52394
-0.736352	0.0181337	0.187354	0.00915641	0.0709097	45779
-0.733688	0.0180377	0.186112	0.00915641	0.0709097	68790
-0.731025	0.0179431	0.184888	0.00915641	0.0709097	69273
-0.728362	0.0178499	0.183682	0.00915641	0.0709097	97033
-0.725699	0.017758	0.182493	0.00915641	0.0709097	47089
-0.723036	0.0176675	0.181321	0.00915641	0.0709097	52420
-0.720373	0.0175782	0.180166	0.00915641	0.0709097	98346
-0.71771	0.0174903	0.179028	0.00915641	0.0709097	50238
-0.715047	0.0174035	0.177905	0.00915641	0.0709097	36971
-0.712383	0.017318	0.176798	0.00915641	0.0709097	74662
-0.70972	0.0172336	0.175705	0.00915641	0.0709097	50474
-0.707057	0.0171504	0.174628	0.00915641	0.0709097	52433
-0.704394	0.0170683	0.173566	0.00915641	0.0709097	50238
-0.701731	0.0169873	0.172517	0.00915641	0.0709097	54647
-0.699068	0.0169074	0.171483	0.00915641	0.0709097	63749
-0.696405	0.0168285	0.170462	0.00915641	0.0709097	53375
-0.693742	0.0167507	0.169455	0.00915641	0.0709097	32449
-0.691079	0.0166739	0.168461	0.00915641	0.0709097	117778
-0.688415	0.0165981	0.16748	0.00915641	0.0709097	57964
-0.685752	0.0165233	0.166511	0.00915641	0.0709097	59524
-0.683089	0.0164494	0.165555	0.00915641	0.0709097	61215
-0.680426	0.0163765	0.16461	0.00915641	0.0709097	56893
-0.677763	0.0163045	0.163678	0.00915641	0.0709097	69284
-0.6751	0.0162334	0.162757	0.00915641	0.0709097	49851
-0.672437	0.0161631	0.161848	0.00915641	0.0709097	53687
-0.669774	0.0160938	0.160949	0.00915641	0.0709097	55391
-0.667111	0.0160252	0.160062	0.00915641	0.0709097	50447
-0.664447	0.0159575	0.159186	0.00915641	0.0709097	100965
-0.661784	0.0158907	0.158319	0.00915641	0.0709097	66916
-0.659121	0.0158246	0.157464	0.00915641	0.0709097	49242
-0.656458	0.0157593	0.156618	0.00915641	0.0709097	49960
-0.653795	0.0156948	0.155783	0.00915641	0.0709097	80184
-0.651132	0.015631	0.154957	0.00915641	0.0709097	75306
-0.648469	0.015568	0.154141	0.00915641	0.0709097	107217
-0.645806	0.0155057	0.153334	0.00915641	0.0709097	87193
-0.643142	0.0154441	0.152536	0.00915641	0.0709097	48974
-0.640479	0.0153833	0.151748	0.00915641	0.0709097	58045
-0.637816	0.0153231	0.150969	0.00915641	0.0709097	96340
-0.635153	0.0152636	0.150198	0.00915641	0.0709097	57269
-0.63249	0.0152047	0.149436	0.00915641	0.0709097	50956
-0.629827	0.0151466	0.148682	0.00915641	0.0709097	51846
-0.627164	0.015089	0.147937	0.00915641	0.0709097	49380
-0.624501	0.0150321	0.1472	0.00915641	0.0709097	68088
-0.621838	0.0149759	0.146471	0.00915641	0.0709097	48430
-0.619174	0.0149202	0.145749	0.00915641	0.0709097	49593
-0.616511	0.0148651	0.145036	0.00915641	0.0709097	98800
-0.613848	0.0148106	0.14433	0.00915641	0.0709097	53013
-0.611185	0.0147567	0.143632	0.00915641	0.0709097	99196
-0.608522	0.0147034	0.142941	0.00915641	0.0709097	55006
-0.605859	0.0146507	0.142258	0.00915641	0.0709097	55250
-0.603196	0.0145985	0.141581	0.00915641	0.0709097	128300
-0.600533	0.0145468	0.140912	0.00915641	0.0709097	64901
-0.59787	0.0144957	0.140249	0.00915641	0.0709097	49877
-0.595206	0.0144451	0.139593	0.00915641	0.0709097	57344
-0.592543	0.014395	0.138944	0.00915641	0.0709097	49260
-0.58988	0.0143454	0.138302	0.00915641	0.0709097	43131
-0.587217	0.0142963	0.137666	0.00915641	0.0709097	49680
-0.584554	0.0142477	0.137036	0.00915641	0.0709097	129370
-0.581891	0.0141997	0.136413	0.00915641	0.0709097	51907
-0.579228	0.014152	0.135796	0.00915641	0.0709097	57961
-0.576565	0.0141049	0.135185	0.00915641	0.0709097	116237
-0.573901	0.0140582	0.13458	0.00915641	0.0709097	88112
-0.571238	0.014012	0.133981	0.00915641	0.0709097	51887
-0.568575	0.0139662	0.133388	0.00915641	0.0709097	98624
-0.565912	0.0139209	0.1328	0.00915641	0.0709097	53230
-0.563249	0.013876	0.132218	0.00915641	0.0709097	51908
-0.560586	0.0138316	0.131642	0.00915641	0.0709097	52648
-0.557923	0.0137875	0.131071	0.00915641	0.0709097	55160
-0.55526	0.0137439	0.130506	0.00915641	0.0709097	68011
-0.552597	0.0137007	0.129946	0.00915641	0.0709097	54835
-0.549933	0.0136579	0.129391	0.00915641	0.0709097	55856
-0.54727	0.0136155	0.128841	0.00915641	0.0709097	51250
-0.544607	0.0135735	0.128297	0.00915641	0.0709097	37611
-0.541944	0.0135319	0.127757	0.00915641	0.0709097	62093
-0.539281	0.0134906	0.127222	0.00915641	0.0709097	106121
-0.536618	0.0134498	0.126693	0.00915641	0.0709097	48868
-0.533955	0.0134093	0.126168	0.00915641	0.0709097	56112
-0.531292	0.0133692	0.125647	0.00915641	0.0709097	71617
-0.528628	0.0133294	0.125132	0.00915641	0.0709097	51398
-0.525965	0.01329	0.124621	0.00915641	0.0709097	67094
-0.523302	0.013251	0.124115	0.00915641	0.0709097	71707
-0.520639	0.0132123	0.123613	0.00915641	0.0709097	62985
-0.517976	0.0131739	0.123115	0.00915641	0.0709097	66028
-0.515313	0.0131359	0.122622	0.00915641	0.0709097	53509
-0.51265	0.0130982	0.122133	0.00915641	0.0709097	64281
-0.509987	0.0130608	0.121649	0.00915641	0.0709097	59423
-0.507324	0.0130238	0.121168	0.00915641	0.0709097	101765
-0.50466	0.0129871	0.120692	0.00915641	0.0709097	62396
-0.501997	0.0129507	0.12022	0.00915641	0.0709097	72942
-0.499334	0.0129146	0.119752	0.00915641	0.0709097	211410
-0.496671	0.0128788	0.119288	0.00915641	0.0709097	85341
-0.494008	0.0128433	0.118827	0.00915641	0.0709097	125022
-0.491345	0.0128081	0.118371	0.00915641	0.0709097	48118
-0.488682	0.0127732	0.117918	0.00915641	0.0709097	49184
-0.486019	0.0127386	0.11747	0.00915641	0.0709097	50945
-0.483356	0.0127043	0.117025	0.00915641	0.0709097	56454
-0.480692	0.0126703	0.116583	0.00915641	0.0709097	52523
-0.478029	0.0126366	0.116145	0.00915641	0.0709097	71562
-0.475366	0.0126031	0.115711	0.00915641	0.0709097	60605
-0.472703	0.0125699	0.115281	0.00915641	0.0709097	53813
-0.47004	0.012537	0.114853	0.00915641	0.0709097	49912
-0.467377	0.0125043	0.11443	0.00915641	0.0709097	132373
-0.464714	0.012472	0.114009	0.00915641	0.0709097	97107
-0.462051	0.0124398	0.113593	0.00915641	0.0709097	54444
-0.459387	0.012408	0.113179	0.00915641	0.0709097	49322
-0.456724	0.0123763	0.112769	0.00915641	0.0709097	49768
-0.454061	0.012345	0.112362	0.00915641	0.0709097	53125
-0.451398	0.0123138	0.111958	0.00915641	0.0709097	52077
-0.448735	0.012283	0.111557	0.00915641	0.0709097	124544
-0.446072	0.0122523	0.111159	0.00915641	0.0709097	143563
-0.443409	0.0122219	0.110765	0.00915641	0.0709097	70854
-0.440746	0.0121918	0.110373	0.00915641	0.0709097	52352
-0.438083	0.0121618	0.109985	0.00915641	0.0709097	44843
-0.435419	0.0121322	0.1096	0.00915641	0.0709097	46703
-0.432756	0.0121027	0.109217	0.00915641	0.0709097	128442
-0.430093	0.0120734	0.108837	0.00915641	0.0709097	62799
-0.42743	0.0120444	0.108461	0.00915641	0.0709097	43698
-0.424767	0.0120156	0.108087	0.00915641	0.0709097	43854
-0.422104	0.011987	0.107716	0.00915641	0.0709097	43934
-0.419441	0.0119587	0.107348	0.00915641	0.0709097	47344
-0.416778	0.0119305	0.106982	0.00915641	0.0709097	78738
-0.414115	0.0119026	0.106619	0.00915641	0.0709097	46270
-0.411451	0.0118748	0.106259	0.00915641	0.0709097	44703
-0.408788	0.0118473	0.105902	0.00915641	0.0709097	65657
-0.406125	0.01182	0.105547	0.00915641	0.0709097	61285
-0.403462	0.0117928	0.105194	0.00915641	0.0709097	68225
-0.400799	0.0117659	0.104845	0.00915641	0.0709097	52408
-0.398136	0.0117392	0.104498	0.00915641	0.0709097	46436
-0.395473	0.0117126	0.104153	0.00915641	0.0709097	53727
-0.39281	0.0116863	0.103811	0.00915641	0.0709097	51034
-0.390146	0.0116601	0.103471	0.00915641	0.0709097	61005
-0.387483	0.0116341	0.103134	0.00915641	0.0709097	213412
-0.38482	0.0116083	0.102799	0.00915641	0.0709097	68805
-0.382157	0.0115827	0.102466	0.00915641	0.0709097	51591
-0.379494	0.0115573	0.102136	0.00915641	0.0709097	47278
-0.376831	0.0115321	0.101808	0.00915641	0.0709097	50552
-0.374168	0.011507	0.101483	0.00915641	0.0709097	113492
-0.371505	0.0114821	0.10116	0.00915641	0.0709097	56268
-0.368842	0.0114574	0.100839	0.00915641	0.0709097	63139
-0.366178	0.0114329	0.10052	0.00915641	0.0709097	49343
-0.363515	0.0114085	0.100203	0.00915641	0.0709097	84973
-0.360852	0.0113843	0.0998889	0.00915641	0.0709097	50401
-0.358189	0.0113602	0.0995767	0.00915641	0.0709097	103743
-0.355526	0.0113364	0.0992666	0.00915641	0.0709097	76522
-0.352863	0.0113127	0.0989586	0.00915641	0.0709097	58326
-0.3502	0.0112891	0.0986527	0.00915641	0.0709097	96336
-0.347537	0.0112657	0.0983489	0.00915641	0.0709097	60036
-0.344874	0.0112425	0.0980471	0.00915641	0.0709097	47284
-0.34221	0.0112194	0.0977473	0.00915641	0.0709097	81716
-0.339547	0.0111965	0.0974496	0.00915641	0.0709097	70316
-0.336884	0.0111737	0.0971538	0.00915641	0.0709097	46065
-0.334221	0.0111511	0.09686	0.00915641	0.0709097	49701
-0.331558	0.0111287	0.0965682	0.00915641	0.0709097	65753
-0.328895	0.0111064	0.0962783	0.00915641	0.0709097	113049
-0.326232	0.0110842	0.0959902	0.00915641	0.0709097	60794
-0.323569	0.0110622	0.0957041	0.00915641	0.0709097	74596
-0.320905	0.0110403	0.0954199	0.00915641	0.0709097	120409
-0.318242	0.0110186	0.0951375	0.00915641	0.0709097	45131
-0.315579	0.010997	0.0948569	0.00915641	0.0709097	40826
-0.312916	0.0109755	0.0945781	0.00915641	0.0709097	194755
-0.310253	0.0109542	0.0943012	0.00915641	0.0709097	46988
-0.30759	0.010933	0.094026	0.00915641	0.0709097	47757
-0.304927	0.010912	0.0937526	0.00915641	0.0709097	105275
-0.302264	0.0108911	0.0934809	0.00915641	0.0709097	63929
-0.299601	0.0108703	0.0932109	0.00915641	0.0709097	89737
-0.296937	0.0108497	0.0929427	0.00915641	0.0709097	48258
-0.294274	0.0108292	0.0926761	0.00915641	0.0709097	145675
-0.291611	0.0108088	0.0924113	0.00915641	0.0709097	88893
-0.288948	0.0107886	0.0921481	0.00915641	0.0709097	65351
-0.286285	0.0107684	0.0918865	0.00915641	0.0709097	86322
-0.283622	0.0107484	0.0916266	0.00915641	0.0709097	41282
-0.280959	0.0107286	0.0913683	0.00915641	0.0709097	31432
-0.278296	0.0107088	0.0911116	0.00915641	0.0709097	42396
-0.275632	0.0106892	0.0908565	0.00915641	0.0709097	68240
-0.272969	0.0106697	0.0906029	0.00915641	0.0709097	43740
-0.270306	0.0106503	0.090351	0.00915641	0.0709097	41643
-0.267643	0.010631	0.0901005	0.00915641	0.0709097	50863
-0.26498	0.0106119	0.0898516	0.00915641	0.0709097	72800
-0.262317	0.0105929	0.0896042	0.00915641	0.0709097	102004
-0.259654	0.010574	0.0893583	0.00915641	0.0709097	68693
-0.256991	0.0105552	0.0891139	0.00915641	0.0709097	58349
-0.254328	0.0105365	0.0888709	0.00915641	0.0709097	240093
-0.251664	0.0105179	0.0886295	0.00915641	0.0709097	122891
-0.249001	0.0104994	0.0883894	0.00915641	0.0709097	48652
-0.246338	0.0104811	0.0881508	0.00915641	0.0709097	49598
-0.243675	0.0104629	0.0879136	0.00915641	0.0709097	45741
-0.241012	0.0104447	0.0876779	0.00915641	0.0709097	105031
-0.238349	0.0104267	0.0874435	0.00915641	0.0709097	45015
-0.235686	0.0104088	0.0872105	0.00915641	0.0709097	108999
-0.233023	0.010391	0.0869789	0.00915641	0.0709097	82703
-0.23036	0.0103733	0.0867486	0.00915641	0.0709097	51588
-0.227696	0.0103557	0.0865197	0.00915641	0.0709097	52426
-0.225033	0.0103382	0.0862921	0.00915641	0.0709097	84079
-0.22237	0.0103208	0.0860658	0.00915641	0.0709097	47550
-0.219707	0.0103035	0.0858409	0.00915641	0.0709097	50328
-0.217044	0.0102863	0.0856172	0.00915641	0.0709097	56513
-0.214381	0.0102692	0.0853949	0.00915641	0.0709097	46852
-0.211718	0.0102522	0.0851738	0.00915641	0.0709097	46060
-0.209055	0.0102353	0.084954	0.00915641	0.0709097	45595
-0.206391	0.0102185	0.0847354	0.00915641	0.0709097	154289
-0.203728	0.0102018	0.0845181	0.00915641	0.0709097	56447
-0.201065	0.0101852	0.084302	0.00915641	0.0709097	52260
-0.198402	0.0101687	0.0840872	0.00915641	0.0709097	62263
-0.195739	0.0101522	0.0838735	0.00915641	0.0709097	211440
-0.193076	0.0101359	0.0836611	0.00915641	0.0709097	49802
-0.190413	0.0101197	0.0834498	0.00915641	0.0709097	60483
-0.18775	0.0101035	0.0832398	0.00915641	0.0709097	98220
-0.185087	0.0100875	0.0830309	0.00915641	0.0709097	74013
-0.182423	0.0100715	0.0828232	0.00915641	0.0709097	46486
-0.17976	0.0100556	0.0826166	0.00915641	0.0709097	63348
-0.177097	0.0100398	0.0824112	0.00915641	0.0709097	112694
-0.174434	0.0100241	0.0822069	0.00915641	0.0709097	104379
-0.171771	0.0100085	0.0820037	0.00915641	0.0709097	35632
-0.169108	0.00999299	0.0818016	0.00915641	0.0709097	125161
-0.166445	0.00997754	0.0816007	0.00915641	0.0709097	46420
-0.163782	0.00996219	0.0814009	0.00915641	0.0709097	61245
-0.161119	0.00994691	0.0812021	0.00915641	0.0709097	43735
-0.158455	0.00993172	0.0810044	0.00915641	0.0709097	44984
-0.155792	0.00991661	0.0808078	0.00915641	0.0709097	178009
-0.153129	0.00990159	0.0806123	0.00915641	0.0709097	42803
-0.150466	0.00988664	0.0804178	0.00915641	0.0709097	68467
-0.147803	0.00987178	0.0802244	0.00915641	0.0709097	50445
-0.14514	0.009857	0.080032	0.00915641	0.0709097	48721
-0.142477	0.00984229	0.0798406	0.00915641	0.0709097	50921
-0.139814	0.00982767	0.0796502	0.00915641	0.0709097	46561
-0.13715	0.00981312	0.0794609	0.00915641	0.0709097	108209
-0.134487	0.00979865	0.0792726	0.00915641	0.0709097	56426
-0.131824	0.00978425	0.0790852	0.00915641	0.0709097	53065
-0.129161	0.00976994	0.0788989	0.00915641	0.0709097	48402
-0.126498	0.0097557	0.0787135	0.00915641	0.0709097	72657
-0.123835	0.00974153	0.0785291	0.00915641	0.0709097	49894
-0.121172	0.00972744	0.0783457	0.00915641	0.0709097	53114
-0.118509	0.00971342	0.0781633	0.00915641	0.0709097	48739
-0.115846	0.00969948	0.0779817	0.00915641	0.0709097	51360
-0.113182	0.00968561	0.0778012	0.00915641	0.0709097	73549
-0.110519	0.00967181	0.0776215	0.00915641	0.0709097	74821
-0.107856	0.00965808	0.0774428	0.00915641	0.0709097	431705
-0.105193	0.00964442	0.077265	0.00915641	0.0709097	54699
-0.10253	0.00963084	0.0770882	0.00915641	0.0709097	81104
-0.0998668	0.00961732	0.0769122	0.00915641	0.0709097	50034
-0.0972037	0.00960388	0.0767372	0.00915641	0.0709097	48738
-0.0945406	0.0095905	0.076563	0.00915641	0.0709097	77275
-0.0918775	0.00957719	0.0763897	0.00915641	0.0709097	71932
-0.0892144	0.00956395	0.0762173	0.00915641	0.0709097	52375
-0.0865513	0.00955078	0.0760458	0.00915641	0.0709097	69709
-0.0838881	0.00953767	0.0758752	0.00915641	0.0709097	88494
-0.081225	0.00952463	0.0757054	0.00915641	0.0709097	79479
-0.0785619	0.00951166	0.0755365	0.00915641	0.0709097	48731
-0.0758988	0.00949875	0.0753684	0.00915641	0.0709097	54101
-0.0732357	0.0094859	0.0752011	0.00915641	0.0709097	124706
-0.0705726	0.00947312	0.0750347	0.00915641	0.0709097	45638
-0.0679095	0.00946041	0.0748692	0.00915641	0.0709097	44063
-0.0652463	0.00944776	0.0747044	0.00915641	0.0709097	86630
-0.0625832	0.00943517	0.0745405	0.00915641	0.0709097	70423
-0.0599201	0.00942264	0.0743774	0.00915641	0.0709097	176407
-0.057257	0.00941018	0.074215	0.00915641	0.0709097	73590
-0.0545939	0.00939778	0.0740535	0.00915641	0.0709097	88350
-0.0519308	0.00938544	0.0738928	0.00915641	0.0709097	47277
-0.0492676	0.00937315	0.0737329	0.00915641	0.0709097	58062
-0.0466045	0.00936093	0.0735737	0.00915641	0.0709097	83076
-0.0439414	0.00934877	0.0734154	0.00915641	0.0709097	99321
-0.0412783	0.00933667	0.0732578	0.00915641	0.0709097	58666
-0.0386152	0.00932463	0.0731009	0.00915641	0.0709097	47804
-0.0359521	0.00931265	0.0729449	0.00915641	0.0709097	52314
-0.0332889	0.00930072	0.0727895	0.00915641	0.0709097	72379
-0.0306258	0.00928886	0.072635	0.00915641	0.0709097	48761
-0.0279627	0.00927705	0.0724812	0.00915641	0.0709097	50829
-0.0252996	0.0092653	0.0723281	0.00915641	0.0709097	47094
-0.0226365	0.0092536	0.0721757	0.00915641	0.0709097	64310
-0.0199734	0.00924196	0.0720241	0.00915641	0.0709097	51873
-0.0173103	0.00923038	0.0718732	0.00915641	0.0709097	104635
-0.0146471	0.00921885	0.071723	0.00915641	0.0709097	50635
-0.011984	0.00920737	0.0715736	0.00915641	0.0709097	71566
-0.00932091	0.00919595	0.0714248	0.00915641	0.0709097	46560
-0.00665779	0.00918459	0.0712768	0.00915641	0.0709097	54213
-0.00399467	0.00917328	0.0711294	0.00915641	0.0709097	52682
-0.00133156	0.00916202	0.0709828	0.00915641	0.0709097	103307
0.00133156	0.00915081	0.0708367	0.00915641	0.0709097	67672
0.00399467	0.0091396	0.0706907	0.00915641	0.0709097	99461
0.00665779	0.00912838	0.0705445	0.00915641	0.0709097	47712
0.00932091	0.00911715	0.0703983	0.00915641	0.0709097	71899
0.011984	0.00910592	0.070252	0.00915641	0.0709097	49459
0.0146471	0.00909468	0.0701055	0.00915641	0.0709097	114592
0.0173103	0.00908344	0.069959	0.00915641	0.0709097	51023
0.0199734	0.00907219	0.0698124	0.00915641	0.0709097	65966
0.0226365	0.00906093	0.0696658	0.00915641	0.0709097	45923
0.0252996	0.00904966	0.069519	0.00915641	0.0709097	49190
0.0279627	0.00903839	0.0693721	0.00915641	0.0709097	50578
0.0306258	0.00902711	0.0692252	0.00915641	0.0709097	80137
0.0332889	0.00901583	0.0690781	0.00915641	0.0709097	45512
0.0359521	0.00900454	0.068931	0.00915641	0.0709097	61976
0.0386152	0.00899324	0.0687838	0.00915641	0.0709097	48091
0.0412783	0.00898193	0.0686365	0.00915641	0.0709097	57380
0.0439414	0.00897062	0.0684891	0.00915641	0.0709097	146191
0.0466045	0.0089593	0.0683416	0.00915641	0.0709097	48312
0.0492676	0.00894798	0.068194	0.00915641	0.0709097	53723
0.0519308	0.00893664	0.0680463	0.00915641	0.0709097	67938
0.0545939	0.00892531	0.0678986	0.00915641	0.0709097	48437
0.057257	0.00891396	0.0677507	0.00915641	0.0709097	58887
0.0599201	0.00890261	0.0676028	0.00915641	0.0709097	108476
0.0625832	0.00889125	0.0674548	0.00915641	0.0709097	83039
0.0652463	0.00887988	0.0673066	0.00915641	0.0709097	47134
0.0679095	0.00886851	0.0671584	0.00915641	0.0709097	147819
0.0705726	0.00885713	0.0670102	0.00915641	0.0709097	116124
0.0732357	0.00884575	0.0668618	0.00915641	0.0709097	47513
0.0758988	0.00883436	0.0667133	0.00915641	0.0709097	54486
0.0785619	0.00882296	0.0665648	0.00915641	0.0709097	48064
0.081225	0.00881155	0.0664161	0.00915641	0.0709097	47217
0.0838881	0.00880014	0.0662674	0.00915641	0.0709097	48718
0.0865513	0.00878872	0.0661186	0.00915641	0.0709097	78468
0.0892144	0.0087773	0.0659697	0.00915641	0.0709097	55505
0.0918775	0.00876587	0.0658207	0.00915641	0.0709097	133362
0.0945406	0.00875443	0.0656716	0.00915641	0.0709097	140517
0.0972037	0.00874299	0.0655224	0.00915641	0.0709097	49851
0.0998668	0.00873154	0.0653732	0.00915641	0.0709097	57488
0.10253	0.00872008	0.0652239	0.00915641	0.0709097	45312
0.105193	0.00870862	0.0650744	0.00915641	0.0709097	56231
0.107856	0.00869715	0.0649249	0.00915641	0.0709097	53814
0.110519	0.00868567	0.0647753	0.00915641	0.0709097	51331
0.113182	0.00867419	0.0646257	0.00915641	0.0709097	47182
0.115846	0.0086627	0.0644759	0.00915641	0.0709097	85416
0.118509	0.0086512	0.064326	0.00915641	0.0709097	69286
0.121172	0.0086397	0.0641761	0.00915641	0.0709097	48016
0.123835	0.00862819	0.0640261	0.00915641	0.0709097	50660
0.126498	0.00861668	0.063876	0.00915641	0.0709097	49167
0.129161	0.00860515	0.0637258	0.00915641	0.0709097	85815
0.131824	0.00859363	0.0635755	0.00915641	0.0709097	71926
0.134487	0.00858209	0.0634251	0.00915641	0.0709097	91241
0.13715	0.00857055	0.0632747	0.00915641	0.0709097	174898
0.139814	0.00855901	0.0631242	0.00915641	0.0709097	47993
0.142477	0.00854745	0.0629736	0.00915641	0.0709097	60225
0.14514	0.0085359	0.0628229	0.00915641	0.0709097	53648
0.147803	0.00852433	0.0626721	0.00915641	0.0709097	60303
0.150466	0.00851276	0.0625212	0.00915641	0.0709097	46098
0.153129	0.00850118	0.0623703	0.00915641	0.0709097	49606
0.155792	0.0084896	0.0622193	0.00915641	0.0709097	86002
0.158455	0.00847801	0.0620682	0.00915641	0.0709097	153227
0.161119	0.00846641	0.061917	0.00915641	0.0709097	49808
0.163782	0.00845481	0.0617657	0.00915641	0.0709097	53961
0.166445	0.0084432	0.0616144	0.00915641	0.0709097	61771
0.169108	0.00843159	0.061463	0.00915641	0.0709097	106635
0.171771	0.00841997	0.0613115	0.00915641	0.0709097	45938
0.174434	0.00840834	0.0611599	0.00915641	0.0709097	51019
0.177097	0.00839671	0.0610082	0.00915641	0.0709097	47775
0.17976	0.00838507	0.0608565	0.00915641	0.0709097	84358
0.182423	0.00837343	0.0607047	0.00915641	0.0709097	47605
0.185087	0.00836178	0.0605528	0.00915641	0.0709097	53384
0.18775	0.00835012	0.0604008	0.00915641	0.0709097	47671
0.190413	0.00833846	0.0602488	0.00915641	0.0709097	65675
0.193076	0.0083268	0.0600966	0.00915641	0.0709097	48889
0.195739	0.00831512	0.0599444	0.00915641	0.0709097	54657
0.198402	0.00830344	0.0597921	0.00915641	0.0709097	87595
0.201065	0.00829176	0.0596398	0.00915641	0.0709097	56316
0.203728	0.00828007	0.0594874	0.00915641	0.0709097	47117
0.206391	0.00826837	0.0593349	0.00915641	0.0709097	89339
0.209055	0.00825667	0.0591823	0.00915641	0.0709097	48676
0.211718	0.00824497	0.0590296	0.00915641	0.0709097	52826
0.214381	0.00823325	0.0588769	0.00915641	0.0709097	48833
0.217044	0.00822154	0.0587241	0.00915641	0.0709097	47939
0.219707	0.00820981	0.0585712	0.00915641	0.0709097	118378
0.22237	0.00819808	0.0584183	0.00915641	0.0709097	54692
0.225033	0.00818635	0.0582653	0.00915641	0.0709097	50240
0.227696	0.00817461	0.0581122	0.00915641	0.0709097	37584
0.23036	0.00816287	0.0579591	0.00915641	0.0709097	60420
0.233023	0.00815112	0.0578059	0.00915641	0.0709097	68423
0.235686	0.00813936	0.0576526	0.00915641	0.0709097	59386
0.238349	0.0081276	0.0574992	0.00915641	0.0709097	53269
0.241012	0.00811584	0.0573458	0.00915641	0.0709097	110731
0.243675	0.00810407	0.0571923	0.00915641	0.0709097	49930
0.246338	0.00809229	0.0570388	0.00915641	0.0709097	50774
0.249001	0.00808051	0.0568852	0.00915641	0.0709097	55900
0.251664	0.00806872	0.0567315	0.00915641	0.0709097	48498
0.254328	0.00805693	0.0565777	0.00915641	0.0709097	129321
0.256991	0.00804514	0.0564239	0.00915641	0.0709097	50273
0.259654	0.00803334	0.0562701	0.00915641	0.0709097	165551
0.262317	0.00802153	0.0561161	0.00915641	0.0709097	95728
0.26498	0.00800973	0.0559621	0.00915641	0.0709097	50658
0.267643	0.00799791	0.0558081	0.00915641	0.0709097	94157
0.270306	0.00798609	0.055654	0.00915641	0.0709097	35732
0.272969	0.00797427	0.0554998	0.00915641	0.0709097	56255
0.275632	0.00796244	0.0553456	0.00915641	0.0709097	53918
0.278296	0.00795061	0.0551913	0.00915641	0.0709097	51287
0.280959	0.00793877	0.055037	0.00915641	0.0709097	51323
0.283622	0.00792693	0.0548826	0.00915641	0.0709097	56238
0.286285	0.00791509	0.0547282	0.00915641	0.0709097	48912
0.288948	0.00790324	0.0545737	0.00915641	0.0709097	49990
0.291611	0.00789139	0.0544191	0.00915641	0.0709097	73695
0.294274	0.00787953	0.0542645	0.00915641	0.0709097	51237
0.296937	0.00786767	0.0541099	0.00915641	0.0709097	38547
0.299601	0.00785581	0.0539552	0.00915641	0.0709097	50704
0.302264	0.00784394	0.0538005	0.00915641	0.0709097	87626
0.304927	0.00783207	0.0536457	0.00915641	0.0709097	50980
0.30759	0.00782019	0.0534908	0.00915641	0.0709097	54093
0.310253	0.00780831	0.053336	0.00915641	0.0709097	51679
0.312916	0.00779643	0.053181	0.00915641	0.0709097	51159
0.315579	0.00778454	0.0530261	0.00915641	0.0709097	50101
0.318242	0.00777265	0.0528711	0.00915641	0.0709097	47235
0.320905	0.00776076	0.052716	0.00915641	0.0709097	80871
0.323569	0.00774887	0.052561	0.00915641	0.0709097	65066
0.326232	0.00773697	0.0524059	0.00915641	0.0709097	50807
0.328895	0.00772507	0.0522507	0.00915641	0.0709097	83901
0.331558	0.00771316	0.0520955	0.00915641	0.0709097	49711
0.334221	0.00770126	0.0519403	0.00915641	0.0709097	155943
0.336884	0.00768935	0.0517851	0.00915641	0.0709097	47980
0.339547	0.00767743	0.0516298	0.00915641	0.0709097	59282
0.34221	0.00766552	0.0514745	0.00915641	0.0709097	73273
0.344874	0.0076536	0.0513191	0.00915641	0.0709097	107228
0.347537	0.00764168	0.0511638	0.00915641	0.0709097	47184
0.3502	0.00762976	0.0510084	0.00915641	0.0709097	48490
0.352863	0.00761784	0.050853	0.00915641	0.0709097	55798
0.355526	0.00760591	0.0506976	0.00915641	0.0709097	47617
0.358189	0.00759398	0.0505422	0.00915641	0.0709097	49091
0.360852	0.00758206	0.0503867	0.00915641	0.0709097	56741
0.363515	0.00757012	0.0502312	0.00915641	0.0709097	120990
0.366178	0.00755819	0.0500757	0.00915641	0.0709097	49735
0.368842	0.00754626	0.0499202	0.00915641	0.0709097	46786
0.371505	0.00753433	0.0497647	0.00915641	0.0709097	65578
0.374168	0.00752239	0.0496092	0.00915641	0.0709097	268697
0.376831	0.00751045	0.0494537	0.00915641	0.0709097	113299
0.379494	0.00749852	0.0492982	0.00915641	0.0709097	49680
0.382157	0.00748658	0.0491427	0.00915641	0.0709097	154301
0.38482	0.00747464	0.0489871	0.00915641	0.0709097	54992
0.387483	0.0074627	0.0488316	0.00915641	0.0709097	103243
0.390146	0.00745076	0.0486761	0.00915641	0.0709097	52077
0.39281	0.00743882	0.0485206	0.00915641	0.0709097	48862
0.395473	0.00742688	0.0483651	0.00915641	0.0709097	52582
0.398136	0.00741495	0.0482096	0.00915641	0.0709097	47031
0.400799	0.00740301	0.0480542	0.00915641	0.0709097	47697
0.403462	0.00739107	0.0478987	0.00915641	0.0709097	70762
0.406125	0.00737913	0.0477433	0.00915641	0.0709097	51118
0.408788	0.0073672	0.0475879	0.00915641	0.0709097	71693
0.411451	0.00735526	0.0474325	0.00915641	0.0709097	53415
0.414115	0.00734333	0.0472771	0.00915641	0.0709097	50409
0.416778	0.0073314	0.0471218	0.00915641	0.0709097	49773
0.419441	0.00731947	0.0469665	0.00915641	0.0709097	57162
0.422104	0.00730754	0.0468112	0.00915641	0.0709097	49279
0.424767	0.00729561	0.046656	0.00915641	0.0709097	106511
0.42743	0.00728369	0.0465008	0.00915641	0.0709097	47877
0.430093	0.00727177	0.0463457	0.00915641	0.0709097	53238
0.432756	0.00725985	0.0461906	0.00915641	0.0709097	45218
0.435419	0.00724793	0.0460356	0.00915641	0.0709097	91019
0.438083	0.00723602	0.0458806	0.00915641	0.0709097	85285
0.440746	0.00722411	0.0457257	0.00915641	0.0709097	50076
0.443409	0.00721221	0.0455708	0.00915641	0.0709097	70721
0.446072	0.0072003	0.045416	0.00915641	0.0709097	84469
0.448735	0.00718841	0.0452613	0.00915641	0.0709097	44725
0.451398	0.00717651	0.0451066	0.00915641	0.0709097	48438
0.454061	0.00716462	0.044952	0.00915641	0.0709097	39481
0.456724	0.00715274	0.0447975	0.00915641	0.0709097	45170
0.459387	0.00714086	0.0446431	0.00915641	0.0709097	45798
0.462051	0.00712899	0.0444888	0.00915641	0.0709097	36084
0.464714	0.00711712	0.0443346	0.00915641	0.0709097	194672
0.467377	0.00710526	0.0441804	0.00915641	0.0709097	46936
0.47004	0.0070934	0.0440264	0.00915641	0.0709097	45380
0.472703	0.00708156	0.0438725	0.00915641	0.0709097	52695
0.475366	0.00706971	0.0437187	0.00915641	0.0709097	227486
0.478029	0.00705788	0.043565	0.00915641	0.0709097	50399
0.480692	0.00704605	0.0434114	0.00915641	0.0709097	48882
0.483356	0.00703423	0.0432579	0.00915641	0.0709097	52947
0.486019	0.00702242	0.0431046	0.00915641	0.0709097	50022
0.488682	0.00701062	0.0429514	0.00915641	0.0709097	51216
0.491345	0.00699883	0.0427983	0.00915641	0.0709097	55362
0.494008	0.00698704	0.0426454	0.00915641	0.0709097	53685
0.496671	0.00697527	0.0424927	0.00915641	0.0709097	50840
0.499334	0.0069635	0.0423401	0.00915641	0.0709097	68695
0.501997	0.00695175	0.0421877	0.00915641	0.0709097	71253
0.50466	0.00694	0.0420354	0.00915641	0.0709097	54525
0.507324	0.00692827	0.0418833	0.00915641	0.0709097	126597
0.509987	0.00691655	0.0417314	0.00915641	0.0709097	113648
0.51265	0.00690484	0.0415797	0.00915641	0.0709097	57956
0.515313	0.00689315	0.0414282	0.00915641	0.0709097	52057
0.517976	0.00688146	0.0412768	0.00915641	0.0709097	54352
0.520639	0.00686979	0.0411257	0.00915641	0.0709097	50533
0.523302	0.00685814	0.0409748	0.00915641	0.0709097	55787
0.525965	0.0068465	0.0408242	0.00915641	0.0709097	50339
0.528628	0.00683487	0.0406737	0.00915641	0.0709097	59921
0.531292	0.00682326	0.0405235	0.00915641	0.0709097	52060
0.533955	0.00681167	0.0403736	0.00915641	0.0709097	52609
0.536618	0.00680009	0.0402239	0.00915641	0.0709097	57331
0.539281	0.00678853	0.0400745	0.00915641	0.0709097	227883
0.541944	0.00677698	0.0399253	0.00915641	0.0709097	51475
0.544607	0.00676546	0.0397764	0.00915641	0.0709097	52884
0.54727	0.00675395	0.0396278	0.00915641	0.0709097	85872
0.549933	0.00674247	0.0394795	0.00915641	0.0709097	48826
0.552597	0.006731	0.0393316	0.00915641	0.0709097	50325
0.55526	0.00671955	0.0391839	0.00915641	0.0709097	62863
0.557923	0.00670813	0.0390366	0.00915641	0.0709097	53172
0.560586	0.00669672	0.0388896	0.00915641	0.0709097	49275
0.563249	0.00668534	0.0387429	0.00915641	0.0709097	51163
0.565912	0.00667399	0.0385967	0.00915641	0.0709097	54825
0.568575	0.00666266	0.0384508	0.00915641	0.0709097	57697
0.571238	0.00665135	0.0383052	0.00915641	0.0709097	52121
0.573901	0.00664007	0.0381601	0.00915641	0.0709097	65011
0.576565	0.00662881	0.0380154	0.00915641	0.0709097	128792
0.579228	0.00661758	0.0378711	0.00915641	0.0709097	117062
0.581891	0.00660638	0.0377273	0.00915641	0.0709097	48001
0.584554	0.00659521	0.0375838	0.00915641	0.0709097	46160
0.587217	0.00658407	0.0374409	0.00915641	0.0709097	68449
0.58988	0.00657297	0.0372984	0.00915641	0.0709097	46329
0.592543	0.00656189	0.0371564	0.00915641	0.0709097	63972
0.595206	0.00655084	0.037015	0.00915641	0.0709097	123403
0.59787	0.00653983	0.036874	0.00915641	0.0709097	189331
0.600533	0.00652886	0.0367336	0.00915641	0.0709097	45756
0.603196	0.00651792	0.0365937	0.00915641	0.0709097	47188
0.605859	0.00650701	0.0364544	0.00915641	0.0709097	45727
0.608522	0.00649615	0.0363157	0.00915641	0.0709097	90793
0.611185	0.00648532	0.0361776	0.00915641	0.0709097	51563
0.613848	0.00647454	0.0360401	0.00915641	0.0709097	46886
0.616511	0.0064638	0.0359033	0.00915641	0.0709097	47994
0.619174	0.0064531	0.0357671	0.00915641	0.0709097	173498
0.621838	0.00644244	0.0356316	0.00915641	0.0709097	56142
0.624501	0.00643183	0.0354968	0.00915641	0.0709097	47039
0.627164	0.00642127	0.0353628	0.00915641	0.0709097	167430
0.629827	0.00641075	0.0352294	0.00915641	0.0709097	47127
0.63249	0.00640029	0.0350969	0.00915641	0.0709097	65523
0.635153	0.00638987	0.0349651	0.00915641	0.0709097	45059
0.637816	0.00637951	0.0348342	0.00915641	0.0709097	45832
0.640479	0.00636921	0.0347041	0.00915641	0.0709097	49613
0.643142	0.00635896	0.0345749	0.00915641	0.0709097	45417
0.645806	0.00634876	0.0344465	0.00915641	0.0709097	49334
0.648469	0.00633863	0.0343191	0.00915641	0.0709097	48977
0.651132	0.00632856	0.0341927	0.00915641	0.0709097	58135
0.653795	0.00631855	0.0340672	0.00915641	0.0709097	61269
0.656458	0.00630861	0.0339427	0.00915641	0.0709097	44050
0.659121	0.00629873	0.0338193	0.00915641	0.0709097	77978
0.661784	0.00628893	0.033697	0.00915641	0.0709097	49393
0.664447	0.00627919	0.0335757	0.00915641	0.0709097	50868
0.667111	0.00626953	0.0334556	0.00915641	0.0709097	186158
0.669774	0.00625995	0.0333367	0.00915641	0.0709097	152295
0.672437	0.00625044	0.033219	0.00915641	0.0709097	48272
0.6751	0.00624101	0.0331026	0.00915641	0.0709097	53601
0.677763	0.00623167	0.0329875	0.00915641	0.0709097	44820
0.680426	0.00622241	0.0328737	0.00915641	0.0709097	47158
0.683089	0.00621324	0.0327612	0.00915641	0.0709097	42633
0.685752	0.00620416	0.0326503	0.00915641	0.0709097	47883
0.688415	0.00619518	0.0325407	0.00915641	0.0709097	261919
0.691079	0.00618629	0.0324327	0.00915641	0.0709097	60135
0.693742	0.0061775	0.0323263	0.00915641	0.0709097	57362
0.696405	0.00616882	0.0322215	0.00915641	0.0709097	53268
0.699068	0.00616024	0.0321184	0.00915641	0.0709097	120803
0.701731	0.00615177	0.032017	0.00915641	0.0709097	48952
0.704394	0.00614342	0.0319173	0.00915641	0.0709097	45466
0.707057	0.00613518	0.0318196	0.00915641	0.0709097	84855
0.70972	0.00612707	0.0317237	0.00915641	0.0709097	43481
0.712383	0.00611907	0.0316298	0.00915641	0.0709097	70759
0.715047	0.00611121	0.031538	0.00915641	0.0709097	60444
0.71771	0.00610348	0.0314482	0.00915641	0.0709097	48211
0.720373	0.00609589	0.0313607	0.00915641	0.0709097	49591
0.723036	0.00608844	0.0312754	0.00915641	0.0709097	48933
0.725699	0.00608113	0.0311924	0.00915641	0.0709097	52264
0.728362	0.00607398	0.0311119	0.00915641	0.0709097	54507
0.731025	0.00606699	0.0310339	0.00915641	0.0709097	72998
0.733688	0.00606015	0.0309584	0.00915641	0.0709097	49475
0.736352	0.00605349	0.0308857	0.00915641	0.0709097	48826
0.739015	0.006047	0.0308157	0.00915641	0.0709097	45866
0.741678	0.00604069	0.0307486	0.00915641	0.0709097	124513
0.744341	0.00603456	0.0306845	0.00915641	0.0709097	194012
0.747004	0.00602863	0.0306235	0.00915641	0.0709097	46033
0.749667	0.00602289	0.0305657	0.00915641	0.0709097	48447
0.75233	0.00601736	0.0305113	0.00915641	0.0709097	71649
0.754993	0.00601205	0.0304602	0.00915641	0.0709097	53976
0.757656	0.00600695	0.0304128	0.00915641	0.0709097	57583
0.76032	0.00600209	0.0303691	0.00915641	0.0709097	57417
0.762983	0.00599746	0.0303293	0.00915641	0.0709097	51013
0.765646	0.00599308	0.0302934	0.00915641	0.0709097	50539
0.768309	0.00598895	0.0302618	0.00915641	0.0709097	65232
0.770972	0.00598509	0.0302344	0.00915641	0.0709097	126835
0.773635	0.0059815	0.0302116	0.00915641	0.0709097	54220
0.776298	0.0059782	0.0301934	0.00915641	0.0709097	104896
0.778961	0.00597519	0.0301801	0.00915641	0.0709097	68756
0.781625	0.00597249	0.0301719	0.00915641	0.0709097	54316
0.784288	0.00597011	0.030169	0.00915641	0.0709097	50775
0.786951	0.00596807	0.0301715	0.00915641	0.0709097	118651
0.789614	0.00596636	0.0301797	0.00915641	0.0709097	196438
0.792277	0.00596502	0.0301939	0.00915641	0.0709097	48102
0.79494	0.00596405	0.0302143	0.00915641	0.0709097	48227
0.797603	0.00596347	0.0302412	0.00915641	0.0709097	52987
0.800266	0.00596329	0.0302748	0.00915641	0.0709097	60320
0.802929	0.00596353	0.0303154	0.00915641	0.0709097	66732
0.805593	0.00596421	0.0303634	0.00915641	0.0709097	47082
0.808256	0.00596535	0.0304191	0.00915641	0.0709097	53432
0.810919	0.00596697	0.0304827	0.00915641	0.0709097	49654
0.813582	0.00596908	0.0305548	0.00915641	0.0709097	127993
0.816245	0.00597172	0.0306355	0.00915641	0.0709097	48716
0.818908	0.00597489	0.0307255	0.00915641	0.0709097	57924
0.821571	0.00597863	0.030825	0.00915641	0.0709097	43926
0.824234	0.00598297	0.0309345	0.00915641	0.0709097	46130
0.826897	0.00598792	0.0310546	0.00915641	0.0709097	48131
0.829561	0.00599352	0.0311856	0.00915641	0.0709097	48922
0.832224	0.00599979	0.0313281	0.00915641	0.0709097	54466
0.834887	0.00600678	0.0314828	0.00915641	0.0709097	46372
0.83755	0.00601451	0.0316502	0.00915641	0.0709097	109222
0.840213	0.00602303	0.0318308	0.00915641	0.0709097	62810
0.842876	0.00603236	0.0320255	0.00915641	0.0709097	48840
0.845539	0.00604255	0.0322349	0.00915641	0.0709097	196865
0.848202	0.00605364	0.0324597	0.00915641	0.0709097	46242
0.850866	0.00606568	0.0327009	0.00915641	0.0709097	46713
0.853529	0.00607873	0.0329592	0.00915641	0.0709097	126728
0.856192	0.00609282	0.0332355	0.00915641	0.0709097	48015
0.858855	0.00610802	0.0335309	0.00915641	0.0709097	58284
0.861518	0.0061244	0.0338464	0.00915641	0.0709097	83011
0.864181	0.006142	0.0341832	0.00915641	0.0709097	51581
0.866844	0.00616091	0.0345423	0.00915641	0.0709097	51992
0.869507	0.00618119	0.0349252	0.00915641	0.0709097	169647
0.87217	0.00620294	0.0353332	0.00915641	0.0709097	56945
0.874834	0.00622623	0.0357677	0.00915641	0.0709097	52530
0.877497	0.00625115	0.0362304	0.00915641	0.0709097	49376
0.88016	0.00627781	0.0367231	0.00915641	0.0709097	48150
0.882823	0.00630632	0.0372474	0.00915641	0.0709097	73652
0.885486	0.00633679	0.0378056	0.00915641	0.0709097	47692
0.888149	0.00636936	0.0383997	0.00915641	0.0709097	50216
0.890812	0.00640415	0.039032	0.00915641	0.0709097	52815
0.893475	0.00644132	0.0397052	0.00915641	0.0709097	68803
0.896138	0.00648104	0.0404221	0.00915641	0.0709097	62106
0.898802	0.00652349	0.0411855	0.00915641	0.0709097	68439
0.901465	0.00656886	0.0419989	0.00915641	0.0709097	56147
0.904128	0.00661736	0.0428659	0.00915641	0.0709097	52727
0.906791	0.00666924	0.0437904	0.00915641	0.0709097	50628
0.909454	0.00672476	0.0447768	0.00915641	0.0709097	50868
0.912117	0.00678421	0.0458298	0.00915641	0.0709097	90186
0.91478	0.00684791	0.0469548	0.00915641	0.0709097	121202
0.917443	0.00691621	0.0481577	0.00915641	0.0709097	50737
0.920107	0.00698951	0.0494449	0.00915641	0.0709097	51433
0.92277	0.00706826	0.0508238	0.00915641	0.0709097	48643
0.925433	0.00715296	0.0523024	0.00915641	0.0709097	49496
0.928096	0.00724416	0.0538898	0.00915641	0.0709097	73244
0.930759	0.00734251	0.0555964	0.00915641	0.0709097	58077
0.933422	0.00744872	0.0574337	0.00915641	0.0709097	140364
0.936085	0.00756361	0.059415	0.00915641	0.0709097	51171
0.938748	0.00768814	0.0615552	0.00915641	0.0709097	47856
0.941411	0.00782338	0.0638717	0.00915641	0.0709097	46367
0.944075	0.00797058	0.0663843	0.00915641	0.0709097	53282
0.946738	0.00813123	0.0691161	0.00915641	0.0709097	124224
0.949401	0.00830703	0.0720942	0.00915641	0.0709097	92614
0.952064	0.00850002	0.0753503	0.00915641	0.0709097	46669
0.954727	0.00871263	0.0789221	0.00915641	0.0709097	51853
0.95739	0.00894776	0.0828546	0.00915641	0.0709097	47881
0.960053	0.00920897	0.0872022	0.00915641	0.0709097	48358
0.962716	0.00950062	0.0920315	0.00915641	0.0709097	73394
0.965379	0.00982812	0.0974248	0.00915641	0.0709097	47112
0.968043	0.0101983	0.103485	0.00915641	0.0709097	50413
0.970706	0.0106201	0.110345	0.00915641	0.0709097	51317
0.973369	0.0111049	0.118176	0.00915641	0.0709097	69910
0.976032	0.0116683	0.127206	0.00915641	0.0709097	56777
0.978695	0.0123317	0.137748	0.00915641	0.0709097	48143
0.981358	0.0131256	0.150244	0.00915641	0.0709097	82390
0.984021	0.0140959	0.165348	0.00915641	0.0709097	46995
0.986684	0.0153145	0.184079	0.00915641	0.0709097	72405
0.989348	0.0169045	0.208151	0.00915641	0.0709097	47019
0.992011	0.0190996	0.240775	0.00915641	0.0709097	47333
0.994674	0.0224297	0.289087	0.00915641	0.0709097	57080
0.997337	0.0285738	0.375131	0.00915641	0.0709097	47408
1	0.0955679	1.18938	0.00915641	0.0709097	234621
