u = $e^x+e^t$, lambda = $u$
t	ru	iu	r1	i1	r2	i2	r3	i3	r4	i4
0.001	0.0810523	30	0.10668	13	nan	1010	0.0735906	19	0.0983537	19
0.002	0.0810523	30	0.101996	13	nan	1010	0.072731	19	0.0978014	19
0.003	0.0810523	30	0.0980841	13	nan	1010	0.0736881	20	0.0968963	19
0.004	0.0810523	30	0.0947976	13	0.112347	14	0.073238	20	0.0962272	19
0.005	0.0810523	30	0.0920214	13	0.112347	14	0.0728639	20	0.0956928	19
0.006	0.0810523	30	0.0896647	13	0.112347	13	0.0725411	20	0.0952459	19
0.007	0.0810523	30	0.0876547	13	0.112347	13	0.0722552	20	0.0948612	20
0.008	0.0810523	30	0.0859329	13	0.112347	13	0.071997	20	0.0945226	20
0.009	0.0810523	30	0.084452	13	0.112348	13	0.0731307	22	0.09422	20
0.01	0.0810523	30	0.083173	13	0.11235	13	0.0728926	22	0.0939462	20
0.011	0.0810523	30	0.0820643	13	0.112354	13	0.0726667	22	0.093696	20
0.012	0.0810523	30	0.0810995	13	0.112363	13	0.0724512	22	0.0934655	20
0.013	0.0810523	30	0.0802572	13	0.112379	13	0.072245	22	0.0932518	20
0.014	0.0810523	30	0.079519	13	0.112403	13	0.0720471	22	0.0930525	20
0.015	0.0810523	30	0.07887	13	0.112438	13	0.0718565	22	0.0928657	20
0.016	0.0810523	30	0.0782975	13	0.112483	13	0.0716726	22	0.0926899	20
0.017	0.0810523	30	0.0777908	13	0.112539	13	0.0714947	22	0.0925238	20
0.018	0.0810523	30	0.0773408	13	0.112603	13	0.0713222	22	0.0923665	20
0.019	0.0810523	30	0.07694	13	0.112672	13	0.0711548	22	0.0922169	21
0.02	0.0810523	30	0.0765818	13	0.112744	13	0.0709921	22	0.0920744	21
0.021	0.0810523	30	0.0762607	13	0.112814	13	0.0708335	22	0.0919383	22
0.022	0.0810523	30	0.0759718	13	0.112879	13	0.0723593	23	0.0918081	22
0.023	0.0810523	30	0.0757112	13	0.112936	13	0.0722153	23	0.0916832	22
0.024	0.0810523	30	0.0754753	13	0.112982	13	0.0720735	23	0.0915632	22
0.025	0.0810523	30	0.075261	13	0.113017	13	0.071934	23	0.0914477	22
0.026	0.0810523	30	0.0750659	13	0.113103	14	0.0717965	23	0.0913365	22
0.027	0.0810523	30	0.0748874	13	0.113121	14	0.0716611	23	0.0912291	22
0.028	0.0810523	30	0.0747238	13	0.113127	14	0.0715276	23	0.0911254	22
0.029	0.0810523	30	0.0745733	13	0.11312	14	0.071396	23	0.0910251	22
0.03	0.0810523	30	0.0744343	13	0.1131	14	0.0712661	23	0.090928	22
0.031	0.0810523	30	0.0743056	13	0.113069	14	0.071138	23	0.0908338	22
0.032	0.0810523	30	0.0741859	13	0.113027	14	0.0710116	23	0.0907424	22
0.033	0.0810523	30	0.0743567	14	0.112975	14	0.0708867	23	0.0906537	22
0.034	0.0810523	30	0.074244	14	0.112914	14	0.0707635	23	0.0905675	22
0.035	0.0810523	30	0.0741378	14	0.112844	14	0.0706417	23	0.0904836	22
0.036	0.0810523	30	0.0740375	14	0.112766	14	0.0705213	23	0.0904019	22
0.037	0.0810523	30	0.0739425	14	0.11268	14	0.0704024	23	0.0903224	23
0.038	0.0810523	30	0.0738522	14	0.112583	15	0.0702848	23	0.0902449	23
0.039	0.0810523	30	0.0737661	14	0.112485	15	0.0701686	23	0.0901692	23
0.04	0.0810523	30	0.0736839	14	0.112381	15	0.0700536	23	0.0900954	23
0.041	0.0810523	30	0.0736052	14	0.112272	15	0.0699511	24	0.0900233	23
0.042	0.0810523	30	0.0735296	14	0.112158	15	0.0726862	25	0.0899529	23
0.043	0.0810523	30	0.0734569	14	0.11204	15	0.0726046	25	0.089884	24
0.044	0.0810523	30	0.0733869	14	0.111918	15	0.0725234	25	0.0898166	24
0.045	0.0810523	30	0.0733191	14	0.111793	15	0.0724426	25	0.0897507	25
0.046	0.0810523	30	0.0732535	14	0.111664	15	0.0723622	25	0.0896862	25
0.047	0.0810523	30	0.0731899	14	0.111532	15	0.0722823	25	0.089623	25
0.048	0.0810523	30	0.0731281	14	0.111398	15	0.0722028	25	0.089561	25
0.049	0.0810523	30	0.0730679	14	0.111261	15	0.0721237	25	0.0895003	25
0.05	0.0810523	30	0.0730092	14	0.111122	15	0.072045	25	0.0894408	25
0.051	0.0810523	30	0.0729519	14	0.110981	15	0.0719667	25	0.0893823	25
0.052	0.0810523	30	0.0728958	14	0.110838	15	0.0718888	25	0.089325	25
0.053	0.0810523	30	0.0728408	14	0.110693	15	0.0718113	25	0.0892688	25
0.054	0.0810523	30	0.0727869	14	0.110548	15	0.0717341	25	0.0892135	25
0.055	0.0810523	30	0.072734	14	0.110408	16	0.0716574	25	0.0891592	25
0.056	0.0810523	30	0.072682	14	0.11026	16	0.0715811	25	0.0891059	25
0.057	0.0810523	30	0.0726308	14	0.110111	16	0.0715051	25	0.0890535	25
0.058	0.0810523	30	0.0725803	14	0.109962	16	0.0714295	25	0.0890019	25
0.059	0.0810523	30	0.0725305	14	0.109812	16	0.0713543	25	0.0889512	25
0.06	0.0810523	30	0.0724814	14	0.109661	16	0.0712794	25	0.0889014	25
0.061	0.0810523	30	0.0725803	15	0.10951	16	0.071205	25	0.0888523	25
0.062	0.0810523	30	0.0725289	15	0.109359	16	0.0711308	25	0.088804	25
0.063	0.0810523	30	0.0724779	15	0.109208	16	0.0710571	25	0.0887565	25
0.064	0.0810523	30	0.0724276	15	0.109056	16	0.0709836	25	0.0887097	25
0.065	0.0810523	30	0.0723777	15	0.108905	16	0.0709106	25	0.0886636	25
0.066	0.0810523	30	0.0723283	15	0.108753	16	0.0708378	25	0.0886182	25
0.067	0.0810523	30	0.0722794	15	0.108602	16	0.0767402	26	0.0885734	25
0.068	0.0810523	30	0.0722308	15	0.108451	16	0.076747	26	0.0885293	25
0.069	0.0810523	30	0.0721827	15	0.1083	16	0.0767537	26	0.0884859	25
0.07	0.0810523	30	0.0721349	15	0.108149	16	0.0767603	26	0.088443	25
0.071	0.0810523	30	0.0720874	15	0.107999	16	0.076767	26	0.0884007	25
0.072	0.0810523	30	0.0720403	15	0.107849	16	0.0767736	26	0.0883591	25
0.073	0.0810523	30	0.0719935	15	0.1077	16	0.0767801	26	0.0883179	25
0.074	0.0810523	30	0.0719469	15	0.107551	16	0.0767867	26	0.0882774	25
0.075	0.0810523	30	0.0719006	15	0.107403	16	0.0767932	26	0.0882373	26
0.076	0.0810523	30	0.0718546	15	0.107255	16	0.0767997	26	0.0881978	26
0.077	0.0810523	30	0.0718088	15	0.107108	16	0.0768061	26	0.0881588	26
0.078	0.0810523	30	0.0717633	15	0.106962	16	0.0768125	26	0.0881203	26
0.079	0.0810523	30	0.0717179	15	0.106816	16	0.0768189	26	0.0880823	26
0.08	0.0810523	30	0.0716728	15	0.106671	16	0.0768252	26	0.0880448	26
0.081	0.0810523	30	0.0716278	15	0.106526	16	0.0768315	26	0.0880077	26
0.082	0.0810523	30	0.071583	15	0.106383	16	0.0768378	26	0.087971	26
0.083	0.0810523	30	0.0715384	15	0.10624	16	0.0768441	26	0.0879348	26
0.084	0.0810523	30	0.071494	15	0.106098	16	0.0768503	26	0.0878991	26
0.085	0.0810523	30	0.0714497	15	0.105956	16	0.0768565	26	0.0878637	26
0.086	0.0810523	30	0.0714055	15	0.105816	16	0.0768627	26	0.0878288	26
0.087	0.0810523	30	0.0714967	16	0.105676	16	0.0768688	26	0.0877942	26
0.088	0.0810523	30	0.0714507	16	0.105537	16	0.0768749	26	0.0877601	26
0.089	0.0810523	30	0.0714048	16	0.105399	16	0.076881	26	0.0877263	26
0.09	0.0810523	30	0.071359	16	0.105262	16	0.0768871	26	0.087693	26
0.091	0.0810523	30	0.0713134	16	0.105126	16	0.0768931	26	0.0876599	26
0.092	0.0810523	30	0.0712679	16	0.104991	16	0.0768991	26	0.0876273	26
0.093	0.0810523	30	0.0712226	16	0.104857	18	0.0769051	26	0.087595	26
0.094	0.0810523	30	0.0711773	16	0.104724	18	0.076911	26	0.087563	26
0.095	0.0810523	30	0.0711322	16	0.104591	18	0.0769169	26	0.0875314	26
0.096	0.0810523	30	0.0710873	16	0.104459	18	0.0769228	26	0.0875001	26
0.097	0.0810523	30	0.0710424	16	0.104328	18	0.0769287	26	0.0874692	26
0.098	0.0810523	30	0.0709977	16	0.104198	18	0.0769345	26	0.0874385	26
0.099	0.0810523	30	0.0709531	16	0.104069	18	0.0769404	26	0.0874082	26
0.1	0.0810523	30	0.0709085	16	0.10394	18	0.0769625	27	0.0873782	26
0.101	0.0810523	30	0.0708641	16	0.103813	18	0.0769682	27	0.0873484	26
0.102	0.0810523	30	0.070821	17	0.103686	18	0.0769738	27	0.087319	26
0.103	0.0810523	30	0.0707767	17	0.10356	18	0.0769794	27	0.0872899	26
0.104	0.0810523	30	0.0707325	17	0.103436	18	0.076985	27	0.087261	26
0.105	0.0810523	30	0.0706884	17	0.103312	18	0.0769905	27	0.0872324	26
0.106	0.0810523	30	0.0706444	17	0.103189	18	0.0769961	27	0.0872041	26
0.107	0.0810523	30	0.0706005	17	0.103066	18	0.0770016	27	0.0871761	26
0.108	0.0810523	30	0.0705567	17	0.102945	18	0.0770071	27	0.0871483	26
0.109	0.0810523	30	0.0705129	17	0.102825	18	0.0770126	27	0.0871208	26
0.11	0.0810523	30	0.0704692	17	0.102705	18	0.077018	27	0.0870935	26
0.111	0.0810523	30	0.0704256	17	0.102586	18	0.0770234	27	0.0870665	26
0.112	0.0810523	30	0.0705549	18	0.102468	18	0.0770289	27	0.0870397	26
0.113	0.0810523	30	0.0705096	18	0.102351	18	0.0770343	27	0.0870132	26
0.114	0.0810523	30	0.0704644	18	0.102235	18	0.0770396	27	0.0869869	26
0.115	0.0810523	30	0.0704192	18	0.10212	18	0.077045	27	0.0869608	26
0.116	0.0810523	30	0.0703742	18	0.102005	18	0.0770503	27	0.086935	26
0.117	0.0810523	30	0.0703292	18	0.101892	18	0.0770556	27	0.0869094	26
0.118	0.0810523	30	0.0702843	18	0.101779	18	0.0770609	27	0.086884	26
0.119	0.0810523	30	0.0702395	18	0.101667	18	0.0770662	27	0.0868589	26
0.12	0.0810523	30	0.0701948	18	0.101556	18	0.0770714	27	0.0868339	26
0.121	0.0810523	30	0.0701501	18	0.101446	18	0.0770767	27	0.0868092	26
0.122	0.0810523	30	0.0701055	18	0.101336	18	0.0770819	27	0.0867846	26
0.123	0.0810523	30	0.070061	18	0.101227	18	0.0770871	27	0.0867603	26
0.124	0.0810523	30	0.0700165	18	0.101119	18	0.0770923	27	0.0867362	26
0.125	0.0810523	30	0.0699721	18	0.101012	18	0.0770974	27	0.0867123	26
0.126	0.0810523	30	0.0699278	18	0.100906	18	0.0771026	27	0.0866885	26
0.127	0.0810523	30	0.0698835	18	0.1008	18	0.0771077	27	0.086665	26
0.128	0.0810523	30	0.0698393	18	0.100695	18	0.0771128	27	0.0866416	26
0.129	0.0810523	30	0.0697951	18	0.100591	18	0.0771179	27	0.0866185	26
0.13	0.0810523	30	0.069751	18	0.100488	18	0.0771229	27	0.0865955	26
0.131	0.0810523	30	0.069707	18	0.100386	18	0.077128	27	0.0865727	26
0.132	0.0810523	30	0.069663	18	0.100284	18	0.077133	27	0.0865501	26
0.133	0.0810523	30	0.0696191	18	0.100183	18	0.077138	27	0.0865276	26
0.134	0.0810523	30	0.0695752	18	0.100083	18	0.077143	27	0.0865053	26
0.135	0.0810523	30	0.0698098	19	0.099983	18	0.077148	27	0.0864832	26
0.136	0.0810523	30	0.0697644	19	0.0998842	18	0.077153	27	0.0864613	26
0.137	0.0810523	30	0.069719	19	0.0997861	18	0.0771579	27	0.0864395	26
0.138	0.0810523	30	0.0696737	19	0.0996887	18	0.0771629	27	0.0864179	26
0.139	0.0810523	30	0.0696285	19	0.099592	18	0.0771678	27	0.0863965	26
0.14	0.0810523	30	0.0695833	19	0.0994962	19	0.0771727	27	0.0863752	26
0.141	0.0810523	30	0.0695382	19	0.0994009	19	0.0771776	27	0.0863541	26
0.142	0.0810523	30	0.0694931	19	0.0993063	19	0.0771824	27	0.0863331	26
0.143	0.0810523	30	0.069448	19	0.0992124	19	0.0771873	27	0.0863122	26
0.144	0.0810523	30	0.0694031	19	0.0991192	19	0.0771921	27	0.0862916	26
0.145	0.0810523	30	0.0693581	19	0.0990267	19	0.0771969	27	0.086271	26
0.146	0.0810523	30	0.0693133	19	0.0989348	19	0.0772017	27	0.0862507	26
0.147	0.0810523	30	0.0692684	19	0.0988436	19	0.0772065	27	0.0862304	26
0.148	0.0810523	30	0.0692236	19	0.098753	19	0.0772113	27	0.0862103	26
0.149	0.0810523	30	0.0691789	19	0.0986631	19	0.0772161	27	0.0861904	26
0.15	0.0810523	30	0.0691342	19	0.0985738	19	0.0772208	27	0.0861705	26
0.151	0.0810523	30	0.0690896	19	0.0984852	19	0.0772255	27	0.0861509	26
0.152	0.0810523	30	0.069045	19	0.0983972	19	0.0772302	27	0.0861313	26
0.153	0.0810523	30	0.0690004	19	0.0983098	19	0.0772349	27	0.0861119	26
0.154	0.0810523	30	0.0689559	19	0.0991114	18	0.0772396	27	0.0860926	26
0.155	0.0810523	30	0.0689114	19	0.0990215	18	0.0772443	27	0.0860735	26
0.156	0.0810523	30	0.068867	19	0.0989321	18	0.0772489	27	0.0860544	26
0.157	0.0810523	30	0.0693467	20	0.0988434	18	0.0772536	27	0.0860355	26
0.158	0.0810523	30	0.0693013	20	0.0987553	18	0.0772582	27	0.0860168	26
0.159	0.0810523	30	0.0692559	20	0.0986678	18	0.0772628	27	0.0859981	26
0.16	0.0810523	30	0.0692106	20	0.098581	18	0.0772674	27	0.0859796	26
0.161	0.0810523	30	0.0691652	20	0.0984947	18	0.077272	27	0.0859612	26
0.162	0.0810523	30	0.0691199	20	0.0984091	18	0.0772766	27	0.0859429	26
0.163	0.0810523	30	0.0690747	20	0.098324	18	0.0772811	27	0.0859247	26
0.164	0.0810523	30	0.0690294	20	0.0982396	18	0.0772857	27	0.0859067	26
0.165	0.0810523	30	0.0689842	20	0.0981557	18	0.0772902	27	0.0858887	26
0.166	0.0810523	30	0.0689391	20	0.0980725	19	0.0772947	27	0.0858709	26
0.167	0.0810523	30	0.0688939	20	0.0979898	19	0.0772992	27	0.0858532	26
0.168	0.0810523	30	0.0688488	20	0.0979077	19	0.0773037	27	0.0858356	26
0.169	0.0810523	30	0.0688037	20	0.0978261	19	0.0773082	27	0.0858181	26
0.17	0.0810523	30	0.0687587	20	0.0977451	19	0.0773126	27	0.0858007	26
0.171	0.0810523	30	0.0687137	20	0.0976647	19	0.0773171	27	0.0857834	27
0.172	0.0810523	30	0.0686687	20	0.0975848	19	0.0773215	27	0.0857663	27
0.173	0.0810523	30	0.0686237	20	0.0975055	19	0.0773259	27	0.0857492	27
0.174	0.0810523	30	0.0685788	20	0.0974267	19	0.0773303	27	0.0857322	27
0.175	0.0810523	30	0.0685339	20	0.0973484	19	0.0773787	28	0.0857154	27
0.176	0.0810523	30	0.068489	20	0.0972707	19	0.077383	28	0.0856986	27
0.177	0.0810523	30	0.0684442	20	0.0971935	19	0.0773873	28	0.0856819	27
0.178	0.0810523	30	0.0695076	21	0.0971168	19	0.0773916	28	0.0856654	27
0.179	0.0810523	30	0.0694641	21	0.0970406	19	0.0773958	28	0.0856489	27
0.18	0.0810523	30	0.0694206	21	0.0969649	19	0.0774001	28	0.0856326	27
0.181	0.0810523	30	0.069377	21	0.0968898	19	0.0774043	28	0.0856163	27
0.182	0.0810523	30	0.0693335	21	0.0968151	19	0.0774085	28	0.0856001	27
0.183	0.0810523	30	0.06929	21	0.096741	19	0.0774128	28	0.085584	27
0.184	0.0810523	30	0.0692465	21	0.0966673	19	0.077417	28	0.085568	27
0.185	0.0810523	30	0.069203	21	0.0965942	19	0.0774212	28	0.0855521	27
0.186	0.0810523	30	0.0691595	21	0.0965215	19	0.0774253	28	0.0855363	27
0.187	0.0810523	30	0.069116	21	0.0964493	19	0.0774295	28	0.0855206	27
0.188	0.0810523	30	0.0690728	22	0.0963776	19	0.0774337	28	0.085505	27
0.189	0.0810523	30	0.0690293	22	0.0963063	19	0.0774378	28	0.0854894	27
0.19	0.0810523	30	0.0689858	22	0.0962355	19	0.0774419	28	0.085474	27
0.191	0.0810523	30	0.0689423	22	0.0961652	19	0.0774461	28	0.0854586	27
0.192	0.0810523	30	0.0688988	22	0.0960953	19	0.0774502	28	0.0854433	27
0.193	0.0810523	30	0.0688553	22	0.0960259	19	0.0774543	28	0.0854281	27
0.194	0.0810523	30	0.0688118	22	0.095957	19	0.0774584	28	0.085413	27
0.195	0.0810523	30	0.0687683	22	0.0958885	19	0.0774625	28	0.0853979	27
0.196	0.0810523	30	0.0712522	23	0.0958204	19	0.0774665	28	0.085383	27
0.197	0.0810523	30	0.0712187	23	0.0957528	19	0.0774706	28	0.0853681	27
0.198	0.0810523	30	0.0711853	23	0.0956856	20	0.0774746	28	0.0853533	27
0.199	0.0810523	30	0.0711518	23	0.0956188	20	0.0774787	28	0.0853386	27
0.2	0.0810523	30	0.0711183	23	0.0955525	20	0.0774827	28	0.085324	27
0.201	0.0810523	30	0.0710847	23	0.0954866	20	0.0774867	28	0.0853094	27
0.202	0.0810523	30	0.0710511	23	0.0954211	20	0.0774907	28	0.0852949	27
0.203	0.0810523	30	0.0710174	23	0.095356	20	0.0774947	28	0.0852805	27
0.204	0.0810523	30	0.0709838	23	0.0952914	20	0.0774987	28	0.0852662	27
0.205	0.0810523	30	0.0709501	23	0.0952271	20	0.0775027	28	0.0852519	27
0.206	0.0810523	30	0.0709163	23	0.0951632	20	0.0775067	28	0.0852378	27
0.207	0.0810523	30	0.0708826	23	0.0950998	20	0.0775106	28	0.0852236	27
0.208	0.0810523	30	0.0708488	23	0.0950367	20	0.0775146	28	0.0852096	27
0.209	0.0810523	30	0.0708149	23	0.0949741	20	0.0775185	28	0.0851956	27
0.21	0.0810523	30	0.0707811	23	0.0949118	20	0.0775224	28	0.0851818	27
0.211	0.0810523	30	0.0707472	23	0.0948499	20	0.0775264	28	0.0851679	27
0.212	0.0810523	30	0.0707132	23	0.0947884	20	0.0775303	28	0.0851542	27
0.213	0.0810523	30	0.0706793	23	0.0947273	20	0.0775342	28	0.0851405	27
0.214	0.0810523	30	0.0766326	24	0.0946666	20	0.0775381	28	0.0851269	27
0.215	0.0810523	30	0.0766362	24	0.0946062	20	0.0775419	28	0.0851133	27
0.216	0.0810523	30	0.0766399	24	0.0945462	20	0.0775458	28	0.0850999	27
0.217	0.0810523	30	0.0766436	24	0.0944866	20	0.0775497	28	0.0850864	27
0.218	0.0810523	30	0.0766472	24	0.0944273	20	0.0775535	28	0.0850731	27
0.219	0.0810523	30	0.0766509	24	0.0943684	20	0.0775574	28	0.0850598	27
0.22	0.0810523	30	0.0766546	24	0.0943098	20	0.0775612	28	0.0850466	27
0.221	0.0810523	30	0.0766582	23	0.0942517	20	0.077565	28	0.0850334	27
0.222	0.0810523	30	0.0766619	23	0.0941938	20	0.0775688	28	0.0850204	27
0.223	0.0810523	30	0.0766656	23	0.0941363	20	0.0775726	28	0.0850073	27
0.224	0.0810523	30	0.0766692	23	0.0940792	20	0.0775764	28	0.0849944	27
0.225	0.0810523	30	0.0766729	23	0.0940224	20	0.0775802	28	0.0849815	27
0.226	0.0810523	30	0.0766765	23	0.0939659	20	0.077584	28	0.0849686	27
0.227	0.0810523	30	0.0766802	23	0.0939098	20	0.0775878	28	0.0849559	27
0.228	0.0810523	30	0.0766839	23	0.093854	20	0.0775915	28	0.0849431	27
0.229	0.0810523	30	0.0766875	23	0.0937985	20	0.0775953	28	0.0849305	27
0.23	0.0810523	30	0.0766912	23	0.0937434	20	0.077599	28	0.0849179	27
0.231	0.0810523	30	0.0766948	23	0.0936886	20	0.0776028	28	0.0849053	27
0.232	0.0810523	30	0.0766985	23	0.0936341	20	0.0776065	28	0.0848929	27
0.233	0.0810523	30	0.0767021	23	0.0935799	20	0.0776102	28	0.0848804	27
0.234	0.0810523	30	0.0767058	23	0.0935261	20	0.0776139	28	0.0848681	27
0.235	0.0810523	30	0.0767094	23	0.0934726	20	0.0776176	28	0.0848558	27
0.236	0.0810523	30	0.0767131	23	0.0934193	20	0.0776213	28	0.0848435	27
0.237	0.0810523	30	0.0767167	23	0.0933664	20	0.077625	28	0.0848313	27
0.238	0.0810523	30	0.0767204	23	0.0933138	20	0.0776287	28	0.0848192	27
0.239	0.0810523	30	0.076724	23	0.0932615	20	0.0776323	28	0.0848071	27
0.24	0.0810523	30	0.0767277	23	0.0932095	20	0.077636	28	0.0847951	27
0.241	0.0810523	30	0.0767313	23	0.0931578	20	0.0776396	28	0.0847831	27
0.242	0.0810523	30	0.076735	23	0.0931064	20	0.0776433	28	0.0847712	27
0.243	0.0810523	30	0.0767386	23	0.0930553	20	0.0776469	28	0.0847593	27
0.244	0.0810523	30	0.0767423	23	0.0930045	20	0.0776505	28	0.0847475	27
0.245	0.0810523	30	0.0767459	23	0.092954	20	0.0776542	28	0.0847357	27
0.246	0.0810523	30	0.0767495	23	0.0929037	20	0.0776578	28	0.084724	27
0.247	0.0810523	30	0.0767532	23	0.0928538	20	0.0776614	28	0.0847123	27
0.248	0.0810523	30	0.0767568	23	0.0928041	20	0.077665	28	0.0847007	27
0.249	0.0810523	30	0.0767605	23	0.0927547	20	0.0778359	29	0.0846892	27
0.25	0.0810523	30	0.0767641	23	0.0927056	20	0.0778396	29	0.0846777	27
0.251	0.0810523	30	0.0767677	23	0.0926568	20	0.0778433	29	0.0846662	27
0.252	0.0810523	30	0.0767714	23	0.0926082	20	0.0778469	29	0.0846548	27
0.253	0.0810523	30	0.076775	23	0.0925599	20	0.0778506	29	0.0846434	27
0.254	0.0810523	30	0.0767786	23	0.0925119	20	0.0778542	29	0.0846321	27
0.255	0.0810523	30	0.0767823	23	0.0924642	20	0.0778578	29	0.0846209	27
0.256	0.0810523	30	0.0767859	23	0.0924167	20	0.0778615	29	0.0846096	27
0.257	0.0810523	30	0.0767895	23	0.0923694	21	0.0778651	29	0.0845985	27
0.258	0.0810523	30	0.0767931	23	0.0923225	21	0.0778687	29	0.0845874	27
0.259	0.0810523	30	0.0767968	23	0.0922758	21	0.0778723	29	0.0845763	27
0.26	0.0810523	30	0.0768004	23	0.0922293	21	0.0778759	29	0.0845653	27
0.261	0.0810523	30	0.076804	23	0.0921831	21	0.0778794	29	0.0845543	27
0.262	0.0810523	30	0.0768076	23	0.0921372	21	0.077883	29	0.0845433	27
0.263	0.0810523	30	0.0768113	23	0.0920915	21	0.0778866	29	0.0845325	27
0.264	0.0810523	30	0.0768149	23	0.092046	21	0.0778901	29	0.0845216	27
0.265	0.0810523	30	0.0768185	23	0.0920008	22	0.0778937	29	0.0845108	27
0.266	0.0810523	30	0.0768221	23	0.0919559	22	0.0778972	29	0.0845001	27
0.267	0.0810523	30	0.0768257	23	0.0919112	22	0.0779007	29	0.0844893	27
0.268	0.0810523	30	0.0768294	23	0.0918667	22	0.0779043	29	0.0844787	27
0.269	0.0810523	30	0.076833	23	0.0918225	22	0.0779078	29	0.084468	27
0.27	0.0810523	30	0.0768366	23	0.0917785	22	0.0779113	29	0.0844575	27
0.271	0.0810523	30	0.0768402	23	0.0917347	22	0.0779148	29	0.0844469	27
0.272	0.0810523	30	0.0768442	24	0.0916912	22	0.0779183	29	0.0844364	27
0.273	0.0810523	30	0.0768478	24	0.0916479	22	0.0779218	29	0.084426	27
0.274	0.0810523	30	0.0768514	24	0.0916048	22	0.0779252	29	0.0844156	27
0.275	0.0810523	30	0.076855	24	0.091562	22	0.0779287	29	0.0844052	27
0.276	0.0810523	30	0.0768586	24	0.0915193	22	0.0779322	29	0.0843949	27
0.277	0.0810523	30	0.0768622	24	0.091477	22	0.0779356	29	0.0843846	27
0.278	0.0810523	30	0.0768658	24	0.0914348	22	0.0779391	29	0.0843743	27
0.279	0.0810523	30	0.0768694	24	0.0913928	22	0.0779425	29	0.0843641	27
0.28	0.0810523	30	0.076873	24	0.0913511	22	0.0779459	29	0.084354	27
0.281	0.0810523	30	0.0768766	24	0.0913096	22	0.0779494	29	0.0843438	27
0.282	0.0810523	30	0.0768802	24	0.0912683	22	0.0779528	29	0.0843337	27
0.283	0.0810523	30	0.0768838	24	0.0912272	22	0.0779562	29	0.0843237	27
0.284	0.0810523	30	0.0768874	24	0.0911864	22	0.0779596	29	0.0843137	28
0.285	0.0810523	30	0.076891	24	0.0911457	22	0.077963	29	0.0843037	28
0.286	0.0810523	30	0.0768946	24	0.0911053	22	0.0779664	29	0.0842938	28
0.287	0.0810523	30	0.0768982	24	0.091065	22	0.0779698	29	0.0842839	28
0.288	0.0810523	30	0.0769018	24	0.091025	22	0.0779731	29	0.084274	28
0.289	0.0810523	30	0.0769054	24	0.0909852	22	0.0779765	29	0.0842642	28
0.29	0.0810523	30	0.076909	24	0.0909455	22	0.0779799	29	0.0842544	28
0.291	0.0810523	30	0.0769126	24	0.0909061	22	0.0779832	29	0.0842447	28
0.292	0.0810523	30	0.0769162	24	0.0908669	22	0.0779866	29	0.084235	28
0.293	0.0810523	30	0.0769198	24	0.0908279	22	0.0779899	29	0.0842253	28
0.294	0.0810523	30	0.0769234	24	0.0907891	22	0.0779932	29	0.0842157	28
0.295	0.0810523	30	0.076927	24	0.0907504	22	0.0779966	29	0.0842061	28
0.296	0.0810523	30	0.0769305	24	0.090712	22	0.0779999	29	0.0841965	28
0.297	0.0810523	30	0.0769341	24	0.0906737	22	0.0780032	29	0.084187	28
0.298	0.0810523	30	0.0769377	24	0.0906357	22	0.0780065	29	0.0841775	28
0.299	0.0810523	30	0.0769413	24	0.0905978	22	0.0780098	29	0.084168	28
0.3	0.0810523	30	0.0769449	24	0.0905602	22	0.0780131	29	0.0841586	28
0.301	0.0810523	30	0.0769485	24	0.0905227	22	0.0780164	29	0.0841492	28
0.302	0.0810523	30	0.0769521	24	0.0904854	22	0.0780196	29	0.0841399	28
0.303	0.0810523	30	0.0769556	24	0.0904483	22	0.0780229	29	0.0841306	28
0.304	0.0810523	30	0.0769592	24	0.0904113	22	0.0780262	29	0.0841213	28
0.305	0.0810523	30	0.0769628	24	0.0903746	22	0.0780294	29	0.084112	29
0.306	0.0810523	30	0.0769664	24	0.090338	22	0.0780327	29	0.0841028	29
0.307	0.0810523	30	0.07697	24	0.0903016	22	0.0780359	29	0.0840936	29
0.308	0.0810523	30	0.0769735	24	0.0902654	22	0.0780392	29	0.0840845	29
0.309	0.0810523	30	0.0769771	24	0.0902294	22	0.0780424	29	0.0840754	29
0.31	0.0810523	30	0.0769807	24	0.0901935	22	0.0780456	29	0.0840663	29
0.311	0.0810523	30	0.0769843	24	0.0901579	22	0.0780488	29	0.0840572	29
0.312	0.0810523	30	0.0769878	24	0.0901223	22	0.0780521	29	0.0840482	29
0.313	0.0810523	30	0.0769914	24	0.090087	22	0.0780553	29	0.0840392	29
0.314	0.0810523	30	0.076995	24	0.0900518	22	0.0780585	29	0.0840303	29
0.315	0.0810523	30	0.0769985	24	0.0900168	22	0.0788264	30	0.0840213	29
0.316	0.0810523	30	0.0770021	24	0.089982	22	0.0788313	30	0.0840124	29
0.317	0.0810523	30	0.0770057	24	0.0899473	22	0.0788363	30	0.0840036	29
0.318	0.0810523	30	0.0770093	24	0.0899129	22	0.0788412	30	0.0839947	29
0.319	0.0810523	30	0.0770128	24	0.0898785	22	0.0788461	30	0.0839859	29
0.32	0.0810523	30	0.0770164	24	0.0898443	22	0.078851	30	0.0839772	29
0.321	0.0810523	30	0.07702	24	0.0898103	22	0.0788559	30	0.0839684	29
0.322	0.0810523	30	0.0770235	24	0.0897765	22	0.0788608	30	0.0839597	29
0.323	0.0810523	30	0.0770271	24	0.0897428	22	0.0788657	30	0.083951	29
0.324	0.0810523	30	0.0770306	24	0.0897093	22	0.0788705	30	0.0839424	29
0.325	0.0810523	30	0.0770342	24	0.0896759	22	0.0788754	30	0.0839338	29
0.326	0.0810523	30	0.0770378	24	0.0896427	22	0.0788803	30	0.0839252	29
0.327	0.0810523	30	0.0770413	24	0.0896097	22	0.0788851	30	0.0839166	29
0.328	0.0810523	30	0.0770449	24	0.0895768	22	0.0788899	30	0.0839081	29
0.329	0.0810523	30	0.0770484	24	0.089544	22	0.0788948	30	0.0838996	29
0.33	0.0810523	30	0.077052	24	0.0895114	22	0.0788996	30	0.0838911	29
0.331	0.0810523	30	0.0770556	24	0.089479	22	0.0789044	30	0.0838827	29
0.332	0.0810523	30	0.0770591	24	0.0894467	22	0.0789092	30	0.0838743	29
0.333	0.0810523	30	0.0770627	24	0.0894145	22	0.078914	30	0.0838659	29
0.334	0.0810523	30	0.0770662	24	0.0893825	22	0.0789188	30	0.0838575	29
0.335	0.0810523	30	0.0770698	24	0.0893507	22	0.0789235	30	0.0838492	29
0.336	0.0810523	30	0.0770733	24	0.089319	23	0.0789283	30	0.0838409	29
0.337	0.0810523	30	0.0770769	24	0.0892874	23	0.0789331	30	0.0838326	29
0.338	0.0810523	30	0.0770804	24	0.089256	23	0.0789378	30	0.0838243	29
0.339	0.0810523	30	0.077084	24	0.0892248	23	0.0789425	30	0.0838161	29
0.34	0.0810523	30	0.0770875	24	0.0891936	23	0.0789473	30	0.0838079	29
0.341	0.0810523	30	0.0770911	24	0.0891626	23	0.078952	30	0.0837998	29
0.342	0.0810523	30	0.0770946	24	0.0891318	23	0.0789567	30	0.0837916	29
0.343	0.0810523	30	0.0770982	24	0.0891011	23	0.0789614	30	0.0837835	29
0.344	0.0810523	30	0.0771017	24	0.0890705	23	0.0789661	30	0.0837754	29
0.345	0.0810523	30	0.0771053	24	0.0890401	23	0.0789708	30	0.0837674	29
0.346	0.0810523	30	0.0771088	24	0.0890098	23	0.0789755	30	0.0837593	29
0.347	0.0810523	30	0.0771131	25	0.0889797	23	0.0789802	30	0.0837513	29
0.348	0.0810523	30	0.0771166	25	0.0889496	23	0.0789848	30	0.0837433	29
0.349	0.0810523	30	0.0771202	25	0.0889198	23	0.0789895	30	0.0837354	29
0.35	0.0810523	30	0.0771237	25	0.08889	23	0.0789941	30	0.0837274	29
0.351	0.0810523	30	0.0771272	25	0.0888604	23	0.0789988	30	0.0837195	29
0.352	0.0810523	30	0.0771308	25	0.0888309	23	0.0790034	30	0.0837116	29
0.353	0.0810523	30	0.0771343	25	0.0888016	23	0.079008	30	0.0837038	29
0.354	0.0810523	30	0.0771378	25	0.0887723	23	0.0790127	30	0.0836959	29
0.355	0.0810523	30	0.0771414	25	0.0887432	23	0.0790173	30	0.0836881	29
0.356	0.0810523	30	0.0771449	25	0.0887143	23	0.0790219	30	0.0836804	29
0.357	0.0810523	30	0.0771484	25	0.0886854	23	0.0790265	30	0.0836726	29
0.358	0.0810523	30	0.0771519	25	0.0886567	23	0.079031	30	0.0836649	29
0.359	0.0810523	30	0.0771555	25	0.0886281	23	0.0790356	30	0.0836572	29
0.36	0.0810523	30	0.077159	25	0.0885996	23	0.0790402	30	0.0836495	29
0.361	0.0810523	30	0.0771625	25	0.0885713	23	0.0790448	30	0.0836418	29
0.362	0.0810523	30	0.0771661	25	0.0885431	23	0.0790493	30	0.0836342	29
0.363	0.0810523	30	0.0771696	25	0.088515	23	0.0790539	30	0.0836266	29
0.364	0.0810523	30	0.0771731	25	0.088487	23	0.0790584	30	0.083619	29
0.365	0.0810523	30	0.0771766	25	0.0884592	23	0.0790629	30	0.0836114	29
0.366	0.0810523	30	0.0771802	25	0.0884314	23	0.0790675	30	0.0836039	29
0.367	0.0810523	30	0.0771837	25	0.0884038	23	0.079072	30	0.0835963	29
0.368	0.0810523	30	0.0771872	25	0.0883763	24	0.0790765	30	0.0835888	29
0.369	0.0810523	30	0.0771907	25	0.088349	24	0.079081	30	0.0835814	29
0.37	0.0810523	30	0.0771942	25	0.0883217	24	0.0790855	30	0.0835739	29
0.371	0.0810523	30	0.0771978	25	0.0882946	24	0.07909	30	0.0835665	29
0.372	0.0810523	30	0.0772013	25	0.0882675	24	0.0790944	30	0.0835591	29
0.373	0.0810523	30	0.0772048	25	0.0882406	24	0.0790989	30	0.0835517	29
0.374	0.0810523	30	0.0772083	25	0.0882138	24	0.0791034	30	0.0835443	29
0.375	0.0810523	30	0.0772118	25	0.0881871	24	0.0791078	30	0.083537	29
0.376	0.0810523	30	0.0772153	25	0.0881606	24	0.0791123	30	0.0835297	29
0.377	0.0810523	30	0.0772189	25	0.0881341	24	0.0791167	30	0.0835224	29
0.378	0.0810523	30	0.0772224	25	0.0881078	24	0.0791212	30	0.0835151	29
0.379	0.0810523	30	0.0772259	25	0.0880815	24	0.0791256	30	0.0835079	29
0.38	0.0810523	30	0.0772294	25	0.0880554	24	0.07913	30	0.0835006	29
0.381	0.0810523	30	0.0772329	25	0.0880294	24	0.0791344	30	0.0834934	29
0.382	0.0810523	30	0.0772364	25	0.0880035	24	0.0791388	30	0.0834862	29
0.383	0.0810523	30	0.0772399	25	0.0879777	24	0.0791433	30	0.0834791	29
0.384	0.0810523	30	0.0772434	25	0.087952	24	0.0791476	30	0.0834719	29
0.385	0.0810523	30	0.0772469	25	0.0879264	24	0.079152	30	0.0834648	29
0.386	0.0810523	30	0.0772505	25	0.0879009	24	0.0791564	30	0.0834577	30
0.387	0.0810523	30	0.077254	25	0.0878755	24	0.0791608	30	0.0834506	30
0.388	0.0810523	30	0.0772575	25	0.0878502	24	0.0791651	30	0.0834435	30
0.389	0.0810523	30	0.077261	25	0.0878251	24	0.0791695	30	0.0834365	30
0.39	0.0810523	30	0.0772645	25	0.0878	24	0.0791739	30	0.0834295	30
0.391	0.0810523	30	0.077268	25	0.0877751	24	0.0791782	30	0.0834225	30
0.392	0.0810523	30	0.0772715	25	0.0877502	24	0.0791825	30	0.0834155	30
0.393	0.0810523	30	0.077275	25	0.0877254	24	0.0791869	30	0.0834085	30
0.394	0.0810523	30	0.0772785	25	0.0877008	24	0.0791912	30	0.0834016	30
0.395	0.0810523	30	0.077282	25	0.0876762	24	0.0791955	30	0.0833947	30
0.396	0.0810523	30	0.0772855	25	0.0876518	24	0.0791998	30	0.0833878	30
0.397	0.0810523	30	0.077289	25	0.0876274	24	0.0792041	30	0.0833809	30
0.398	0.0810523	30	0.0772925	25	0.0876031	24	0.0792084	30	0.083374	30
0.399	0.0810523	30	0.077296	25	0.087579	24	0.0792127	30	0.0833672	30
0.4	0.0810523	30	0.0772995	25	0.0875549	24	0.079217	30	0.0833604	30
0.401	0.0810523	30	0.077303	25	0.087531	24	0.0792213	30	0.0833536	30
0.402	0.0810523	30	0.0773065	25	0.0875071	24	0.0792255	30	0.0833468	30
0.403	0.0810523	30	0.07731	25	0.0874833	24	0.0792298	30	0.08334	30
0.404	0.0810523	30	0.0773135	25	0.0874596	24	0.0792341	30	0.0833333	30
0.405	0.0810523	30	0.077317	25	0.087436	24	0.0792383	30	0.0833266	30
0.406	0.0810523	30	0.0773204	25	0.0874126	24	0.0792426	30	0.0833199	30
0.407	0.0810523	30	0.0773239	25	0.0873892	24	0.0792468	30	0.0833132	30
0.408	0.0810523	30	0.0773274	25	0.0873659	24	0.079251	30	0.0833065	30
0.409	0.0810523	30	0.077333	26	0.0873426	24	0.0792553	30	0.0832999	30
0.41	0.0810523	30	0.0773365	26	0.0873195	24	0.0792595	30	0.0832932	30
0.411	0.0810523	30	0.07734	26	0.0872965	24	0.0792637	30	0.0832866	30
0.412	0.0810523	30	0.0773435	26	0.0872735	24	0.0792679	30	0.08328	30
0.413	0.0810523	30	0.0773469	26	0.0872507	24	0.0792721	30	0.0832734	30
0.414	0.0810523	30	0.0773504	26	0.0872279	24	0.0792763	30	0.0832669	30
0.415	0.0810523	30	0.0773539	26	0.0872053	24	0.0792805	30	0.0832603	30
0.416	0.0810523	30	0.0773574	26	0.0871827	24	0.0792846	30	0.0832538	30
0.417	0.0810523	30	0.0773608	26	0.0871602	25	0.0792888	30	0.0832473	30
0.418	0.0810523	30	0.0773643	26	0.0871378	25	0.079293	30	0.0832408	30
0.419	0.0810523	30	0.0773678	26	0.0871155	25	0.0792972	30	0.0832344	30
0.42	0.0810523	30	0.0773713	26	0.0870932	25	0.0793013	30	0.0832279	30
0.421	0.0810523	30	0.0773747	26	0.0870711	25	0.0793055	30	0.0832215	30
0.422	0.0810523	30	0.0773782	26	0.087049	25	0.0793096	30	0.0832151	30
0.423	0.0810523	30	0.0773817	26	0.0870271	25	0.0793137	30	0.0832087	30
0.424	0.0810523	30	0.0773852	26	0.0870052	25	0.0793179	30	0.0832023	30
0.425	0.0810523	30	0.0773886	26	0.0869834	25	0.079322	30	0.0831959	30
0.426	0.0810523	30	0.0773921	26	0.0869616	25	0.0793261	30	0.0831896	30
0.427	0.0810523	30	0.0773956	26	0.08694	25	0.0793302	30	0.0831832	30
0.428	0.0810523	30	0.077399	26	0.0869184	25	0.0793343	30	0.0831769	30
0.429	0.0810523	30	0.0774025	26	0.086897	25	0.0793384	30	0.0831706	30
0.43	0.0810523	30	0.077406	26	0.0868756	25	0.0793425	30	0.0831643	30
0.431	0.0810523	30	0.0774094	26	0.0868542	25	0.0793466	30	0.0831581	30
0.432	0.0810523	30	0.0774129	26	0.086833	25	0.0793507	30	0.0831518	30
0.433	0.0810523	30	0.0774164	26	0.0868119	25	0.0793548	30	0.0831456	30
0.434	0.0810523	30	0.0774198	26	0.0867908	25	0.0793588	30	0.0831394	30
0.435	0.0810523	30	0.0774233	26	0.0867698	25	0.0793629	30	0.0831332	30
0.436	0.0810523	30	0.0774267	26	0.0867489	25	0.0793669	30	0.083127	30
0.437	0.0810523	30	0.0774302	26	0.0867281	25	0.079371	30	0.0831208	30
0.438	0.0810523	30	0.0774337	26	0.0867073	25	0.079375	30	0.0831147	30
0.439	0.0810523	30	0.0774371	26	0.0866866	25	0.0793791	30	0.0831086	30
0.44	0.0810523	30	0.0774406	26	0.086666	25	0.0793831	30	0.0831025	30
0.441	0.0810523	30	0.077444	26	0.0866455	25	0.0793871	30	0.0830964	30
0.442	0.0810523	30	0.0774475	26	0.086625	25	0.0793912	30	0.0830903	30
0.443	0.0810523	30	0.077451	26	0.0866047	25	0.0793952	30	0.0830842	30
0.444	0.0810523	30	0.0774544	26	0.0865844	25	0.0793992	30	0.0830781	30
0.445	0.0810523	30	0.0774579	26	0.0865642	25	0.0794032	30	0.0830721	30
0.446	0.0810523	30	0.0774613	26	0.086544	25	0.0794072	30	0.0830661	30
0.447	0.0810523	30	0.0774648	26	0.0865239	25	0.0794112	30	0.0830601	30
0.448	0.0810523	30	0.0774682	26	0.0865039	25	0.0794152	30	0.0830541	30
0.449	0.0810523	30	0.0774717	26	0.086484	25	0.0794192	30	0.0830481	30
0.45	0.0810523	30	0.0774751	26	0.0864642	25	0.0794231	30	0.0830422	30
0.451	0.0810523	30	0.0774786	26	0.0864444	25	0.0794271	30	0.0830362	30
0.452	0.0810523	30	0.077482	26	0.0864247	25	0.0794311	30	0.0830303	30
0.453	0.0810523	30	0.0774855	26	0.086405	25	0.079435	30	0.0830244	30
0.454	0.0810523	30	0.0774889	26	0.0863855	25	0.079439	30	0.0830185	30
0.455	0.0810523	30	0.0774924	26	0.086366	25	0.0794429	30	0.0830126	30
0.456	0.0810523	30	0.0774958	26	0.0863466	25	0.0794469	30	0.0830067	30
0.457	0.0810523	30	0.0774993	26	0.0863272	25	0.0794508	30	0.0830009	30
0.458	0.0810523	30	0.0775105	27	0.0863079	25	0.0794548	30	0.082995	30
0.459	0.0810523	30	0.0775139	27	0.0862887	25	0.0794587	30	0.0829892	30
0.46	0.0810523	30	0.0775174	27	0.0862696	25	0.0794626	30	0.0829834	30
0.461	0.0810523	30	0.0775208	27	0.0862505	25	0.0794665	30	0.0829776	30
0.462	0.0810523	30	0.0775242	27	0.0862315	25	0.0794704	30	0.0829718	30
0.463	0.0810523	30	0.0775276	27	0.0862126	25	0.0794743	30	0.082966	30
0.464	0.0810523	30	0.0775311	27	0.0861937	25	0.0794782	30	0.0829603	30
0.465	0.0810523	30	0.0775345	27	0.0861749	25	0.0794821	30	0.0829545	30
0.466	0.0810523	30	0.0775379	27	0.0861562	25	0.079486	30	0.0829488	30
0.467	0.0810523	30	0.0775413	27	0.0861375	25	0.0794899	30	0.0829431	30
0.468	0.0810523	30	0.0775448	27	0.0861189	25	0.0794938	30	0.0829374	30
0.469	0.0810523	30	0.0775482	27	0.0861004	25	0.0794977	30	0.0829317	30
0.47	0.0810523	30	0.0775516	27	0.0860819	25	0.0795015	30	0.0829261	30
0.471	0.0810523	30	0.077555	27	0.0860635	25	0.0795054	30	0.0829204	30
0.472	0.0810523	30	0.0775584	27	0.0860452	25	0.0795092	30	0.0829148	30
0.473	0.0810523	30	0.0775618	27	0.0860269	25	0.0795131	30	0.0829091	30
0.474	0.0810523	30	0.0775653	27	0.0860087	25	0.0795169	30	0.0829035	30
0.475	0.0810523	30	0.0775687	27	0.0859905	25	0.0795208	30	0.0828979	30
0.476	0.0810523	30	0.0775721	27	0.0859725	25	0.0795246	30	0.0828923	30
0.477	0.0810523	30	0.0775755	27	0.0859544	25	0.0795284	30	0.0828868	30
0.478	0.0810523	30	0.0775789	27	0.0859365	25	0.0795323	30	0.0828812	30
0.479	0.0810523	30	0.0775823	27	0.0859186	25	0.0795361	30	0.0828757	30
0.48	0.0810523	30	0.0775858	27	0.0859008	25	0.0795399	30	0.0828701	30
0.481	0.0810523	30	0.0775892	27	0.085883	25	0.0795437	30	0.0828646	30
0.482	0.0810523	30	0.0775926	27	0.0858653	25	0.0795475	30	0.0828591	30
0.483	0.0810523	30	0.077596	27	0.0858476	25	0.0795513	30	0.0828536	30
0.484	0.0810523	30	0.0775994	27	0.0858301	25	0.0795551	30	0.0828481	30
0.485	0.0810523	30	0.0776028	27	0.0858125	25	0.0795589	30	0.0828427	30
0.486	0.0810523	30	0.0776062	27	0.0857951	25	0.0795627	30	0.0828372	30
0.487	0.0810523	30	0.0776096	27	0.0857777	25	0.0795665	30	0.0828318	30
0.488	0.0810523	30	0.077613	27	0.0857603	25	0.0795702	30	0.0828264	30
0.489	0.0810523	30	0.0776165	27	0.085743	25	0.079574	30	0.0828209	30
0.49	0.0810523	30	0.0776199	27	0.0857258	25	0.0795778	30	0.0828155	30
0.491	0.0810523	30	0.0776233	27	0.0857087	25	0.0795815	30	0.0828102	30
0.492	0.0810523	30	0.0776267	27	0.0856915	25	0.0795853	30	0.0828048	30
0.493	0.0810523	30	0.0776301	27	0.0856745	25	0.079589	30	0.0827994	30
0.494	0.0810523	30	0.0776335	27	0.0856575	26	0.0795928	30	0.0827941	30
0.495	0.0810523	30	0.0776369	27	0.0856406	26	0.0795965	30	0.0827887	30
0.496	0.0810523	30	0.0776735	28	0.0856237	26	0.0796002	30	0.0827834	30
0.497	0.0810523	30	0.0776769	28	0.0856069	26	0.079604	30	0.0827781	30
0.498	0.0810523	30	0.0776803	28	0.0855901	26	0.0796077	30	0.0827728	30
0.499	0.0810523	30	0.0776837	28	0.0855734	26	0.0796114	30	0.0827675	30
0.5	0.0810523	30	0.077687	28	0.0855568	26	0.0796151	30	0.0827622	30
0.501	0.0810523	30	0.0776904	28	0.0855402	26	0.0796188	30	0.082757	30
0.502	0.0810523	30	0.0776938	28	0.0855236	26	0.0796226	30	0.0827517	30
0.503	0.0810523	30	0.0776971	28	0.0855072	26	0.0796263	30	0.0827465	30
0.504	0.0810523	30	0.0777005	28	0.0854907	26	0.0796299	30	0.0827412	30
0.505	0.0810523	30	0.0777039	28	0.0854744	26	0.0796336	30	0.082736	30
0.506	0.0810523	30	0.0777072	28	0.085458	26	0.0796373	30	0.0827308	30
0.507	0.0810523	30	0.0777106	28	0.0854418	26	0.079641	30	0.0827256	30
0.508	0.0810523	30	0.077714	28	0.0854256	26	0.0796447	30	0.0827205	30
0.509	0.0810523	30	0.0777173	28	0.0854094	26	0.0796484	30	0.0827153	30
0.51	0.0810523	30	0.0777207	28	0.0853933	26	0.079652	30	0.0827101	30
0.511	0.0810523	30	0.0777241	28	0.0853773	26	0.0796557	30	0.082705	30
0.512	0.0810523	30	0.0777274	28	0.0853613	26	0.0796593	30	0.0826999	30
0.513	0.0810523	30	0.0777308	28	0.0853453	26	0.079663	30	0.0826947	30
0.514	0.0810523	30	0.0777342	28	0.0853294	26	0.0796666	30	0.0826896	30
0.515	0.0810523	30	0.0777375	28	0.0853136	26	0.0796703	30	0.0826845	30
0.516	0.0810523	30	0.0777409	28	0.0852978	26	0.0796739	30	0.0826795	30
0.517	0.0810523	30	0.0777443	28	0.0852821	26	0.0796776	30	0.0826744	30
0.518	0.0810523	30	0.0777476	28	0.0852664	26	0.0796812	30	0.0826693	30
0.519	0.0810523	30	0.077751	28	0.0852508	26	0.0796848	30	0.0826643	30
0.52	0.0810523	30	0.0777543	28	0.0852352	26	0.0796884	30	0.0826592	30
0.521	0.0810523	30	0.0777577	28	0.0852197	26	0.079692	30	0.0826542	30
0.522	0.0810523	30	0.0777611	28	0.0852042	26	0.0796957	30	0.0826492	30
0.523	0.0810523	30	0.0777644	28	0.0851888	26	0.0796993	30	0.0826442	30
0.524	0.0810523	30	0.0777678	28	0.0851734	26	0.0797029	30	0.0826392	30
0.525	0.0810523	30	0.0777711	28	0.0851581	26	0.0797065	30	0.0826342	30
0.526	0.0810523	30	0.0779298	29	0.0851428	26	0.0797101	30	0.0826292	30
0.527	0.0810523	30	0.0779332	29	0.0851275	26	0.0797136	30	0.0826243	30
0.528	0.0810523	30	0.0779367	29	0.0851124	26	0.0797172	30	0.0826193	30
0.529	0.0810523	30	0.0779402	29	0.0850972	26	0.0797208	30	0.0826144	30
0.53	0.0810523	30	0.0779436	29	0.0850821	26	0.0797244	30	0.0826095	30
0.531	0.0810523	30	0.0779471	29	0.0850671	26	0.079728	30	0.0826045	30
0.532	0.0810523	30	0.0779506	29	0.0850521	26	0.0797315	30	0.0825996	30
0.533	0.0810523	30	0.077954	29	0.0850372	26	0.0797351	30	0.0825947	30
0.534	0.0810523	30	0.0779575	29	0.0850223	26	0.0797386	30	0.0825899	30
0.535	0.0810523	30	0.0779609	29	0.0850074	26	0.0797422	30	0.082585	30
0.536	0.0810523	30	0.0779644	29	0.0849927	26	0.0797457	30	0.0825801	30
0.537	0.0810523	30	0.0779679	29	0.0849779	26	0.0797493	30	0.0825753	30
0.538	0.0810523	30	0.0779713	29	0.0849632	26	0.0797528	30	0.0825704	30
0.539	0.0810523	30	0.0779748	29	0.0849485	26	0.0797564	30	0.0825656	30
0.54	0.0810523	30	0.0779782	29	0.0849339	26	0.0797599	30	0.0825608	30
0.541	0.0810523	30	0.0779817	29	0.0849194	26	0.0797634	30	0.082556	30
0.542	0.0810523	30	0.0779851	29	0.0849049	26	0.0797669	30	0.0825512	30
0.543	0.0810523	30	0.0779886	29	0.0848904	26	0.0797705	30	0.0825464	30
0.544	0.0810523	30	0.077992	29	0.084876	26	0.079774	30	0.0825416	30
0.545	0.0810523	30	0.0779955	29	0.0848616	26	0.0797775	30	0.0825368	30
0.546	0.0810523	30	0.0779989	29	0.0848472	26	0.079781	30	0.0825321	30
0.547	0.0810523	30	0.0780024	29	0.0848329	27	0.0797845	30	0.0825273	30
0.548	0.0810523	30	0.0780058	29	0.0848187	27	0.079788	30	0.0825226	30
0.549	0.0810523	30	0.0780093	29	0.0848045	27	0.0797915	30	0.0825178	30
0.55	0.0810523	30	0.0787763	30	0.0847903	27	0.079795	30	0.0825131	30
0.551	0.0810523	30	0.0787816	30	0.0847762	27	0.0797984	30	0.0825084	30
0.552	0.0810523	30	0.0787868	30	0.0847621	27	0.0798019	30	0.0825037	30
0.553	0.0810523	30	0.078792	30	0.0847481	27	0.0798054	30	0.082499	30
0.554	0.0810523	30	0.0787973	30	0.0847341	27	0.0798089	30	0.0824943	30
0.555	0.0810523	30	0.0788025	30	0.0847202	27	0.0798123	30	0.0824897	30
0.556	0.0810523	30	0.0788078	30	0.0847063	27	0.0798158	30	0.082485	30
0.557	0.0810523	30	0.078813	30	0.0846924	27	0.0798193	30	0.0824804	30
0.558	0.0810523	30	0.0788182	30	0.0846786	27	0.0798227	30	0.0824757	30
0.559	0.0810523	30	0.0788235	30	0.0846649	27	0.0798262	30	0.0824711	30
0.56	0.0810523	30	0.0788287	30	0.0846511	27	0.0798296	30	0.0824665	30
0.561	0.0810523	30	0.0788339	30	0.0846374	27	0.079833	30	0.0824619	30
0.562	0.0810523	30	0.0788392	30	0.0846238	27	0.0798365	30	0.0824573	30
0.563	0.0810523	30	0.0788444	30	0.0846102	27	0.0798399	30	0.0824527	30
0.564	0.0810523	30	0.0788496	30	0.0845966	27	0.0798433	30	0.0824481	30
0.565	0.0810523	30	0.0788549	30	0.0845831	27	0.0798468	30	0.0824435	30
0.566	0.0810523	30	0.0788601	30	0.0845696	27	0.0798502	30	0.082439	30
0.567	0.0810523	30	0.0788653	30	0.0845562	27	0.0798536	30	0.0824344	30
0.568	0.0810523	30	0.0788705	30	0.0845428	27	0.079857	30	0.0824299	30
0.569	0.0810523	30	0.0788758	30	0.0845294	27	0.0798604	30	0.0824253	30
0.57	0.0810523	30	0.078881	30	0.0845161	27	0.0798638	30	0.0824208	30
0.571	0.0810523	30	0.0788862	30	0.0845029	27	0.0798672	30	0.0824163	30
0.572	0.0810523	30	0.0788915	30	0.0844896	27	0.0798706	30	0.0824118	30
0.573	0.0810523	30	0.0788967	30	0.0844764	27	0.079874	30	0.0824073	30
0.574	0.0810523	30	0.0789019	30	0.0844633	27	0.0798774	30	0.0824028	30
0.575	0.0810523	30	0.0789071	30	0.0844501	27	0.0798808	30	0.0823983	30
0.576	0.0810523	30	0.0789123	30	0.0844371	27	0.0798842	30	0.0823939	30
0.577	0.0810523	30	0.0789176	30	0.084424	27	0.0798876	30	0.0823894	30
0.578	0.0810523	30	0.0789228	30	0.084411	27	0.0798909	30	0.082385	30
0.579	0.0810523	30	0.078928	30	0.0843981	27	0.0798943	30	0.0823805	30
0.58	0.0810523	30	0.0789332	30	0.0843851	27	0.0798977	30	0.0823761	30
0.581	0.0810523	30	0.0789384	30	0.0843723	27	0.079901	30	0.0823717	30
0.582	0.0810523	30	0.0789436	30	0.0843594	27	0.0799044	30	0.0823672	30
0.583	0.0810523	30	0.0789489	30	0.0843466	27	0.0799078	30	0.0823628	30
0.584	0.0810523	30	0.0789541	30	0.0843338	27	0.0799111	30	0.0823584	30
0.585	0.0810523	30	0.0789593	30	0.0843211	27	0.0799144	30	0.0823541	30
0.586	0.0810523	30	0.0789645	30	0.0843084	27	0.0799178	30	0.0823497	30
0.587	0.0810523	30	0.0789697	30	0.0842958	27	0.0799211	30	0.0823453	30
0.588	0.0810523	30	0.0789749	30	0.0842831	27	0.0799245	30	0.082341	30
0.589	0.0810523	30	0.0789801	30	0.0842706	27	0.0799278	30	0.0823366	30
0.59	0.0810523	30	0.0789853	30	0.084258	27	0.0799311	30	0.0823323	30
0.591	0.0810523	30	0.0789906	30	0.0842455	27	0.0799344	30	0.0823279	30
0.592	0.0810523	30	0.0789958	30	0.084233	27	0.0799378	30	0.0823236	30
0.593	0.0810523	30	0.079001	30	0.0842206	27	0.0799411	30	0.0823193	30
0.594	0.0810523	30	0.0790062	30	0.0842082	27	0.0799444	30	0.082315	30
0.595	0.0810523	30	0.0790114	30	0.0841958	27	0.0799477	30	0.0823107	30
0.596	0.0810523	30	0.0790166	30	0.0841835	27	0.079951	30	0.0823064	30
0.597	0.0810523	30	0.0790218	30	0.0841712	27	0.0799543	30	0.0823021	30
0.598	0.0810523	30	0.079027	30	0.0841589	27	0.0799576	30	0.0822978	30
0.599	0.0810523	30	0.0790322	30	0.0841467	27	0.0799609	30	0.0822936	30
0.6	0.0810523	30	0.0790374	30	0.0841345	27	0.0799642	30	0.0822893	30
0.601	0.0810523	30	0.0790426	30	0.0841224	27	0.0799675	30	0.082285	30
0.602	0.0810523	30	0.0790478	30	0.0841103	27	0.0799708	30	0.0822808	30
0.603	0.0810523	30	0.079053	30	0.0840982	27	0.079974	30	0.0822766	30
0.604	0.0810523	30	0.0790582	30	0.0840861	27	0.0799773	30	0.0822724	30
0.605	0.0810523	30	0.0790634	30	0.0840741	27	0.0799806	30	0.0822681	30
0.606	0.0810523	30	0.0790686	30	0.0840622	27	0.0799838	30	0.0822639	30
0.607	0.0810523	30	0.0790738	30	0.0840502	27	0.0799871	30	0.0822597	30
0.608	0.0810523	30	0.079079	30	0.0840383	27	0.0799904	30	0.0822555	30
0.609	0.0810523	30	0.0790842	30	0.0840264	27	0.0799936	30	0.0822514	30
0.61	0.0810523	30	0.0790894	30	0.0840146	27	0.0799969	30	0.0822472	30
0.611	0.0810523	30	0.0790946	30	0.0840028	27	0.0800001	30	0.082243	30
0.612	0.0810523	30	0.0790997	30	0.083991	27	0.0800034	30	0.0822389	30
0.613	0.0810523	30	0.0791049	30	0.0839793	27	0.0800066	30	0.0822347	30
0.614	0.0810523	30	0.0791101	30	0.0839676	27	0.0800098	30	0.0822306	30
0.615	0.0810523	30	0.0791153	30	0.0839559	27	0.0800131	30	0.0822264	30
0.616	0.0810523	30	0.0791205	30	0.0839442	27	0.0800163	30	0.0822223	30
0.617	0.0810523	30	0.0791257	30	0.0839326	27	0.0800195	30	0.0822182	30
0.618	0.0810523	30	0.0791309	30	0.0839211	27	0.0800228	30	0.0822141	30
0.619	0.0810523	30	0.0791361	30	0.0839095	27	0.080026	30	0.08221	30
0.62	0.0810523	30	0.0791412	30	0.083898	27	0.0800292	30	0.0822059	30
0.621	0.0810523	30	0.0791464	30	0.0838865	27	0.0800324	30	0.0822018	30
0.622	0.0810523	30	0.0791516	30	0.0838751	27	0.0800356	30	0.0821977	30
0.623	0.0810523	30	0.0791568	30	0.0838637	27	0.0800388	30	0.0821936	30
0.624	0.0810523	30	0.079162	30	0.0838523	28	0.080042	30	0.0821896	30
0.625	0.0810523	30	0.0791672	30	0.0838409	28	0.0800452	30	0.0821855	30
0.626	0.0810523	30	0.0791723	30	0.0838296	28	0.0800484	30	0.0821815	30
0.627	0.0810523	30	0.0791775	30	0.0838183	28	0.0800516	30	0.0821774	30
0.628	0.0810523	30	0.0791827	30	0.0838071	28	0.0800548	30	0.0821734	30
0.629	0.0810523	30	0.0791879	30	0.0837959	28	0.080058	30	0.0821694	30
0.63	0.0810523	30	0.079193	30	0.0837847	28	0.0800612	30	0.0821654	30
0.631	0.0810523	30	0.0791982	30	0.0837735	28	0.0800644	30	0.0821613	30
0.632	0.0810523	30	0.0792034	30	0.0837624	28	0.0800675	30	0.0821573	30
0.633	0.0810523	30	0.0792086	30	0.0837513	28	0.0800707	30	0.0821533	30
0.634	0.0810523	30	0.0792137	30	0.0837402	28	0.0800739	30	0.0821494	30
0.635	0.0810523	30	0.0792189	30	0.0837292	28	0.080077	30	0.0821454	30
0.636	0.0810523	30	0.0792241	30	0.0837181	28	0.0800802	30	0.0821414	30
0.637	0.0810523	30	0.0792293	30	0.0837072	28	0.0800833	30	0.0821374	30
0.638	0.0810523	30	0.0792344	30	0.0836962	28	0.0800865	30	0.0821335	30
0.639	0.0810523	30	0.0792396	30	0.0836853	28	0.0800897	30	0.0821295	30
0.64	0.0810523	30	0.0792448	30	0.0836744	28	0.0800928	30	0.0821256	30
0.641	0.0810523	30	0.0792499	30	0.0836635	28	0.0800959	30	0.0821217	30
0.642	0.0810523	30	0.0792551	30	0.0836527	28	0.0800991	30	0.0821177	30
0.643	0.0810523	30	0.0792603	30	0.0836419	28	0.0801022	30	0.0821138	30
0.644	0.0810523	30	0.0792654	30	0.0836311	28	0.0801054	30	0.0821099	30
0.645	0.0810523	30	0.0792706	30	0.0836204	28	0.0801085	30	0.082106	30
0.646	0.0810523	30	0.0792758	30	0.0836097	28	0.0801116	30	0.0821021	30
0.647	0.0810523	30	0.0792809	30	0.083599	28	0.0801147	30	0.0820982	30
0.648	0.0810523	30	0.0792861	30	0.0835884	28	0.0801179	30	0.0820943	30
0.649	0.0810523	30	0.0792912	30	0.0835777	28	0.080121	30	0.0820904	30
0.65	0.0810523	30	0.0792964	30	0.0835671	28	0.0801241	30	0.0820866	30
0.651	0.0810523	30	0.0793016	30	0.0835566	28	0.0801272	30	0.0820827	30
0.652	0.0810523	30	0.0793067	30	0.083546	28	0.0801303	30	0.0820789	30
0.653	0.0810523	30	0.0793119	30	0.0835355	28	0.0801334	30	0.082075	30
0.654	0.0810523	30	0.079317	30	0.083525	28	0.0801365	30	0.0820712	30
0.655	0.0810523	30	0.0793222	30	0.0835146	28	0.0801396	30	0.0820673	30
0.656	0.0810523	30	0.0793273	30	0.0835041	28	0.0801427	30	0.0820635	30
0.657	0.0810523	30	0.0793325	30	0.0834937	28	0.0801458	30	0.0820597	30
0.658	0.0810523	30	0.0793377	30	0.0834834	28	0.0801489	30	0.0820559	30
0.659	0.0810523	30	0.0793428	30	0.083473	28	0.080152	30	0.0820521	30
0.66	0.0810523	30	0.079348	30	0.0834627	28	0.080155	30	0.0820483	30
0.661	0.0810523	30	0.0793531	30	0.0834524	28	0.0801581	30	0.0820445	30
0.662	0.0810523	30	0.0793583	30	0.0834422	28	0.0801612	30	0.0820407	30
0.663	0.0810523	30	0.0793634	30	0.0834319	28	0.0801643	30	0.0820369	30
0.664	0.0810523	30	0.0793686	30	0.0834217	28	0.0801673	30	0.0820331	30
0.665	0.0810523	30	0.0793737	30	0.0834115	28	0.0801704	30	0.0820294	30
0.666	0.0810523	30	0.0793789	30	0.0834014	28	0.0801735	30	0.0820256	30
0.667	0.0810523	30	0.079384	30	0.0833913	28	0.0801765	30	0.0820218	30
0.668	0.0810523	30	0.0793891	30	0.0833812	28	0.0801796	30	0.0820181	30
0.669	0.0810523	30	0.0793943	30	0.0833711	28	0.0801826	30	0.0820144	30
0.67	0.0810523	30	0.0793994	30	0.083361	28	0.0801857	30	0.0820106	30
0.671	0.0810523	30	0.0794046	30	0.083351	28	0.0801887	30	0.0820069	30
0.672	0.0810523	30	0.0794097	30	0.083341	28	0.0801918	30	0.0820032	30
0.673	0.0810523	30	0.0794149	30	0.0833311	28	0.0801948	30	0.0819995	30
0.674	0.0810523	30	0.07942	30	0.0833211	28	0.0801978	30	0.0819958	30
0.675	0.0810523	30	0.0794251	30	0.0833112	28	0.0802009	30	0.0819921	30
0.676	0.0810523	30	0.0794303	30	0.0833013	28	0.0802039	30	0.0819884	30
0.677	0.0810523	30	0.0794354	30	0.0832914	28	0.0802069	30	0.0819847	30
0.678	0.0810523	30	0.0794405	30	0.0832816	28	0.08021	30	0.081981	30
0.679	0.0810523	30	0.0794457	30	0.0832718	28	0.080213	30	0.0819773	30
0.68	0.0810523	30	0.0794508	30	0.083262	28	0.080216	30	0.0819737	30
0.681	0.0810523	30	0.079456	30	0.0832522	28	0.080219	30	0.08197	30
0.682	0.0810523	30	0.0794611	30	0.0832425	28	0.080222	30	0.0819664	30
0.683	0.0810523	30	0.0794662	30	0.0832328	28	0.080225	30	0.0819627	30
0.684	0.0810523	30	0.0794714	30	0.0832231	28	0.080228	30	0.0819591	30
0.685	0.0810523	30	0.0794765	30	0.0832134	28	0.080231	30	0.0819554	30
0.686	0.0810523	30	0.0794816	30	0.0832038	28	0.080234	30	0.0819518	30
0.687	0.0810523	30	0.0794867	30	0.0831942	28	0.080237	30	0.0819482	30
0.688	0.0810523	30	0.0794919	30	0.0831846	28	0.08024	30	0.0819446	30
0.689	0.0810523	30	0.079497	30	0.083175	28	0.080243	30	0.081941	30
0.69	0.0810523	30	0.0795021	30	0.0831655	28	0.080246	30	0.0819374	30
0.691	0.0810523	30	0.0795073	30	0.083156	28	0.080249	30	0.0819338	30
0.692	0.0810523	30	0.0795124	30	0.0831465	28	0.080252	30	0.0819302	30
0.693	0.0810523	30	0.0795175	30	0.083137	28	0.080255	30	0.0819266	30
0.694	0.0810523	30	0.0795226	30	0.0831276	28	0.0802579	30	0.081923	30
0.695	0.0810523	30	0.0795277	30	0.0831182	28	0.0802609	30	0.0819194	30
0.696	0.0810523	30	0.0795329	30	0.0831088	28	0.0802639	30	0.0819159	30
0.697	0.0810523	30	0.079538	30	0.0830994	28	0.0802668	30	0.0819123	30
0.698	0.0810523	30	0.0795431	30	0.0830901	28	0.0802698	30	0.0819088	30
0.699	0.0810523	30	0.0795482	30	0.0830807	28	0.0802728	30	0.0819052	30
0.7	0.0810523	30	0.0795533	30	0.0830714	28	0.0802757	30	0.0819017	30
0.701	0.0810523	30	0.0795585	30	0.0830622	28	0.0802787	30	0.0818981	30
0.702	0.0810523	30	0.0795636	30	0.0830529	28	0.0802816	30	0.0818946	30
0.703	0.0810523	30	0.0795687	30	0.0830437	28	0.0802846	30	0.0818911	30
0.704	0.0810523	30	0.0795738	30	0.0830345	28	0.0802875	30	0.0818876	30
0.705	0.0810523	30	0.0795789	30	0.0830253	28	0.0802905	30	0.0818841	30
0.706	0.0810523	30	0.079584	30	0.0830161	28	0.0802934	30	0.0818806	30
0.707	0.0810523	30	0.0795892	30	0.083007	28	0.0802963	30	0.0818771	30
0.708	0.0810523	30	0.0795943	30	0.0829979	28	0.0802993	30	0.0818736	30
0.709	0.0810523	30	0.0795994	30	0.0829888	28	0.0803022	30	0.0818701	30
0.71	0.0810523	30	0.0796045	30	0.0829797	28	0.0803051	30	0.0818666	30
0.711	0.0810523	30	0.0796096	30	0.0829707	28	0.0803081	30	0.0818631	30
0.712	0.0810523	30	0.0796147	30	0.0829617	28	0.080311	30	0.0818597	30
0.713	0.0810523	30	0.0796198	30	0.0829527	28	0.0803139	30	0.0818562	30
0.714	0.0810523	30	0.0796249	30	0.0829437	28	0.0803168	30	0.0818527	30
0.715	0.0810523	30	0.07963	30	0.0829347	28	0.0803197	30	0.0818493	30
0.716	0.0810523	30	0.0796351	30	0.0829258	28	0.0803226	30	0.0818458	30
0.717	0.0810523	30	0.0796402	30	0.0829169	28	0.0803255	30	0.0818424	30
0.718	0.0810523	30	0.0796453	30	0.082908	28	0.0803284	30	0.081839	30
0.719	0.0810523	30	0.0796505	30	0.0828991	28	0.0803314	30	0.0818355	30
0.72	0.0810523	30	0.0796556	30	0.0828903	28	0.0803343	30	0.0818321	30
0.721	0.0810523	30	0.0796607	30	0.0828815	28	0.0803371	30	0.0818287	30
0.722	0.0810523	30	0.0796658	30	0.0828727	28	0.08034	30	0.0818253	30
0.723	0.0810523	30	0.0796709	30	0.0828639	28	0.0803429	30	0.0818219	30
0.724	0.0810523	30	0.079676	30	0.0828551	28	0.0803458	30	0.0818185	30
0.725	0.0810523	30	0.0796811	30	0.0828464	28	0.0803487	30	0.0818151	30
0.726	0.0810523	30	0.0796861	30	0.0828377	28	0.0803516	30	0.0818117	30
0.727	0.0810523	30	0.0796912	30	0.082829	28	0.0803545	30	0.0818083	30
0.728	0.0810523	30	0.0796963	30	0.0828203	28	0.0803573	30	0.081805	30
0.729	0.0810523	30	0.0797014	30	0.0828116	28	0.0803602	30	0.0818016	30
0.73	0.0810523	30	0.0797065	30	0.082803	28	0.0803631	30	0.0817982	30
0.731	0.0810523	30	0.0797116	30	0.0827944	28	0.080366	30	0.0817949	30
0.732	0.0810523	30	0.0797167	30	0.0827858	28	0.0803688	30	0.0817915	30
0.733	0.0810523	30	0.0797218	30	0.0827772	28	0.0803717	30	0.0817882	30
0.734	0.0810523	30	0.0797269	30	0.0827687	28	0.0803745	30	0.0817848	30
0.735	0.0810523	30	0.079732	30	0.0827602	28	0.0803774	30	0.0817815	30
0.736	0.0810523	30	0.0797371	30	0.0827517	28	0.0803803	30	0.0817781	30
0.737	0.0810523	30	0.0797422	30	0.0827432	28	0.0803831	30	0.0817748	30
0.738	0.0810523	30	0.0797473	30	0.0827347	28	0.080386	30	0.0817715	30
0.739	0.0810523	30	0.0797523	30	0.0827263	28	0.0803888	30	0.0817682	30
0.74	0.0810523	30	0.0797574	30	0.0827179	28	0.0803917	30	0.0817649	30
0.741	0.0810523	30	0.0797625	30	0.0827094	28	0.0803945	30	0.0817616	30
0.742	0.0810523	30	0.0797676	30	0.0827011	29	0.0803973	30	0.0817583	30
0.743	0.0810523	30	0.0797727	30	0.0826927	29	0.0804002	30	0.081755	30
0.744	0.0810523	30	0.0797778	30	0.0826844	29	0.080403	30	0.0817517	30
0.745	0.0810523	30	0.0797828	30	0.082676	29	0.0804058	30	0.0817484	30
0.746	0.0810523	30	0.0797879	30	0.0826677	29	0.0804087	30	0.0817451	30
0.747	0.0810523	30	0.079793	30	0.0826594	29	0.0804115	30	0.0817418	30
0.748	0.0810523	30	0.0797981	30	0.0826512	29	0.0804143	30	0.0817386	30
0.749	0.0810523	30	0.0798032	30	0.0826429	29	0.0804171	30	0.0817353	30
0.75	0.0810523	30	0.0798082	30	0.0826347	29	0.0804199	30	0.0817321	30
0.751	0.0810523	30	0.0798133	30	0.0826265	29	0.0804228	30	0.0817288	30
0.752	0.0810523	30	0.0798184	30	0.0826183	29	0.0804256	30	0.0817256	30
0.753	0.0810523	30	0.0798235	30	0.0826102	29	0.0804284	30	0.0817223	30
0.754	0.0810523	30	0.0798285	30	0.082602	29	0.0804312	30	0.0817191	30
0.755	0.0810523	30	0.0798336	30	0.0825939	29	0.080434	30	0.0817159	30
0.756	0.0810523	30	0.0798387	30	0.0825858	29	0.0804368	30	0.0817126	30
0.757	0.0810523	30	0.0798438	30	0.0825777	29	0.0804396	30	0.0817094	30
0.758	0.0810523	30	0.0798488	30	0.0825696	29	0.0804424	30	0.0817062	30
0.759	0.0810523	30	0.0798539	30	0.0825616	29	0.0804452	30	0.081703	30
0.76	0.0810523	30	0.079859	30	0.0825535	29	0.080448	30	0.0816998	30
0.761	0.0810523	30	0.079864	30	0.0825455	29	0.0804508	30	0.0816966	30
0.762	0.0810523	30	0.0798691	30	0.0825375	29	0.0804535	30	0.0816934	30
0.763	0.0810523	30	0.0798742	30	0.0825295	29	0.0804563	30	0.0816902	30
0.764	0.0810523	30	0.0798792	30	0.0825216	29	0.0804591	30	0.081687	30
0.765	0.0810523	30	0.0798843	30	0.0825137	29	0.0804619	30	0.0816838	30
0.766	0.0810523	30	0.0798894	30	0.0825057	29	0.0804647	30	0.0816807	30
0.767	0.0810523	30	0.0798944	30	0.0824978	29	0.0804674	30	0.0816775	30
0.768	0.0810523	30	0.0798995	30	0.0824899	29	0.0804702	30	0.0816743	30
0.769	0.0810523	30	0.0799046	30	0.0824821	29	0.080473	30	0.0816712	30
0.77	0.0810523	30	0.0799096	30	0.0824742	29	0.0804757	30	0.081668	30
0.771	0.0810523	30	0.0799147	30	0.0824664	29	0.0804785	30	0.0816649	30
0.772	0.0810523	30	0.0799197	30	0.0824586	29	0.0804812	30	0.0816617	30
0.773	0.0810523	30	0.0799248	30	0.0824508	29	0.080484	30	0.0816586	30
0.774	0.0810523	30	0.0799299	30	0.082443	29	0.0804868	30	0.0816554	30
0.775	0.0810523	30	0.0799349	30	0.0824353	29	0.0804895	30	0.0816523	30
0.776	0.0810523	30	0.07994	30	0.0824275	29	0.0804923	30	0.0816492	30
0.777	0.0810523	30	0.079945	30	0.0824198	29	0.080495	30	0.0816461	30
0.778	0.0810523	30	0.0799501	30	0.0824121	29	0.0804977	30	0.081643	30
0.779	0.0810523	30	0.0799551	30	0.0824044	29	0.0805005	30	0.0816398	30
0.78	0.0810523	30	0.0799602	30	0.0823968	29	0.0805032	30	0.0816367	30
0.781	0.0810523	30	0.0799652	30	0.0823891	29	0.080506	30	0.0816336	30
0.782	0.0810523	30	0.0799703	30	0.0823815	29	0.0805087	30	0.0816305	30
0.783	0.0810523	30	0.0799753	30	0.0823739	29	0.0805114	30	0.0816275	30
0.784	0.0810523	30	0.0799804	30	0.0823663	29	0.0805142	30	0.0816244	30
0.785	0.0810523	30	0.0799854	30	0.0823587	29	0.0805169	30	0.0816213	30
0.786	0.0810523	30	0.0799905	30	0.0823511	29	0.0805196	30	0.0816182	30
0.787	0.0810523	30	0.0799955	30	0.0823436	29	0.0805223	30	0.0816151	30
0.788	0.0810523	30	0.0800006	30	0.0823361	29	0.0805251	30	0.0816121	30
0.789	0.0810523	30	0.0800056	30	0.0823286	29	0.0805278	30	0.081609	30
0.79	0.0810523	30	0.0800107	30	0.0823211	29	0.0805305	30	0.081606	30
0.791	0.0810523	30	0.0800157	30	0.0823136	29	0.0805332	30	0.0816029	30
0.792	0.0810523	30	0.0800208	30	0.0823061	29	0.0805359	30	0.0815999	30
0.793	0.0810523	30	0.0800258	30	0.0822987	29	0.0805386	30	0.0815968	30
0.794	0.0810523	30	0.0800309	30	0.0822913	29	0.0805413	30	0.0815938	30
0.795	0.0810523	30	0.0800359	30	0.0822838	29	0.080544	30	0.0815907	30
0.796	0.0810523	30	0.0800409	30	0.0822765	30	0.0805467	30	0.0815877	30
0.797	0.0810523	30	0.080046	30	0.0822691	30	0.0805494	30	0.0815847	30
0.798	0.0810523	30	0.080051	30	0.0822617	30	0.0805521	30	0.0815817	30
0.799	0.0810523	30	0.0800561	30	0.0822544	30	0.0805548	30	0.0815786	30
0.8	0.0810523	30	0.0800611	30	0.082247	30	0.0805575	30	0.0815756	30
0.801	0.0810523	30	0.0800661	30	0.0822397	30	0.0805602	30	0.0815726	30
0.802	0.0810523	30	0.0800712	30	0.0822324	30	0.0805629	30	0.0815696	30
0.803	0.0810523	30	0.0800762	30	0.0822252	30	0.0805655	30	0.0815666	30
0.804	0.0810523	30	0.0800812	30	0.0822179	30	0.0805682	30	0.0815636	30
0.805	0.0810523	30	0.0800863	30	0.0822107	30	0.0805709	30	0.0815607	30
0.806	0.0810523	30	0.0800913	30	0.0822034	30	0.0805736	30	0.0815577	30
0.807	0.0810523	30	0.0800963	30	0.0821962	30	0.0805763	30	0.0815547	30
0.808	0.0810523	30	0.0801014	30	0.082189	30	0.0805789	30	0.0815517	30
0.809	0.0810523	30	0.0801064	30	0.0821819	30	0.0805816	30	0.0815487	30
0.81	0.0810523	30	0.0801114	30	0.0821747	30	0.0805843	30	0.0815458	30
0.811	0.0810523	30	0.0801164	30	0.0821675	30	0.0805869	30	0.0815428	30
0.812	0.0810523	30	0.0801215	30	0.0821604	30	0.0805896	30	0.0815399	30
0.813	0.0810523	30	0.0801265	30	0.0821533	30	0.0805922	30	0.0815369	30
0.814	0.0810523	30	0.0801315	30	0.0821462	30	0.0805949	30	0.081534	30
0.815	0.0810523	30	0.0801365	30	0.0821391	30	0.0805976	30	0.081531	30
0.816	0.0810523	30	0.0801416	30	0.082132	30	0.0806002	30	0.0815281	30
0.817	0.0810523	30	0.0801466	30	0.082125	30	0.0806029	30	0.0815252	30
0.818	0.0810523	30	0.0801516	30	0.0821179	30	0.0806055	30	0.0815222	30
0.819	0.0810523	30	0.0801566	30	0.0821109	30	0.0806081	30	0.0815193	30
0.82	0.0810523	30	0.0801617	30	0.0821039	30	0.0806108	30	0.0815164	30
0.821	0.0810523	30	0.0801667	30	0.0820969	30	0.0806134	30	0.0815135	30
0.822	0.0810523	30	0.0801717	30	0.0820899	30	0.0806161	30	0.0815105	30
0.823	0.0810523	30	0.0801767	30	0.082083	30	0.0806187	30	0.0815076	30
0.824	0.0810523	30	0.0801817	30	0.082076	30	0.0806213	30	0.0815047	30
0.825	0.0810523	30	0.0801867	30	0.0820691	30	0.080624	30	0.0815018	30
0.826	0.0810523	30	0.0801918	30	0.0820622	30	0.0806266	30	0.0814989	30
0.827	0.0810523	30	0.0801968	30	0.0820553	30	0.0806292	30	0.0814961	30
0.828	0.0810523	30	0.0802018	30	0.0820484	30	0.0806318	30	0.0814932	30
0.829	0.0810523	30	0.0802068	30	0.0820415	30	0.0806345	30	0.0814903	30
0.83	0.0810523	30	0.0802118	30	0.0820347	30	0.0806371	30	0.0814874	30
0.831	0.0810523	30	0.0802168	30	0.0820278	30	0.0806397	30	0.0814845	30
0.832	0.0810523	30	0.0802218	30	0.082021	30	0.0806423	30	0.0814817	30
0.833	0.0810523	30	0.0802269	30	0.0820142	30	0.0806449	30	0.0814788	30
0.834	0.0810523	30	0.0802319	30	0.0820074	30	0.0806475	30	0.0814759	30
0.835	0.0810523	30	0.0802369	30	0.0820006	30	0.0806501	30	0.0814731	30
0.836	0.0810523	30	0.0802419	30	0.0819939	30	0.0806528	30	0.0814702	30
0.837	0.0810523	30	0.0802469	30	0.0819871	30	0.0806554	30	0.0814674	30
0.838	0.0810523	30	0.0802519	30	0.0819804	30	0.080658	30	0.0814645	30
0.839	0.0810523	30	0.0802569	30	0.0819737	30	0.0806606	30	0.0814617	30
0.84	0.0810523	30	0.0802619	30	0.0819669	30	0.0806632	30	0.0814589	30
0.841	0.0810523	30	0.0802669	30	0.0819602	30	0.0806657	30	0.081456	30
0.842	0.0810523	30	0.0802719	30	0.0819536	30	0.0806683	30	0.0814532	30
0.843	0.0810523	30	0.0802769	30	0.0819469	30	0.0806709	30	0.0814504	30
0.844	0.0810523	30	0.0802819	30	0.0819403	30	0.0806735	30	0.0814476	30
0.845	0.0810523	30	0.0802869	30	0.0819336	30	0.0806761	30	0.0814447	30
0.846	0.0810523	30	0.0802919	30	0.081927	30	0.0806787	30	0.0814419	30
0.847	0.0810523	30	0.0802969	30	0.0819204	30	0.0806813	30	0.0814391	30
0.848	0.0810523	30	0.0803019	30	0.0819138	30	0.0806838	30	0.0814363	30
0.849	0.0810523	30	0.0803069	30	0.0819072	30	0.0806864	30	0.0814335	30
0.85	0.0810523	30	0.0803119	30	0.0819006	30	0.080689	30	0.0814307	30
0.851	0.0810523	30	0.0803169	30	0.0818941	30	0.0806916	30	0.0814279	30
0.852	0.0810523	30	0.0803219	30	0.0818876	30	0.0806941	30	0.0814252	30
0.853	0.0810523	30	0.0803269	30	0.081881	30	0.0806967	30	0.0814224	30
0.854	0.0810523	30	0.0803319	30	0.0818745	30	0.0806993	30	0.0814196	30
0.855	0.0810523	30	0.0803369	30	0.081868	30	0.0807018	30	0.0814168	30
0.856	0.0810523	30	0.0803419	30	0.0818615	30	0.0807044	30	0.081414	30
0.857	0.0810523	30	0.0803469	30	0.0818551	30	0.080707	30	0.0814113	30
0.858	0.0810523	30	0.0803518	30	0.0818486	30	0.0807095	30	0.0814085	30
0.859	0.0810523	30	0.0803568	30	0.0818422	30	0.0807121	30	0.0814058	30
0.86	0.0810523	30	0.0803618	30	0.0818357	30	0.0807146	30	0.081403	30
0.861	0.0810523	30	0.0803668	30	0.0818293	30	0.0807172	30	0.0814003	30
0.862	0.0810523	30	0.0803718	30	0.0818229	30	0.0807197	30	0.0813975	30
0.863	0.0810523	30	0.0803768	30	0.0818165	30	0.0807223	30	0.0813948	30
0.864	0.0810523	30	0.0803818	30	0.0818102	30	0.0807248	30	0.081392	30
0.865	0.0810523	30	0.0803868	30	0.0818038	30	0.0807274	30	0.0813893	30
0.866	0.0810523	30	0.0803917	30	0.0817975	30	0.0807299	30	0.0813866	30
0.867	0.0810523	30	0.0803967	30	0.0817911	30	0.0807324	30	0.0813838	30
0.868	0.0810523	30	0.0804017	30	0.0817848	30	0.080735	30	0.0813811	30
0.869	0.0810523	30	0.0804067	30	0.0817785	30	0.0807375	30	0.0813784	30
0.87	0.0810523	30	0.0804117	30	0.0817722	30	0.08074	30	0.0813757	30
0.871	0.0810523	30	0.0804166	30	0.0817659	30	0.0807426	30	0.081373	30
0.872	0.0810523	30	0.0804216	30	0.0817596	30	0.0807451	30	0.0813703	30
0.873	0.0810523	30	0.0804266	30	0.0817534	30	0.0807476	30	0.0813675	30
0.874	0.0810523	30	0.0804316	30	0.0817471	30	0.0807501	30	0.0813648	30
0.875	0.0810523	30	0.0804366	30	0.0817409	30	0.0807527	30	0.0813622	30
0.876	0.0810523	30	0.0804415	30	0.0817347	30	0.0807552	30	0.0813595	30
0.877	0.0810523	30	0.0804465	30	0.0817285	30	0.0807577	30	0.0813568	30
0.878	0.0810523	30	0.0804515	30	0.0817223	30	0.0807602	30	0.0813541	30
0.879	0.0810523	30	0.0804564	30	0.0817161	30	0.0807627	30	0.0813514	30
0.88	0.0810523	30	0.0804614	30	0.08171	30	0.0807652	30	0.0813487	30
0.881	0.0810523	30	0.0804664	30	0.0817038	30	0.0807677	30	0.0813461	30
0.882	0.0810523	30	0.0804714	30	0.0816977	30	0.0807702	30	0.0813434	30
0.883	0.0810523	30	0.0804763	30	0.0816915	30	0.0807727	30	0.0813407	30
0.884	0.0810523	30	0.0804813	30	0.0816854	30	0.0807752	30	0.0813381	30
0.885	0.0810523	30	0.0804863	30	0.0816793	30	0.0807777	30	0.0813354	30
0.886	0.0810523	30	0.0804912	30	0.0816732	30	0.0807802	30	0.0813327	30
0.887	0.0810523	30	0.0804962	30	0.0816671	30	0.0807827	30	0.0813301	30
0.888	0.0810523	30	0.0805012	30	0.0816611	30	0.0807852	30	0.0813274	30
0.889	0.0810523	30	0.0805061	30	0.081655	30	0.0807877	30	0.0813248	30
0.89	0.0810523	30	0.0805111	30	0.081649	30	0.0807902	30	0.0813222	30
0.891	0.0810523	30	0.0805161	30	0.081643	30	0.0807927	30	0.0813195	30
0.892	0.0810523	30	0.080521	30	0.0816369	30	0.0807952	30	0.0813169	30
0.893	0.0810523	30	0.080526	30	0.0816309	30	0.0807977	30	0.0813143	30
0.894	0.0810523	30	0.0805309	30	0.0816249	30	0.0808002	30	0.0813116	30
0.895	0.0810523	30	0.0805359	30	0.081619	30	0.0808026	30	0.081309	30
0.896	0.0810523	30	0.0805409	30	0.081613	30	0.0808051	30	0.0813064	30
0.897	0.0810523	30	0.0805458	30	0.081607	30	0.0808076	30	0.0813038	30
0.898	0.0810523	30	0.0805508	30	0.0816011	30	0.0808101	30	0.0813012	30
0.899	0.0810523	30	0.0805557	30	0.0815952	30	0.0808125	30	0.0812986	30
0.9	0.0810523	30	0.0805607	30	0.0815893	30	0.080815	30	0.0812959	30
0.901	0.0810523	30	0.0805657	30	0.0815833	30	0.0808175	30	0.0812933	30
0.902	0.0810523	30	0.0805706	30	0.0815775	30	0.0808199	30	0.0812908	30
0.903	0.0810523	30	0.0805756	30	0.0815716	30	0.0808224	30	0.0812882	30
0.904	0.0810523	30	0.0805805	30	0.0815657	30	0.0808249	30	0.0812856	30
0.905	0.0810523	30	0.0805855	30	0.0815598	30	0.0808273	30	0.081283	30
0.906	0.0810523	30	0.0805904	30	0.081554	30	0.0808298	30	0.0812804	30
0.907	0.0810523	30	0.0805954	30	0.0815482	30	0.0808322	30	0.0812778	30
0.908	0.0810523	30	0.0806003	30	0.0815423	30	0.0808347	30	0.0812752	30
0.909	0.0810523	30	0.0806053	30	0.0815365	30	0.0808371	30	0.0812727	30
0.91	0.0810523	30	0.0806102	30	0.0815307	30	0.0808396	30	0.0812701	30
0.911	0.0810523	30	0.0806152	30	0.0815249	30	0.080842	30	0.0812675	30
0.912	0.0810523	30	0.0806201	30	0.0815192	30	0.0808445	30	0.081265	30
0.913	0.0810523	30	0.0806251	30	0.0815134	30	0.0808469	30	0.0812624	30
0.914	0.0810523	30	0.08063	30	0.0815076	30	0.0808494	30	0.0812599	30
0.915	0.0810523	30	0.0806349	30	0.0815019	30	0.0808518	30	0.0812573	30
0.916	0.0810523	30	0.0806399	30	0.0814962	30	0.0808542	30	0.0812548	30
0.917	0.0810523	30	0.0806448	30	0.0814904	30	0.0808567	30	0.0812522	30
0.918	0.0810523	30	0.0806498	30	0.0814847	30	0.0808591	30	0.0812497	30
0.919	0.0810523	30	0.0806547	30	0.081479	30	0.0808615	30	0.0812471	30
0.92	0.0810523	30	0.0806597	30	0.0814733	30	0.080864	30	0.0812446	30
0.921	0.0810523	30	0.0806646	30	0.0814677	30	0.0808664	30	0.0812421	30
0.922	0.0810523	30	0.0806695	30	0.081462	30	0.0808688	30	0.0812395	30
0.923	0.0810523	30	0.0806745	30	0.0814564	30	0.0808712	30	0.081237	30
0.924	0.0810523	30	0.0806794	30	0.0814507	30	0.0808737	30	0.0812345	30
0.925	0.0810523	30	0.0806843	30	0.0814451	30	0.0808761	30	0.081232	30
0.926	0.0810523	30	0.0806893	30	0.0814395	30	0.0808785	30	0.0812295	30
0.927	0.0810523	30	0.0806942	30	0.0814339	30	0.0808809	30	0.081227	30
0.928	0.0810523	30	0.0806991	30	0.0814283	30	0.0808833	30	0.0812245	30
0.929	0.0810523	30	0.0807041	30	0.0814227	30	0.0808857	30	0.0812219	30
0.93	0.0810523	30	0.080709	30	0.0814171	30	0.0808882	30	0.0812194	30
0.931	0.0810523	30	0.0807139	30	0.0814115	30	0.0808906	30	0.0812169	30
0.932	0.0810523	30	0.0807189	30	0.081406	30	0.080893	30	0.0812145	30
0.933	0.0810523	30	0.0807238	30	0.0814004	30	0.0808954	30	0.081212	30
0.934	0.0810523	30	0.0807287	30	0.0813949	30	0.0808978	30	0.0812095	30
0.935	0.0810523	30	0.0807337	30	0.0813894	30	0.0809002	30	0.081207	30
0.936	0.0810523	30	0.0807386	30	0.0813839	30	0.0809026	30	0.0812045	30
0.937	0.0810523	30	0.0807435	30	0.0813784	30	0.080905	30	0.081202	30
0.938	0.0810523	30	0.0807484	30	0.0813729	30	0.0809074	30	0.0811996	30
0.939	0.0810523	30	0.0807534	30	0.0813674	30	0.0809098	30	0.0811971	30
0.94	0.0810523	30	0.0807583	30	0.0813619	30	0.0809122	30	0.0811946	30
0.941	0.0810523	30	0.0807632	30	0.0813565	30	0.0809145	30	0.0811922	30
0.942	0.0810523	30	0.0807681	30	0.081351	30	0.0809169	30	0.0811897	30
0.943	0.0810523	30	0.0807731	30	0.0813456	30	0.0809193	30	0.0811872	30
0.944	0.0810523	30	0.080778	30	0.0813402	30	0.0809217	30	0.0811848	30
0.945	0.0810523	30	0.0807829	30	0.0813348	30	0.0809241	30	0.0811823	30
0.946	0.0810523	30	0.0807878	30	0.0813294	30	0.0809265	30	0.0811799	30
0.947	0.0810523	30	0.0807927	30	0.081324	30	0.0809288	30	0.0811774	30
0.948	0.0810523	30	0.0807977	30	0.0813186	30	0.0809312	30	0.081175	30
0.949	0.0810523	30	0.0808026	30	0.0813132	30	0.0809336	30	0.0811726	30
0.95	0.0810523	30	0.0808075	30	0.0813078	30	0.080936	30	0.0811701	30
0.951	0.0810523	30	0.0808124	30	0.0813025	30	0.0809383	30	0.0811677	30
0.952	0.0810523	30	0.0808173	30	0.0812972	30	0.0809407	30	0.0811653	30
0.953	0.0810523	30	0.0808222	30	0.0812918	30	0.0809431	30	0.0811628	30
0.954	0.0810523	30	0.0808271	30	0.0812865	30	0.0809454	30	0.0811604	30
0.955	0.0810523	30	0.0808321	30	0.0812812	30	0.0809478	30	0.081158	30
0.956	0.0810523	30	0.080837	30	0.0812759	30	0.0809502	30	0.0811556	30
0.957	0.0810523	30	0.0808419	30	0.0812706	30	0.0809525	30	0.0811532	30
0.958	0.0810523	30	0.0808468	30	0.0812653	30	0.0809549	30	0.0811508	30
0.959	0.0810523	30	0.0808517	30	0.08126	30	0.0809572	30	0.0811484	30
0.96	0.0810523	30	0.0808566	30	0.0812548	30	0.0809596	30	0.0811459	30
0.961	0.0810523	30	0.0808615	30	0.0812495	30	0.0809619	30	0.0811435	30
0.962	0.0810523	30	0.0808664	30	0.0812443	30	0.0809643	30	0.0811412	30
0.963	0.0810523	30	0.0808713	30	0.0812391	30	0.0809666	30	0.0811388	30
0.964	0.0810523	30	0.0808762	30	0.0812338	30	0.080969	30	0.0811364	30
0.965	0.0810523	30	0.0808811	30	0.0812286	30	0.0809713	30	0.081134	30
0.966	0.0810523	30	0.080886	30	0.0812234	30	0.0809737	30	0.0811316	30
0.967	0.0810523	30	0.0808909	30	0.0812182	30	0.080976	30	0.0811292	30
0.968	0.0810523	30	0.0808958	30	0.0812131	30	0.0809784	30	0.0811268	30
0.969	0.0810523	30	0.0809007	30	0.0812079	30	0.0809807	30	0.0811245	30
0.97	0.0810523	30	0.0809056	30	0.0812027	30	0.080983	30	0.0811221	30
0.971	0.0810523	30	0.0809105	30	0.0811976	30	0.0809854	30	0.0811197	30
0.972	0.0810523	30	0.0809154	30	0.0811924	30	0.0809877	30	0.0811173	30
0.973	0.0810523	30	0.0809203	30	0.0811873	30	0.08099	30	0.081115	30
0.974	0.0810523	30	0.0809252	30	0.0811822	30	0.0809924	30	0.0811126	30
0.975	0.0810523	30	0.0809301	30	0.0811771	30	0.0809947	30	0.0811103	30
0.976	0.0810523	30	0.080935	30	0.081172	30	0.080997	30	0.0811079	30
0.977	0.0810523	30	0.0809399	30	0.0811669	30	0.0809993	30	0.0811056	30
0.978	0.0810523	30	0.0809448	30	0.0811618	30	0.0810017	30	0.0811032	30
0.979	0.0810523	30	0.0809497	30	0.0811567	30	0.081004	30	0.0811009	30
0.98	0.0810523	30	0.0809546	30	0.0811516	30	0.0810063	30	0.0810985	30
0.981	0.0810523	30	0.0809595	30	0.0811466	30	0.0810086	30	0.0810962	30
0.982	0.0810523	30	0.0809644	30	0.0811415	30	0.0810109	30	0.0810938	30
0.983	0.0810523	30	0.0809693	30	0.0811365	30	0.0810132	30	0.0810915	30
0.984	0.0810523	30	0.0809742	30	0.0811315	30	0.0810155	30	0.0810892	30
0.985	0.0810523	30	0.0809791	30	0.0811265	30	0.0810179	30	0.0810869	30
0.986	0.0810523	30	0.0809839	30	0.0811214	30	0.0810202	30	0.0810845	30
0.987	0.0810523	30	0.0809888	30	0.0811164	30	0.0810225	30	0.0810822	30
0.988	0.0810523	30	0.0809937	30	0.0811115	30	0.0810248	30	0.0810799	30
0.989	0.0810523	30	0.0809986	30	0.0811065	30	0.0810271	30	0.0810776	30
0.99	0.0810523	30	0.0810035	30	0.0811015	30	0.0810294	30	0.0810753	30
0.991	0.0810523	30	0.0810084	30	0.0810965	30	0.0810317	30	0.0810729	30
0.992	0.0810523	30	0.0810133	30	0.0810916	30	0.081034	30	0.0810706	30
0.993	0.0810523	30	0.0810181	30	0.0810866	30	0.0810363	30	0.0810683	30
0.994	0.0810523	30	0.081023	30	0.0810817	30	0.0810386	30	0.081066	30
0.995	0.0810523	30	0.0810279	30	0.0810768	30	0.0810409	30	0.0810637	30
0.996	0.0810523	30	0.0810328	30	0.0810719	30	0.0810431	30	0.0810614	30
0.997	0.0810523	30	0.0810377	30	0.081067	30	0.0810454	30	0.0810591	30
0.998	0.0810523	30	0.0810425	30	0.0810621	30	0.0810477	30	0.0810569	30
0.999	0.0810523	30	0.0810474	30	0.0810572	30	0.08105	30	0.0810546	30
1	0.0810523	30	0.0810523	30	0.0810523	30	nan	1010	nan	1010
