u = $exp(x)+t$, lambda = $u^2$
t	ru	iu	r1	i1	r2	i2	r3	i3	r4	i4
0.001	0.332372	45	0.664744	90	0.664744	61	0.664744	41	0.664744	44
0.002	0.332372	45	0.664744	90	0.664744	61	0.664744	65	0.664744	90
0.003	0.332372	45	0.664744	90	0.664744	61	0.664744	90	0.664744	43
0.004	0.332372	45	0.664744	90	0.664744	90	0.664744	54	0.664744	43
0.005	0.332372	45	0.664744	90	0.664744	90	0.521399	46	0.180846	41
0.006	0.332372	45	0.664744	90	0.664744	90	0.664744	45	0.664744	41
0.007	0.332372	45	0.664744	90	0.664744	90	0.664744	42	0.664744	43
0.008	0.332372	45	0.664744	90	0.664744	90	0.664744	47	0.664744	45
0.009	0.332372	45	0.664744	90	0.664744	90	0.664744	46	0.664744	54
0.01	0.332372	45	0.664744	90	0.664744	90	0.664744	54	0.664744	57
0.011	0.332372	45	0.664744	90	0.664744	90	0.664744	63	0.664744	44
0.012	0.332372	45	0.664744	90	0.664744	90	0.664744	56	0.664744	44
0.013	0.332372	45	0.664744	90	0.664744	90	0.664744	53	0.664744	43
0.014	0.332372	45	0.664744	90	0.664744	90	0.664744	49	0.505734	43
0.015	0.332372	45	0.664744	90	0.664744	90	0.664744	48	0.302735	43
0.016	0.332372	45	0.664744	90	0.664744	90	0.47348	48	0.179589	43
0.017	0.332372	45	0.664744	90	0.664744	90	0.207173	47	0.271224	43
0.018	0.332372	45	0.664744	90	0.664744	90	0.644152	46	0.461342	43
0.019	0.332372	45	0.664744	90	0.664744	90	0.664744	46	0.664744	43
0.02	0.332372	45	0.664744	90	0.664744	90	0.664744	45	0.664744	43
0.021	0.332372	45	0.664744	90	0.664744	90	0.664744	45	0.664744	43
0.022	0.332372	45	0.664744	82	0.664744	90	0.664744	43	0.664744	43
0.023	0.332372	45	0.664744	70	0.664744	90	0.664744	44	0.664744	43
0.024	0.332372	45	0.664744	66	0.664744	90	0.664744	48	0.664744	43
0.025	0.332372	45	0.664744	58	0.664744	90	0.664744	45	0.664744	43
0.026	0.332372	45	0.664744	56	0.664744	90	0.664744	44	0.664744	45
0.027	0.332372	45	0.664744	64	0.664744	90	0.664744	44	0.664744	45
0.028	0.332372	45	0.664744	57	0.664744	90	0.664744	67	0.664744	44
0.029	0.332372	45	0.664744	63	0.664744	90	0.664744	65	0.664744	44
0.03	0.332372	45	0.664744	47	0.664744	90	0.664744	61	0.664744	44
0.031	0.332372	45	0.664744	52	0.664744	90	0.664744	62	0.664744	44
0.032	0.332372	45	0.664744	50	0.664744	90	0.664744	62	0.664744	44
0.033	0.332372	45	0.664744	50	0.664744	90	0.664744	58	0.664744	44
0.034	0.332372	45	0.664744	52	0.664744	90	0.664744	58	0.664744	44
0.035	0.332372	45	0.664744	46	0.664744	90	0.664744	56	0.664744	44
0.036	0.332372	45	0.664744	47	0.664744	90	0.664744	54	0.664744	44
0.037	0.332372	45	0.664744	44	0.664744	90	0.664744	54	0.664744	44
0.038	0.332372	45	0.664744	45	0.664744	90	0.664744	54	0.664744	44
0.039	0.332372	45	0.664744	45	0.664744	90	0.664744	51	0.664744	44
0.04	0.332372	45	0.664744	48	0.664744	90	0.664744	50	0.664744	44
0.041	0.332372	45	0.664744	51	0.664744	90	0.664744	49	0.613962	44
0.042	0.332372	45	0.602742	48	0.664744	90	0.664744	49	0.54846	44
0.043	0.332372	45	0.664744	60	0.664744	90	0.664744	49	0.484555	44
0.044	0.332372	45	0.664744	71	0.664744	90	0.664744	49	0.422589	44
0.045	0.332372	45	0.664744	90	0.664744	90	0.664744	48	0.363133	44
0.046	0.332372	45	0.664744	90	0.664744	90	0.664744	48	0.307179	44
0.047	0.332372	45	0.664744	90	0.664744	90	0.664744	48	0.256494	44
0.048	0.332372	45	0.664744	90	0.664744	90	0.597296	49	0.214239	44
0.049	0.332372	45	0.664744	90	0.664744	90	0.468984	49	0.185585	44
0.05	0.332372	45	0.664744	90	0.664744	90	0.348911	49	0.176597	44
0.051	0.332372	45	0.664744	90	0.664744	90	0.245272	49	0.189502	44
0.052	0.332372	45	0.664744	90	0.664744	90	0.182632	48	0.220007	44
0.053	0.332372	45	0.664744	90	0.664744	90	0.198987	48	0.26165	44
0.054	0.332372	45	0.664744	90	0.664744	90	0.277957	48	0.30966	44
0.055	0.332372	45	0.664744	90	0.664744	90	0.380556	48	0.361252	44
0.056	0.332372	45	0.664744	90	0.664744	90	0.490767	46	0.414877	44
0.057	0.332372	45	0.664744	90	0.664744	90	0.603321	46	0.469655	44
0.058	0.332372	45	0.664744	90	0.664744	90	0.664744	46	0.525068	44
0.059	0.332372	45	0.664744	90	0.664744	90	0.664744	46	0.580795	44
0.06	0.332372	45	0.664744	90	0.664744	90	0.664744	46	0.636633	44
0.061	0.332372	45	0.664744	90	0.664744	90	0.664744	45	0.664744	44
0.062	0.332372	45	0.664744	90	0.664744	90	0.664744	45	0.664744	44
0.063	0.332372	45	0.664744	90	0.664744	90	0.664744	45	0.664744	44
0.064	0.332372	45	0.664744	90	0.664744	90	0.664744	45	0.664744	44
0.065	0.332372	45	0.664744	90	0.664744	90	0.664744	44	0.664744	44
0.066	0.332372	45	0.664744	90	0.664744	90	0.664744	44	0.664744	44
0.067	0.332372	45	0.664744	90	0.664744	90	0.664744	44	0.664744	44
0.068	0.332372	45	0.664744	90	0.664744	90	0.664744	44	0.664744	44
0.069	0.332372	45	0.664744	90	0.664744	90	0.664744	44	0.664744	44
0.07	0.332372	45	0.664744	90	0.664744	90	0.664744	44	0.664744	44
0.071	0.332372	45	0.664744	90	0.664744	90	0.664744	45	0.664744	44
0.072	0.332372	45	0.664744	90	0.664744	90	0.664744	45	0.664744	44
0.073	0.332372	45	0.664744	90	0.664744	90	0.664744	45	0.664744	44
0.074	0.332372	45	0.664744	90	0.664744	90	0.664744	46	0.664744	44
0.075	0.332372	45	0.664744	60	0.664744	90	0.664744	46	0.664744	44
0.076	0.332372	45	0.664744	61	0.664744	90	0.664744	45	0.664744	44
0.077	0.332372	45	0.664744	61	0.664744	90	0.664744	45	0.664744	44
0.078	0.332372	45	0.664744	61	0.664744	90	0.664744	45	0.664744	44
0.079	0.332372	45	0.664744	53	0.664744	90	0.664744	45	0.664744	44
0.08	0.332372	45	0.664744	52	0.664744	90	0.664744	45	0.664744	44
0.081	0.332372	45	0.664744	51	0.664744	90	0.664744	44	0.664744	44
0.082	0.332372	45	0.664744	51	0.664744	90	0.664744	44	0.664744	44
0.083	0.332372	45	0.664744	50	0.664744	90	0.664744	44	0.664744	44
0.084	0.332372	45	0.664744	50	0.664744	90	0.664744	44	0.664744	44
0.085	0.332372	45	0.664744	50	0.664744	90	0.664744	44	0.664744	44
0.086	0.332372	45	0.664744	49	0.664744	90	0.664744	44	0.664744	44
0.087	0.332372	45	0.664744	49	0.664744	90	0.664744	44	0.664744	44
0.088	0.332372	45	0.664744	49	0.664744	90	0.664744	44	0.664744	44
0.089	0.332372	45	0.664744	49	0.664744	90	0.664744	44	0.664744	44
0.09	0.332372	45	0.664744	49	0.664744	90	0.664744	44	0.664744	44
0.091	0.332372	45	0.664744	49	0.664744	90	0.664744	44	0.664744	44
0.092	0.332372	45	0.664744	49	0.664744	90	0.664744	44	0.664744	44
0.093	0.332372	45	0.664744	49	0.664744	90	0.664744	44	0.664744	44
0.094	0.332372	45	0.664744	49	0.664744	90	0.664744	43	0.664744	44
0.095	0.332372	45	0.664744	49	0.664744	90	0.664744	43	0.664744	45
0.096	0.332372	45	0.664744	48	0.664744	90	0.664744	43	0.664744	45
0.097	0.332372	45	0.664744	47	0.664744	90	0.664744	43	0.664744	45
0.098	0.332372	45	0.664744	48	0.664744	90	0.664744	43	0.664744	45
0.099	0.332372	45	0.664744	47	0.664744	90	0.664744	43	0.664744	45
0.1	0.332372	45	0.664744	43	0.664744	90	0.664744	43	0.664744	45
0.101	0.332372	45	0.664744	39	0.664744	90	0.664744	43	0.664744	45
0.102	0.332372	45	0.664744	38	0.664744	90	0.664744	43	0.664744	45
0.103	0.332372	45	0.664744	37	0.664744	90	0.664744	43	0.664744	45
0.104	0.332372	45	0.593949	36	0.664744	90	0.664744	43	0.664744	45
0.105	0.332372	45	0.388559	35	0.664744	90	0.664744	43	0.664744	45
0.106	0.332372	45	0.230636	36	0.664744	90	0.664744	43	0.664744	45
0.107	0.332372	45	0.303734	35	0.664744	90	0.664744	43	0.664744	45
0.108	0.332372	45	0.559543	38	0.664744	90	0.664744	43	0.664744	45
0.109	0.332372	45	0.664744	44	0.664744	90	0.664744	43	0.664744	45
0.11	0.332372	45	0.664744	44	0.664744	90	0.664744	43	0.664744	45
0.111	0.332372	45	0.664744	45	0.664744	90	0.664744	44	0.664744	45
0.112	0.332372	45	0.664744	48	0.664744	90	0.664744	44	0.664744	45
0.113	0.332372	45	0.664744	51	0.664744	90	0.664744	44	0.664744	45
0.114	0.332372	45	0.664744	50	0.664744	90	0.664744	44	0.664744	45
0.115	0.332372	45	0.664744	52	0.664744	90	0.664744	44	0.664744	45
0.116	0.332372	45	0.664744	62	0.664744	90	0.664744	44	0.664744	45
0.117	0.332372	45	0.664744	64	0.664744	90	0.664744	44	0.664744	45
0.118	0.332372	45	0.664744	80	0.664744	90	0.664744	44	0.664744	45
0.119	0.332372	45	0.664744	90	0.664744	90	0.664744	44	0.664744	45
0.12	0.332372	45	0.664744	90	0.664744	90	0.664744	44	0.664744	46
0.121	0.332372	45	0.664744	90	0.664744	90	0.664744	44	0.664744	46
0.122	0.332372	45	0.664744	90	0.664744	90	0.664744	44	0.664744	46
0.123	0.332372	45	0.664744	90	0.664744	90	0.664744	44	0.664744	47
0.124	0.332372	45	0.664744	90	0.664744	90	0.664744	44	0.664744	47
0.125	0.332372	45	0.664744	90	0.664744	67	0.664744	44	0.664744	48
0.126	0.332372	45	0.664744	90	0.664744	68	0.664744	44	0.664744	48
0.127	0.332372	45	0.664744	90	0.664744	69	0.664744	44	0.664744	49
0.128	0.332372	45	0.664744	90	0.664744	70	0.664744	44	0.664744	49
0.129	0.332372	45	0.664744	90	0.664744	71	0.664744	44	0.664744	49
0.13	0.332372	45	0.664744	90	0.664744	72	0.664744	44	0.664744	50
0.131	0.332372	45	0.664744	90	0.664744	72	0.664744	44	0.664744	50
0.132	0.332372	45	0.664744	90	0.664744	72	0.664744	44	0.664744	51
0.133	0.332372	45	0.664744	90	0.664744	69	0.664744	44	0.664744	51
0.134	0.332372	45	0.664744	90	0.664744	68	0.664744	44	0.664744	52
0.135	0.332372	45	0.664744	49	0.664744	59	0.664744	57	0.664744	46
0.136	0.332372	45	0.664744	49	0.664744	90	0.664744	57	0.664744	46
0.137	0.332372	45	0.664744	49	0.664744	90	0.664744	57	0.664744	46
0.138	0.332372	45	0.664744	46	0.664744	90	0.664744	57	0.664744	46
0.139	0.332372	45	0.664744	44	0.664744	90	0.664744	57	0.664744	46
0.14	0.332372	45	0.562619	43	0.664744	90	0.664744	57	0.664744	46
0.141	0.332372	45	0.463789	40	0.664744	90	0.664744	57	0.664744	46
0.142	0.332372	45	0.381719	39	0.664744	90	0.664744	56	0.664744	46
0.143	0.332372	45	0.336754	39	0.664744	90	0.664744	56	0.664744	46
0.144	0.332372	45	0.352337	38	0.664744	90	0.664744	56	0.664744	46
0.145	0.332372	45	0.430137	37	0.664744	90	0.664744	55	0.664744	46
0.146	0.332372	45	0.551834	36	0.664744	90	0.664744	55	0.664744	46
0.147	0.332372	45	0.664744	35	0.664744	90	0.664744	55	0.664744	46
0.148	0.332372	45	0.664744	37	0.664744	90	0.664744	55	0.664744	46
0.149	0.332372	45	0.664744	38	0.664744	90	0.664744	54	0.664744	46
0.15	0.332372	45	0.664744	38	0.664744	90	0.664744	54	0.664744	46
0.151	0.332372	45	0.664744	42	0.664744	90	0.664744	54	0.664744	46
0.152	0.332372	45	0.664744	44	0.664744	90	0.664744	54	0.664744	46
0.153	0.332372	45	0.292285	45	0.664744	90	0.664744	54	0.664744	46
0.154	0.332372	45	0.205962	45	0.664744	90	0.664744	54	0.664744	46
0.155	0.332372	45	0.222195	44	0.664744	90	0.664744	54	0.664744	46
0.156	0.332372	45	0.339823	44	0.664744	90	0.664744	53	0.664744	46
0.157	0.332372	45	0.501966	43	0.664744	90	0.664744	53	0.664744	46
0.158	0.332372	45	0.664744	43	0.664744	90	0.664744	53	0.664744	46
0.159	0.332372	45	0.664744	43	0.664744	90	0.664744	54	0.664744	46
0.16	0.332372	45	0.664744	44	0.664744	90	0.664744	54	0.664744	46
0.161	0.332372	45	0.664744	45	0.664744	90	0.664744	54	0.664744	46
0.162	0.332372	45	0.664744	46	0.664744	84	0.664744	54	0.664744	46
0.163	0.332372	45	0.664744	47	0.664744	75	0.664744	54	0.664744	46
0.164	0.332372	45	0.664744	47	0.664744	66	0.664744	53	0.664744	46
0.165	0.332372	45	0.664744	47	0.664744	63	0.664744	53	0.664744	46
0.166	0.332372	45	0.664744	47	0.664744	61	0.664744	53	0.664744	46
0.167	0.332372	45	0.664744	48	0.664744	59	0.664744	52	0.664744	46
0.168	0.332372	45	0.664744	56	0.664744	51	0.664744	52	0.664744	46
0.169	0.332372	45	0.664744	59	0.664744	50	0.664744	52	0.664744	46
0.17	0.332372	45	0.664744	67	0.664744	49	0.664744	51	0.664744	46
0.171	0.332372	45	0.664744	49	0.664744	48	0.664744	51	0.664744	46
0.172	0.332372	45	0.664744	49	0.664744	48	0.664744	51	0.664744	46
0.173	0.332372	45	0.664744	50	0.664744	47	0.664744	50	0.664744	46
0.174	0.332372	45	0.664744	51	0.664744	46	0.664744	50	0.664744	46
0.175	0.332372	45	0.664744	49	0.664744	45	0.664744	51	0.664744	46
0.176	0.332372	45	0.664744	49	0.664744	45	0.664744	51	0.664744	46
0.177	0.332372	45	0.664744	49	0.664744	45	0.664744	51	0.664744	46
0.178	0.332372	45	0.664744	49	0.664744	45	0.664744	51	0.664744	46
0.179	0.332372	45	0.664744	48	0.664744	45	0.664744	51	0.664744	46
0.18	0.332372	45	0.664744	49	0.664744	49	0.664744	51	0.664744	46
0.181	0.332372	45	0.664744	48	0.664744	44	0.664744	51	0.664744	46
0.182	0.332372	45	0.664744	47	0.664744	44	0.664744	50	0.664744	46
0.183	0.332372	45	0.664744	47	0.664744	43	0.664744	50	0.664744	46
0.184	0.332372	45	0.664744	47	0.664744	44	0.664744	50	0.664744	46
0.185	0.332372	45	0.664744	47	0.664744	44	0.664744	50	0.664744	46
0.186	0.332372	45	0.664744	47	0.664744	43	0.664744	49	0.664744	46
0.187	0.332372	45	0.618474	47	0.664744	44	0.664744	49	0.664744	46
0.188	0.332372	45	0.54573	46	0.664744	44	0.664744	49	0.664744	46
0.189	0.332372	45	0.475876	46	0.664744	44	0.664744	50	0.664744	46
0.19	0.332372	45	0.41199	46	0.664744	44	0.664744	49	0.664744	46
0.191	0.332372	45	0.359337	46	0.664744	44	0.664744	49	0.664744	46
0.192	0.332372	45	0.325982	46	0.664744	44	0.664744	49	0.664744	46
0.193	0.332372	45	0.320947	46	0.476494	44	0.664744	49	0.664744	46
0.194	0.332372	45	0.348465	45	0.302495	44	0.664744	49	0.664744	46
0.195	0.332372	45	0.40481	45	0.547882	45	0.664744	48	0.664744	46
0.196	0.332372	45	0.48269	45	0.664744	45	0.664744	48	0.664744	46
0.197	0.332372	45	0.576015	45	0.664744	45	0.664744	48	0.664744	46
0.198	0.332372	45	0.664744	45	0.664744	47	0.664744	48	0.664744	46
0.199	0.332372	45	0.664744	44	0.664744	45	0.664744	48	0.664744	46
0.2	0.332372	45	0.664744	44	0.664744	45	0.664744	48	0.664744	46
0.201	0.332372	45	0.664744	43	0.664744	45	0.664744	48	0.664744	46
0.202	0.332372	45	0.664744	43	0.664744	46	0.664744	48	0.664744	46
0.203	0.332372	45	0.664744	43	0.664744	50	0.664744	48	0.664744	46
0.204	0.332372	45	0.664744	43	0.664744	52	0.664744	48	0.664744	46
0.205	0.332372	45	0.664744	44	0.664744	53	0.664744	48	0.664744	46
0.206	0.332372	45	0.664744	44	0.664744	53	0.664744	48	0.664744	46
0.207	0.332372	45	0.664744	46	0.664744	54	0.664744	48	0.664744	46
0.208	0.332372	45	0.664744	47	0.664744	54	0.664744	48	0.662008	45
0.209	0.332372	45	0.664744	47	0.664744	54	0.664744	48	0.651929	45
0.21	0.332372	45	0.524229	45	0.664744	54	0.664744	48	0.641914	45
0.211	0.332372	45	0.613017	44	0.664744	54	0.664744	48	0.631964	45
0.212	0.332372	45	0.664744	45	0.664744	52	0.664744	48	0.622079	45
0.213	0.332372	45	0.664744	46	0.664744	53	0.664744	48	0.612259	45
0.214	0.332372	45	0.664744	48	0.664744	54	0.664744	48	0.602504	45
0.215	0.332372	45	0.664744	51	0.664744	54	0.664744	48	0.592815	45
0.216	0.332372	45	0.664744	53	0.664744	56	0.664744	48	0.583192	45
0.217	0.332372	45	0.664744	56	0.664744	56	0.664744	48	0.573635	45
0.218	0.332372	45	0.664744	57	0.664744	53	0.664744	48	0.564144	45
0.219	0.332372	45	0.664744	58	0.664744	54	0.664744	48	0.55472	44
0.22	0.332372	45	0.664744	58	0.664744	53	0.664744	48	0.545363	44
0.221	0.332372	45	0.664744	59	0.664744	54	0.664744	47	0.536073	44
0.222	0.332372	45	0.664744	59	0.664744	54	0.664744	47	0.526851	44
0.223	0.332372	45	0.664744	59	0.664744	55	0.664744	47	0.517698	44
0.224	0.332372	45	0.664744	57	0.664744	55	0.664744	47	0.508613	44
0.225	0.332372	45	0.664744	63	0.664744	56	0.664744	47	0.499597	44
0.226	0.332372	45	0.664744	68	0.664744	56	0.664744	47	0.490651	44
0.227	0.332372	45	0.664744	73	0.664744	56	0.664744	47	0.481776	44
0.228	0.332372	45	0.664744	76	0.664744	57	0.664744	47	0.472971	44
0.229	0.332372	45	0.664744	79	0.664744	57	0.664744	47	0.464239	44
0.23	0.332372	45	0.664744	85	0.664744	57	0.664744	47	0.45558	44
0.231	0.332372	45	0.664744	90	0.664744	56	0.664744	47	0.446994	44
0.232	0.332372	45	0.664744	90	0.664744	47	0.664744	47	0.438483	44
0.233	0.332372	45	0.664744	90	0.664744	47	0.664744	47	0.430047	44
0.234	0.332372	45	0.664744	90	0.664744	46	0.664744	47	0.421688	44
0.235	0.332372	45	0.664744	54	0.664744	46	0.664744	47	0.413407	44
0.236	0.332372	45	0.664744	53	0.664744	46	0.664744	47	0.405205	44
0.237	0.332372	45	0.664744	53	0.664744	45	0.664744	47	0.397084	44
0.238	0.332372	45	0.664744	53	0.664744	45	0.664744	47	0.389045	44
0.239	0.332372	45	0.664744	53	0.664744	46	0.664744	47	0.38109	44
0.24	0.332372	45	0.664744	53	0.664744	46	0.659015	47	0.37322	44
0.241	0.332372	45	0.664744	51	0.664744	45	0.645429	47	0.365437	44
0.242	0.332372	45	0.664744	50	0.664744	45	0.631966	47	0.357743	44
0.243	0.332372	45	0.664744	50	0.664744	45	0.618624	47	0.350141	44
0.244	0.332372	45	0.664744	49	0.664744	44	0.605405	47	0.342632	44
0.245	0.332372	45	0.664744	55	0.664744	44	0.592309	47	0.33522	44
0.246	0.332372	45	0.664744	53	0.664744	44	0.579337	47	0.327906	44
0.247	0.332372	45	0.664744	53	0.664744	44	0.566488	47	0.320694	44
0.248	0.332372	45	0.664744	52	0.664744	44	0.553763	47	0.313587	44
0.249	0.332372	45	0.664744	56	0.664744	43	0.541164	47	0.306587	44
0.25	0.332372	45	0.664744	51	0.564899	43	0.52869	47	0.299699	44
0.251	0.332372	45	0.664744	50	0.433368	43	0.516343	47	0.292926	44
0.252	0.332372	45	0.664744	49	0.664744	44	0.504124	47	0.286273	44
0.253	0.332372	45	0.664744	50	0.664744	44	0.492035	47	0.279743	44
0.254	0.332372	45	0.664744	49	0.664744	44	0.480075	47	0.273341	44
0.255	0.332372	45	0.664744	50	0.664744	43	0.468248	47	0.267072	44
0.256	0.332372	45	0.664744	50	0.562648	43	0.456555	47	0.260942	44
0.257	0.332372	45	0.664744	48	0.423543	43	0.444997	47	0.254956	44
0.258	0.332372	45	0.664744	48	0.318804	43	0.433578	47	0.249119	44
0.259	0.332372	45	0.664744	48	0.253563	43	0.422298	47	0.243439	44
0.26	0.332372	45	0.664744	47	0.186435	43	0.411162	47	0.237921	44
0.261	0.332372	45	0.664744	48	0.285013	43	0.400172	47	0.232572	44
0.262	0.332372	45	0.664744	47	0.460819	43	0.389332	47	0.227401	44
0.263	0.332372	45	0.6415	46	0.661634	43	0.378645	47	0.222414	44
0.264	0.332372	45	0.586892	46	0.664744	43	0.368115	47	0.21762	44
0.265	0.332372	45	0.532194	47	0.664744	43	0.357746	47	0.213026	44
0.266	0.332372	45	0.477746	47	0.664744	43	0.347545	47	0.208641	44
0.267	0.332372	45	0.424097	47	0.664744	43	0.337516	47	0.204474	44
0.268	0.332372	45	0.372147	46	0.664744	44	0.327665	47	0.200533	44
0.269	0.332372	45	0.323401	47	0.664744	43	0.318	47	0.196826	44
0.27	0.332372	45	0.280392	46	0.664744	43	0.308527	47	0.193363	44
0.271	0.332372	45	0.247191	46	0.664744	43	0.299255	47	0.19015	44
0.272	0.332372	45	0.229333	47	0.519715	43	0.290193	47	0.187197	44
0.273	0.332372	45	0.231712	46	0.659168	43	0.28135	47	0.184511	44
0.274	0.332372	45	0.255037	46	0.664744	43	0.272738	47	0.182097	44
0.275	0.332372	45	0.295561	46	0.664744	43	0.264367	47	0.179963	44
0.276	0.332372	45	0.348412	45	0.664744	43	0.256252	47	0.178112	44
0.277	0.332372	45	0.409849	45	0.664744	43	0.248405	47	0.176549	44
0.278	0.332372	45	0.477507	45	0.664744	43	0.240843	47	0.175277	44
0.279	0.332372	45	0.549983	45	0.664744	43	0.23358	47	0.174296	44
0.28	0.332372	45	0.626459	45	0.664744	43	0.226635	47	0.173607	44
0.281	0.332372	45	0.664744	44	0.664744	44	0.220026	47	0.173208	44
0.282	0.332372	45	0.664744	44	0.664744	44	0.213772	47	0.173096	44
0.283	0.332372	45	0.664744	44	0.664744	44	0.207893	47	0.173266	44
0.284	0.332372	45	0.664744	44	0.664744	44	0.20241	47	0.173714	44
0.285	0.332372	45	0.664744	44	0.664744	45	0.197343	47	0.174432	44
0.286	0.332372	45	0.664744	44	0.664744	45	0.192713	47	0.175413	44
0.287	0.332372	45	0.664744	43	0.423238	43	0.18854	46	0.176646	44
0.288	0.332372	45	0.664744	44	0.664744	44	0.184843	46	0.178124	44
0.289	0.332372	45	0.664744	45	0.633616	44	0.181637	46	0.179835	44
0.29	0.332372	45	0.664744	45	0.51742	44	0.178938	46	0.181768	44
0.291	0.332372	45	0.664744	46	0.40405	44	0.176755	46	0.183912	44
0.292	0.332372	45	0.664744	46	0.300634	44	0.175096	46	0.186256	44
0.293	0.332372	45	0.664744	46	0.227147	43	0.173964	46	0.188788	44
0.294	0.332372	45	0.664744	46	0.22272	43	0.173357	46	0.191497	44
0.295	0.332372	45	0.664744	48	0.436117	44	0.173269	46	0.194372	44
0.296	0.332372	45	0.664744	48	0.33965	44	0.173689	46	0.197402	44
0.297	0.332372	45	0.664744	51	0.26714	44	0.174602	46	0.200576	44
0.298	0.332372	45	0.664744	53	0.245952	44	0.175988	46	0.203884	44
0.299	0.332372	45	0.664744	55	0.291912	43	0.177828	46	0.207316	44
0.3	0.332372	45	0.664744	57	0.384944	43	0.180095	46	0.210862	44
0.301	0.332372	45	0.664744	58	0.502262	43	0.182764	46	0.214515	44
0.302	0.332372	45	0.427444	47	0.6329	43	0.185807	46	0.218265	44
0.303	0.332372	45	0.393716	47	0.664744	43	0.189198	46	0.222104	44
0.304	0.332372	45	0.362396	47	0.664744	43	0.192909	46	0.226026	44
0.305	0.332372	45	0.334405	47	0.664744	43	0.196912	46	0.230022	44
0.306	0.332372	45	0.310922	47	0.664744	43	0.201183	46	0.234087	44
0.307	0.332372	45	0.29334	47	0.664744	43	0.205695	46	0.238213	44
0.308	0.332372	45	0.283099	46	0.664744	43	0.210426	46	0.242396	44
0.309	0.332372	45	0.281359	46	0.664744	43	0.215353	46	0.24663	44
0.31	0.332372	45	0.288639	46	0.664744	43	0.220457	46	0.25091	44
0.311	0.332372	45	0.30466	46	0.664744	43	0.225718	46	0.25523	44
0.312	0.332372	45	0.328501	46	0.513264	43	0.231119	46	0.259587	44
0.313	0.332372	45	0.358951	46	0.592845	43	0.236644	46	0.263977	44
0.314	0.332372	45	0.394816	45	0.664744	43	0.242278	46	0.268396	44
0.315	0.332372	45	0.435075	45	0.664744	43	0.248007	46	0.27284	44
0.316	0.332372	45	0.478927	45	0.664744	44	0.253821	46	0.277306	44
0.317	0.332372	45	0.525766	45	0.664744	44	0.259707	46	0.281791	44
0.318	0.332372	45	0.57515	45	0.664744	44	0.265655	46	0.286291	44
0.319	0.332372	45	0.626752	45	0.664744	44	0.271656	46	0.290805	44
0.32	0.332372	45	0.664744	45	0.664744	44	0.277702	46	0.29533	44
0.321	0.332372	45	0.664744	45	0.664744	44	0.283786	46	0.299864	44
0.322	0.332372	45	0.664744	45	0.664744	44	0.2899	46	0.304403	44
0.323	0.332372	45	0.664744	45	0.664744	44	0.296038	46	0.308947	44
0.324	0.332372	45	0.664744	44	0.59187	44	0.302195	46	0.313494	44
0.325	0.332372	45	0.664744	44	0.519078	44	0.308365	46	0.318041	44
0.326	0.332372	45	0.278295	46	0.452819	44	0.314544	46	0.322588	44
0.327	0.332372	45	0.266109	46	0.397524	44	0.320727	46	0.327131	44
0.328	0.332372	45	0.262525	46	0.359641	44	0.326911	46	0.331672	44
0.329	0.332372	45	0.268253	46	0.346422	44	0.333092	46	0.336207	44
0.33	0.332372	45	0.283092	45	0.362074	44	0.339266	46	0.340735	44
0.331	0.332372	45	0.306071	45	0.404658	44	0.345432	46	0.345256	44
0.332	0.332372	45	0.335862	45	0.468152	44	0.351586	46	0.349769	44
0.333	0.332372	45	0.37115	45	0.546473	44	0.357725	46	0.354271	44
0.334	0.332372	45	0.410828	45	0.635221	44	0.363848	46	0.358763	44
0.335	0.332372	45	0.45404	45	0.664744	43	0.369952	46	0.363244	44
0.336	0.332372	45	0.500151	45	0.664744	43	0.376037	46	0.367713	44
0.337	0.332372	45	0.548703	45	0.664744	43	0.382099	46	0.372168	44
0.338	0.332372	45	0.599365	45	0.664744	43	0.388137	46	0.37661	44
0.339	0.332372	45	0.651898	45	0.664744	43	0.394151	46	0.381037	44
0.34	0.332372	45	0.664744	45	0.664744	43	0.400138	46	0.385449	44
0.341	0.332372	45	0.664744	44	0.664744	43	0.406098	46	0.389845	44
0.342	0.332372	45	0.664744	44	0.664744	43	0.412029	46	0.394226	44
0.343	0.332372	45	0.664744	49	0.664744	43	0.417931	46	0.398589	44
0.344	0.332372	45	0.664744	49	0.664744	43	0.423802	46	0.402935	44
0.345	0.332372	45	0.664744	49	0.664744	44	0.429642	46	0.407264	44
0.346	0.332372	45	0.664744	49	0.664744	45	0.43545	46	0.411575	44
0.347	0.332372	45	0.664744	49	0.664744	45	0.441226	45	0.415867	44
0.348	0.332372	45	0.661239	48	0.664744	45	0.446968	45	0.42014	44
0.349	0.332372	45	0.633511	48	0.664744	45	0.452677	45	0.424394	44
0.35	0.332372	45	0.606064	48	0.664744	45	0.458351	45	0.428628	44
0.351	0.332372	45	0.578977	48	0.664744	43	0.46399	45	0.432843	44
0.352	0.332372	45	0.552344	48	0.664744	43	0.469594	45	0.437038	44
0.353	0.332372	45	0.526278	48	0.664744	43	0.475163	45	0.441212	44
0.354	0.332372	45	0.500917	48	0.664744	43	0.480696	45	0.445366	44
0.355	0.332372	45	0.476426	48	0.664744	43	0.486192	45	0.449498	44
0.356	0.332372	45	0.453004	48	0.664744	45	0.491652	45	0.45361	44
0.357	0.332372	45	0.430887	47	0.664744	43	0.497076	45	0.457701	44
0.358	0.332372	45	0.410353	47	0.664744	43	0.502462	45	0.46177	44
0.359	0.332372	45	0.391725	47	0.664744	43	0.507811	45	0.465818	44
0.36	0.332372	45	0.375365	47	0.664744	43	0.513123	45	0.469843	44
0.361	0.332372	45	0.361666	46	0.664744	43	0.518398	45	0.473847	44
0.362	0.332372	45	0.351028	46	0.664744	43	0.523635	45	0.477829	44
0.363	0.332372	45	0.343832	46	0.664744	43	0.528834	45	0.481789	44
0.364	0.332372	45	0.340394	46	0.664744	43	0.533996	45	0.485726	44
0.365	0.332372	45	0.34093	46	0.664744	43	0.53912	45	0.489641	44
0.366	0.332372	45	0.345526	46	0.664744	44	0.544206	45	0.493534	44
0.367	0.332372	45	0.35413	46	0.664744	44	0.549255	45	0.497404	44
0.368	0.332372	45	0.366563	46	0.664744	44	0.554265	45	0.501252	44
0.369	0.332372	45	0.382557	45	0.664744	44	0.559238	45	0.505076	44
0.37	0.332372	45	0.401789	45	0.664744	44	0.564172	45	0.508878	44
0.371	0.332372	45	0.42392	45	0.664744	44	0.569069	45	0.512657	44
0.372	0.332372	45	0.448618	45	0.616078	44	0.573928	45	0.516414	44
0.373	0.332372	45	0.475581	45	0.566922	44	0.578749	45	0.520147	44
0.374	0.332372	45	0.504538	45	0.520463	44	0.583533	45	0.523857	44
0.375	0.332372	45	0.535259	45	0.477747	44	0.588278	45	0.527545	44
0.376	0.332372	45	0.567545	45	0.440156	44	0.592987	45	0.531209	44
0.377	0.332372	45	0.601233	45	0.409428	44	0.597657	45	0.534851	44
0.378	0.332372	45	0.636185	45	0.387556	44	0.60229	45	0.538469	44
0.379	0.332372	45	0.664744	45	0.376465	44	0.606886	45	0.542064	44
0.38	0.332372	45	0.664744	45	0.377499	44	0.611444	45	0.545636	44
0.381	0.332372	45	0.664744	45	0.390953	44	0.615965	45	0.549185	44
0.382	0.332372	45	0.664744	45	0.416005	44	0.620449	45	0.552711	44
0.383	0.332372	45	0.664744	45	0.45109	44	0.624896	45	0.556214	44
0.384	0.332372	45	0.664744	45	0.165841	44	0.629305	45	0.559693	44
0.385	0.332372	45	0.664744	45	0.16519	44	0.633678	45	0.56315	44
0.386	0.332372	45	0.664744	44	0.193616	44	0.638015	45	0.566583	44
0.387	0.332372	45	0.664744	44	0.241784	44	0.642314	45	0.569994	44
0.388	0.332372	45	0.664744	44	0.300959	43	0.646578	45	0.573381	44
0.389	0.332372	45	0.664744	44	0.285927	44	0.650804	45	0.576745	44
0.39	0.332372	45	0.664744	44	0.238728	44	0.654995	45	0.580087	44
0.391	0.332372	45	0.664744	44	0.201581	44	0.65915	45	0.583405	44
0.392	0.332372	45	0.664744	44	0.18149	44	0.663268	45	0.586701	44
0.393	0.332372	45	0.664744	44	0.184829	44	0.664744	45	0.589973	44
0.394	0.332372	45	0.664744	44	0.211126	44	0.664744	45	0.593223	44
0.395	0.332372	45	0.664744	44	0.253878	44	0.664744	45	0.596449	44
0.396	0.332372	45	0.664744	44	0.306738	44	0.664744	45	0.599653	44
0.397	0.332372	45	0.664744	44	0.365752	44	0.664744	45	0.602834	44
0.398	0.332372	45	0.664744	43	0.428742	43	0.664744	45	0.605993	44
0.399	0.332372	45	0.664744	43	0.494511	43	0.664744	45	0.609128	44
0.4	0.332372	45	0.664744	43	0.562378	43	0.664744	45	0.612241	44
0.401	0.332372	45	0.664744	43	0.631935	43	0.664744	45	0.615331	44
0.402	0.332372	45	0.664744	43	0.664744	43	0.664744	45	0.618399	44
0.403	0.332372	45	0.664744	44	0.664744	43	0.664744	45	0.621444	44
0.404	0.332372	45	0.664744	44	0.664744	43	0.664744	45	0.624467	44
0.405	0.332372	45	0.664744	44	0.664744	43	0.664744	45	0.627467	44
0.406	0.332372	45	0.664744	45	0.664744	43	0.664744	44	0.630445	44
0.407	0.332372	45	0.664744	45	0.664744	43	0.664744	44	0.6334	44
0.408	0.332372	45	0.664744	45	0.664744	43	0.664744	44	0.636334	44
0.409	0.332372	45	0.664744	45	0.664744	43	0.664744	44	0.639245	44
0.41	0.332372	45	0.664744	45	0.664744	43	0.664744	44	0.642133	44
0.411	0.332372	45	0.664744	45	0.664744	43	0.664744	44	0.645	44
0.412	0.332372	45	0.664744	45	0.664744	43	0.664744	44	0.647845	44
0.413	0.332372	45	0.664744	45	0.664744	43	0.664744	44	0.650667	44
0.414	0.332372	45	0.664744	45	0.664744	43	0.664744	44	0.653468	44
0.415	0.332372	45	0.664744	45	0.664744	43	0.664744	44	0.656247	44
0.416	0.332372	45	0.664744	49	0.323722	44	0.664744	44	0.659004	44
0.417	0.332372	45	0.664744	49	0.273545	44	0.664744	44	0.661739	44
0.418	0.332372	45	0.664744	48	0.239932	44	0.664744	44	0.664452	44
0.419	0.332372	45	0.664744	48	0.215779	44	0.664744	44	0.664744	44
0.42	0.332372	45	0.664744	48	0.204838	44	0.664744	44	0.664744	44
0.421	0.332372	45	0.664744	48	0.209565	44	0.664744	44	0.664744	44
0.422	0.332372	45	0.664744	48	0.229341	44	0.664744	44	0.664744	44
0.423	0.332372	45	0.664744	48	0.26108	44	0.664744	44	0.664744	44
0.424	0.332372	45	0.664744	48	0.301302	44	0.664744	44	0.664744	44
0.425	0.332372	45	0.664744	48	0.347322	44	0.664744	44	0.664744	44
0.426	0.332372	45	0.664744	48	0.227881	44	0.664744	44	0.664744	44
0.427	0.332372	45	0.664744	48	0.21394	44	0.664744	44	0.664744	44
0.428	0.332372	45	0.664744	48	0.213197	44	0.664744	44	0.664744	44
0.429	0.332372	45	0.664744	48	0.226065	44	0.664744	44	0.664744	44
0.43	0.332372	45	0.664744	48	0.250719	44	0.664744	44	0.664744	44
0.431	0.332372	45	0.664744	48	0.284342	44	0.664744	44	0.664744	44
0.432	0.332372	45	0.658986	48	0.324369	44	0.664744	44	0.664744	44
0.433	0.332372	45	0.639499	48	0.368911	44	0.664744	44	0.664744	44
0.434	0.332372	45	0.62021	48	0.416695	44	0.664744	44	0.664744	44
0.435	0.332372	45	0.601148	48	0.466887	44	0.664744	44	0.664744	44
0.436	0.332372	45	0.582344	48	0.518934	44	0.664744	44	0.664744	44
0.437	0.332372	45	0.563834	48	0.572466	44	0.664744	44	0.664744	44
0.438	0.332372	45	0.545659	47	0.62723	44	0.664744	44	0.664744	44
0.439	0.332372	45	0.527863	47	0.664744	44	0.664744	44	0.664744	44
0.44	0.332372	45	0.510499	47	0.664744	43	0.664744	44	0.664744	44
0.441	0.332372	45	0.493624	47	0.664744	43	0.664744	44	0.664744	44
0.442	0.332372	45	0.477301	47	0.664744	43	0.664744	44	0.664744	44
0.443	0.332372	45	0.461603	47	0.664744	43	0.664744	44	0.664744	44
0.444	0.332372	45	0.44661	47	0.664744	43	0.664744	44	0.664744	44
0.445	0.332372	45	0.432409	47	0.664744	43	0.664744	44	0.664744	44
0.446	0.332372	45	0.419095	47	0.261638	44	0.664744	44	0.664744	44
0.447	0.332372	45	0.406772	47	0.291036	44	0.664744	44	0.664744	44
0.448	0.332372	45	0.395548	47	0.32531	44	0.664744	44	0.664744	44
0.449	0.332372	45	0.385536	47	0.363202	44	0.664744	44	0.664744	44
0.45	0.332372	45	0.376851	47	0.403806	44	0.664744	44	0.664744	44
0.451	0.332372	45	0.369603	47	0.403679	44	0.664744	44	0.664744	44
0.452	0.332372	45	0.363897	47	0.37295	44	0.664744	44	0.664744	44
0.453	0.332372	45	0.359826	47	0.344332	44	0.664744	44	0.664744	44
0.454	0.332372	45	0.357464	47	0.318465	44	0.664744	44	0.664744	44
0.455	0.332372	45	0.356866	47	0.584445	44	0.664744	44	0.664744	44
0.456	0.332372	45	0.358058	46	0.54701	44	0.664744	44	0.664744	44
0.457	0.332372	45	0.361044	46	0.509792	44	0.664744	44	0.664744	44
0.458	0.332372	45	0.365799	46	0.472885	44	0.664744	44	0.664744	44
0.459	0.332372	45	0.372274	46	0.436414	44	0.664744	44	0.664744	44
0.46	0.332372	45	0.380402	45	0.400548	44	0.664744	44	0.664744	44
0.461	0.332372	45	0.390096	45	0.365523	44	0.664744	44	0.664744	44
0.462	0.332372	45	0.401263	45	0.331668	44	0.664744	44	0.664744	44
0.463	0.332372	45	0.413802	45	0.299451	44	0.664744	44	0.664744	44
0.464	0.332372	45	0.427609	45	0.26954	44	0.664744	44	0.664744	44
0.465	0.332372	45	0.442583	45	0.242876	44	0.664744	44	0.664744	44
0.466	0.332372	45	0.458626	45	0.220739	44	0.664744	44	0.664744	44
0.467	0.332372	45	0.475647	45	0.204711	44	0.664744	44	0.664744	44
0.468	0.332372	45	0.493561	45	0.196408	44	0.664744	44	0.664744	44
0.469	0.332372	45	0.512288	45	0.196924	44	0.664744	44	0.664744	44
0.47	0.332372	45	0.531758	45	0.206303	44	0.664744	44	0.664744	44
0.471	0.332372	45	0.551907	45	0.223535	44	0.664744	44	0.664744	44
0.472	0.332372	45	0.572678	45	0.247074	44	0.664744	44	0.664744	44
0.473	0.332372	45	0.594018	45	0.275393	44	0.664744	44	0.664744	44
0.474	0.332372	45	0.615882	45	0.307249	44	0.664744	44	0.664744	44
0.475	0.332372	45	0.638229	45	0.341723	44	0.664744	44	0.664744	44
0.476	0.332372	45	0.661022	45	0.378165	44	0.664744	44	0.664744	44
0.477	0.332372	45	0.664744	45	0.416116	44	0.664744	44	0.664744	44
0.478	0.332372	45	0.664744	45	0.455252	44	0.664744	44	0.664744	44
0.479	0.332372	45	0.664744	45	0.495342	44	0.664744	44	0.664744	44
0.48	0.332372	45	0.664744	45	0.536219	44	0.664744	44	0.664744	44
0.481	0.332372	45	0.664744	45	0.577759	44	0.664744	44	0.664744	44
0.482	0.332372	45	0.664744	45	0.619871	44	0.664744	44	0.664744	44
0.483	0.332372	45	0.664744	45	0.662482	44	0.664744	44	0.664744	44
0.484	0.332372	45	0.664744	45	0.3862	44	0.664744	44	0.664744	44
0.485	0.332372	45	0.664744	45	0.418982	44	0.664744	44	0.664744	44
0.486	0.332372	45	0.664744	45	0.453235	44	0.664744	44	0.664744	44
0.487	0.332372	45	0.664744	45	0.488684	44	0.664744	44	0.664744	44
0.488	0.332372	45	0.664744	45	0.525123	44	0.664744	44	0.664744	44
0.489	0.332372	45	0.664744	45	0.56239	44	0.664744	44	0.664744	44
0.49	0.332372	45	0.664744	44	0.600363	44	0.664744	44	0.664744	44
0.491	0.332372	45	0.664744	44	0.638943	44	0.664744	44	0.664744	44
0.492	0.332372	45	0.422597	47	0.664744	44	0.664744	44	0.664744	44
0.493	0.332372	45	0.425862	47	0.664744	44	0.664744	44	0.664744	44
0.494	0.332372	45	0.430074	47	0.664744	44	0.664744	44	0.664744	44
0.495	0.332372	45	0.435211	47	0.664744	44	0.664744	44	0.664744	44
0.496	0.332372	45	0.441244	47	0.664744	44	0.664744	44	0.664744	44
0.497	0.332372	45	0.448143	46	0.664744	44	0.664744	44	0.664744	44
0.498	0.332372	45	0.455873	46	0.664744	44	0.664744	44	0.664744	44
0.499	0.332372	45	0.464396	46	0.664744	44	0.664744	44	0.664744	44
0.5	0.332372	45	0.473675	45	0.664744	44	0.664744	44	0.664744	44
0.501	0.332372	45	0.483671	45	0.549715	44	0.664744	44	0.664744	44
0.502	0.332372	45	0.494343	45	0.521732	44	0.664744	44	0.664744	44
0.503	0.332372	45	0.505653	45	0.493921	44	0.664744	44	0.664744	44
0.504	0.332372	45	0.517564	45	0.466323	44	0.664744	44	0.664744	44
0.505	0.332372	45	0.530037	45	0.43899	44	0.664744	44	0.664744	44
0.506	0.332372	45	0.543039	45	0.41199	44	0.664744	44	0.664744	44
0.507	0.332372	45	0.556535	45	0.385406	44	0.664744	44	0.664744	44
0.508	0.332372	45	0.570494	45	0.359346	44	0.664744	44	0.664744	44
0.509	0.332372	45	0.584885	45	0.333947	44	0.664744	44	0.664744	44
0.51	0.332372	45	0.599681	45	0.30939	44	0.664744	44	0.664744	44
0.511	0.332372	45	0.614855	45	0.285911	44	0.664744	44	0.664744	44
0.512	0.332372	45	0.630383	45	0.263817	44	0.664744	44	0.664744	44
0.513	0.332372	45	0.646241	45	0.243507	44	0.664744	44	0.664744	44
0.514	0.332372	45	0.662408	45	0.225487	44	0.664744	44	0.664744	44
0.515	0.332372	45	0.664744	45	0.21037	44	0.664744	44	0.664744	44
0.516	0.332372	45	0.664744	45	0.198845	44	0.664744	44	0.664744	44
0.517	0.332372	45	0.664744	45	0.191587	44	0.664744	44	0.664744	44
0.518	0.332372	45	0.664744	45	0.189115	44	0.664744	44	0.664744	44
0.519	0.332372	45	0.664744	45	0.19164	44	0.664744	44	0.664744	44
0.52	0.332372	45	0.664744	45	0.198996	44	0.664744	44	0.664744	44
0.521	0.332372	45	0.664744	45	0.2107	44	0.664744	44	0.664744	44
0.522	0.332372	45	0.664744	45	0.226099	44	0.664744	44	0.664744	44
0.523	0.332372	45	0.664744	45	0.244514	44	0.664744	44	0.664744	44
0.524	0.332372	45	0.664744	45	0.265336	44	0.664744	44	0.664744	44
0.525	0.332372	45	0.664744	45	0.288058	44	0.664744	44	0.664744	44
0.526	0.332372	45	0.664744	45	0.31228	44	0.664744	44	0.664744	44
0.527	0.332372	45	0.664744	45	0.337693	44	0.664744	44	0.664744	44
0.528	0.332372	45	0.664744	45	0.364058	44	0.664744	44	0.664744	44
0.529	0.332372	45	0.664744	45	0.391194	44	0.664744	44	0.664744	44
0.53	0.332372	45	0.664744	45	0.41896	44	0.664744	44	0.664744	44
0.531	0.332372	45	0.664744	45	0.194042	44	0.664744	44	0.664744	44
0.532	0.332372	45	0.664744	45	0.201106	44	0.664744	44	0.664744	44
0.533	0.332372	45	0.664744	45	0.211834	44	0.664744	44	0.664744	44
0.534	0.332372	45	0.664744	44	0.225713	44	0.664744	44	0.664744	44
0.535	0.332372	45	0.664744	44	0.242211	44	0.664744	44	0.664744	44
0.536	0.332372	45	0.664744	44	0.260837	44	0.664744	44	0.664744	44
0.537	0.332372	45	0.664744	44	0.281176	44	0.664744	44	0.664744	44
0.538	0.332372	45	0.555035	45	0.302888	44	0.664744	44	0.664744	44
0.539	0.332372	45	0.563449	45	0.325703	44	0.664744	44	0.664744	44
0.54	0.332372	45	0.572224	45	0.349409	44	0.664744	44	0.664744	44
0.541	0.332372	45	0.581344	45	0.373841	44	0.664744	44	0.664744	44
0.542	0.332372	45	0.590792	45	0.398867	44	0.664744	44	0.664744	44
0.543	0.332372	45	0.600554	45	0.424386	44	0.664744	44	0.664744	44
0.544	0.332372	45	0.610612	45	0.450315	44	0.664744	44	0.664744	44
0.545	0.332372	45	0.620953	45	0.47659	44	0.664744	44	0.664744	44
0.546	0.332372	45	0.631562	45	0.503157	44	0.664744	44	0.664744	44
0.547	0.332372	45	0.642426	45	0.529974	44	0.664744	44	0.664744	44
0.548	0.332372	45	0.65353	45	0.557005	44	0.664744	44	0.664744	44
0.549	0.332372	45	0.664744	45	0.584222	44	0.664744	44	0.664744	44
0.55	0.332372	45	0.664744	45	0.611598	44	0.664744	44	0.664744	44
0.551	0.332372	45	0.664744	45	0.639114	44	0.664744	44	0.664744	44
0.552	0.332372	45	0.664744	45	0.664744	44	0.664744	44	0.664744	44
0.553	0.332372	45	0.664744	45	0.664744	44	0.664744	44	0.664744	44
0.554	0.332372	45	0.664744	45	0.664744	44	0.664744	44	0.664744	44
0.555	0.332372	45	0.664744	45	0.664744	44	0.664744	44	0.664744	44
0.556	0.332372	45	0.664744	45	0.664744	44	0.664744	44	0.664744	44
0.557	0.332372	45	0.664744	45	0.45225	44	0.664744	44	0.664744	44
0.558	0.332372	45	0.664744	45	0.266436	44	0.664744	44	0.664744	44
0.559	0.332372	45	0.664744	45	0.253498	44	0.664744	44	0.664744	44
0.56	0.332372	45	0.664744	45	0.242099	44	0.664744	44	0.664744	44
0.561	0.332372	45	0.664744	45	0.232464	44	0.664744	44	0.664744	44
0.562	0.332372	45	0.664744	45	0.224817	44	0.664744	44	0.664744	44
0.563	0.332372	45	0.664744	45	0.219366	44	0.664744	44	0.664744	44
0.564	0.332372	45	0.664744	45	0.216274	44	0.664744	44	0.664744	44
0.565	0.332372	45	0.664744	45	0.215639	44	0.664744	44	0.664744	44
0.566	0.332372	45	0.664744	45	0.217481	44	0.664744	44	0.664744	44
0.567	0.332372	45	0.664744	45	0.221734	44	0.664744	44	0.664744	44
0.568	0.332372	45	0.664744	45	0.22826	44	0.664744	44	0.664744	44
0.569	0.332372	45	0.664744	45	0.236868	44	0.664744	44	0.664744	44
0.57	0.332372	45	0.664744	45	0.247336	44	0.664744	44	0.664744	44
0.571	0.332372	45	0.664744	45	0.259435	44	0.664744	44	0.664744	44
0.572	0.332372	45	0.664744	45	0.272944	44	0.664744	44	0.664744	44
0.573	0.332372	45	0.664744	44	0.287661	44	0.664744	44	0.664744	44
0.574	0.332372	45	0.664744	44	0.303404	44	0.664744	44	0.664744	44
0.575	0.332372	45	0.664744	44	0.320019	44	0.664744	44	0.664744	44
0.576	0.332372	45	0.664744	44	0.337372	44	0.664744	44	0.664744	44
0.577	0.332372	45	0.664744	44	0.35535	44	0.664744	44	0.664744	44
0.578	0.332372	45	0.664744	44	0.373859	44	0.664744	44	0.664744	44
0.579	0.332372	45	0.664744	44	0.392819	44	0.664744	44	0.664744	44
0.58	0.332372	45	0.664744	44	0.412163	44	0.664744	44	0.664744	44
0.581	0.332372	45	0.664744	44	0.431835	44	0.664744	44	0.664744	44
0.582	0.332372	45	0.664744	44	0.451787	44	0.664744	44	0.664744	44
0.583	0.332372	45	0.664744	44	0.47198	44	0.664744	44	0.664744	44
0.584	0.332372	45	0.664744	44	0.492378	44	0.664744	44	0.664744	44
0.585	0.332372	45	0.664744	44	0.512953	44	0.664744	44	0.664744	44
0.586	0.332372	45	0.664744	44	0.533679	44	0.664744	44	0.664744	44
0.587	0.332372	45	0.664744	44	0.554535	44	0.664744	44	0.664744	44
0.588	0.332372	45	0.664744	44	0.575502	44	0.664744	44	0.664744	44
0.589	0.332372	45	0.664744	44	0.596563	44	0.664744	44	0.664744	44
0.59	0.332372	45	0.664744	44	0.353809	44	0.664744	44	0.664744	44
0.591	0.332372	45	0.664744	44	0.369674	44	0.664744	44	0.664744	44
0.592	0.332372	45	0.664744	44	0.385997	44	0.664744	44	0.664744	44
0.593	0.332372	45	0.664744	44	0.402717	44	0.664744	44	0.664744	44
0.594	0.332372	45	0.664744	44	0.27272	44	0.664744	44	0.664744	44
0.595	0.332372	45	0.664744	44	0.268147	44	0.664744	44	0.664744	44
0.596	0.332372	45	0.664744	44	0.264831	44	0.664744	44	0.664744	44
0.597	0.332372	45	0.664744	44	0.262811	44	0.664744	44	0.664744	44
0.598	0.332372	45	0.664744	44	0.262113	44	0.664744	44	0.664744	44
0.599	0.332372	45	0.664744	44	0.26274	44	0.664744	44	0.664744	44
0.6	0.332372	45	0.664744	44	0.264676	44	0.664744	44	0.664744	44
0.601	0.332372	45	0.664744	44	0.267884	44	0.664744	44	0.664744	44
0.602	0.332372	45	0.664744	44	0.272314	44	0.664744	44	0.664744	44
0.603	0.332372	45	0.664744	44	0.2779	44	0.664744	44	0.664744	44
0.604	0.332372	45	0.664744	44	0.284566	44	0.664744	44	0.664744	44
0.605	0.332372	45	0.664744	44	0.292232	44	0.664744	44	0.664744	44
0.606	0.332372	45	0.664744	44	0.300814	44	0.664744	44	0.664744	44
0.607	0.332372	45	0.664744	44	0.310229	44	0.664744	44	0.664744	44
0.608	0.332372	45	0.664744	44	0.320396	44	0.664744	44	0.664744	44
0.609	0.332372	45	0.664744	44	0.33124	44	0.664744	44	0.664744	44
0.61	0.332372	45	0.664744	44	0.342689	44	0.664744	44	0.664744	44
0.611	0.332372	45	0.664744	44	0.354678	44	0.664744	44	0.664744	44
0.612	0.332372	45	0.664744	44	0.367147	44	0.664744	44	0.664744	44
0.613	0.332372	45	0.664744	44	0.380043	44	0.664744	44	0.664744	44
0.614	0.332372	45	0.664744	44	0.393316	44	0.664744	44	0.664744	44
0.615	0.332372	45	0.664744	44	0.406924	44	0.664744	44	0.664744	44
0.616	0.332372	45	0.664744	44	0.420828	44	0.664744	44	0.664744	44
0.617	0.332372	45	0.664744	44	0.434992	44	0.664744	44	0.664744	44
0.618	0.332372	45	0.664744	44	0.449387	44	0.664744	44	0.664744	44
0.619	0.332372	45	0.664744	44	0.463984	44	0.664744	44	0.664744	44
0.62	0.332372	45	0.664744	44	0.478758	44	0.664744	44	0.664744	44
0.621	0.332372	45	0.664744	45	0.493689	44	0.664744	44	0.664744	44
0.622	0.332372	45	0.455137	45	0.508756	44	0.664744	44	0.664744	44
0.623	0.332372	45	0.455524	45	0.523941	44	0.664744	44	0.664744	44
0.624	0.332372	45	0.456172	45	0.539228	44	0.664744	44	0.664744	44
0.625	0.332372	45	0.457076	45	0.554604	44	0.664744	44	0.664744	44
0.626	0.332372	45	0.458235	45	0.570056	44	0.664744	44	0.664744	44
0.627	0.332372	45	0.459642	45	0.585571	44	0.664744	44	0.664744	44
0.628	0.332372	45	0.461296	45	0.323482	44	0.664744	44	0.664744	44
0.629	0.332372	45	0.46319	45	0.331995	44	0.664744	44	0.664744	44
0.63	0.332372	45	0.46532	45	0.341043	44	0.664744	44	0.664744	44
0.631	0.332372	45	0.46768	45	0.350577	44	0.664744	44	0.664744	44
0.632	0.332372	45	0.470265	45	0.360552	44	0.664744	44	0.664744	44
0.633	0.332372	45	0.473069	45	0.370926	44	0.664744	44	0.664744	44
0.634	0.332372	45	0.476086	45	0.381657	44	0.664744	44	0.664744	44
0.635	0.332372	45	0.47931	45	0.392712	44	0.664744	44	0.664744	44
0.636	0.332372	45	0.482734	45	0.404055	44	0.664744	44	0.664744	44
0.637	0.332372	45	0.486352	45	0.415657	44	0.664744	44	0.664744	44
0.638	0.332372	45	0.490158	45	0.42749	44	0.201363	47	0.181727	45
0.639	0.332372	45	0.494144	45	0.439528	44	0.199984	47	0.181026	45
0.64	0.332372	45	0.498305	45	0.451749	44	0.198637	47	0.180352	45
0.641	0.332372	45	0.354293	46	0.464132	44	0.197324	47	0.179706	45
0.642	0.332372	45	0.356932	46	0.476658	44	0.196044	47	0.179087	45
0.643	0.332372	45	0.359863	46	0.48931	44	0.194798	47	0.178495	45
0.644	0.332372	45	0.363075	46	0.502072	44	0.193585	47	0.17793	45
0.645	0.332372	45	0.366558	46	0.51493	44	0.192406	47	0.177393	45
0.646	0.332372	45	0.370301	46	0.52787	44	0.191261	47	0.176882	45
0.647	0.332372	45	0.374293	46	0.540882	44	0.19015	47	0.176398	45
0.648	0.332372	45	0.378523	45	0.553953	44	0.189073	46	0.175941	45
0.649	0.332372	45	0.382981	45	0.567074	44	0.18803	46	0.17551	45
0.65	0.332372	45	0.387654	45	0.580236	44	0.187021	46	0.175106	45
0.651	0.332372	45	0.392533	45	0.593431	44	0.186046	46	0.174728	45
0.652	0.332372	45	0.397607	45	0.60665	44	0.185105	46	0.174376	45
0.653	0.332372	45	0.402864	45	0.619887	44	0.184198	46	0.17405	45
0.654	0.332372	45	0.408296	45	0.633134	44	0.183325	46	0.17375	45
0.655	0.332372	45	0.413891	45	0.646387	44	0.182486	46	0.173475	45
0.656	0.332372	45	0.419641	45	0.659638	44	0.181681	46	0.173226	45
0.657	0.332372	45	0.425536	45	0.664744	44	0.18091	46	0.173002	45
0.658	0.332372	45	0.431566	45	0.664744	44	0.180173	46	0.172803	45
0.659	0.332372	45	0.437724	45	0.664744	44	0.17947	46	0.172629	45
0.66	0.332372	45	0.444	45	0.664744	44	0.1788	46	0.172479	45
0.661	0.332372	45	0.450387	45	0.354229	44	0.178164	46	0.172353	45
0.662	0.332372	45	0.456878	45	0.358603	44	0.177561	46	0.172251	45
0.663	0.332372	45	0.463464	45	0.363367	44	0.176991	46	0.172174	45
0.664	0.332372	45	0.470139	45	0.3685	44	0.176455	46	0.172119	45
0.665	0.332372	45	0.476896	45	0.373981	44	0.175951	46	0.172088	45
0.666	0.332372	45	0.483728	45	0.379791	44	0.17548	46	0.172079	45
0.667	0.332372	45	0.49063	45	0.385908	44	0.175041	46	0.172094	45
0.668	0.332372	45	0.497595	45	0.392313	44	0.174634	46	0.17213	45
0.669	0.332372	45	0.504619	45	0.398987	44	0.17426	46	0.172188	45
0.67	0.332372	45	0.511695	45	0.405912	44	0.173917	46	0.172268	45
0.671	0.332372	45	0.518819	45	0.413069	44	0.173605	46	0.17237	45
0.672	0.332372	45	0.525985	45	0.420441	44	0.173324	46	0.172492	45
0.673	0.332372	45	0.53319	45	0.428013	44	0.173074	46	0.172635	45
0.674	0.332372	45	0.540429	45	0.435768	44	0.172855	46	0.172798	45
0.675	0.332372	45	0.547698	45	0.443693	44	0.172666	46	0.172982	45
0.676	0.332372	45	0.554992	45	0.451773	44	0.172506	46	0.173185	45
0.677	0.332372	45	0.562308	45	0.459995	44	0.172376	46	0.173407	45
0.678	0.332372	45	0.569643	45	0.468346	44	0.172274	46	0.173649	45
0.679	0.332372	45	0.576992	45	0.476816	44	0.172202	46	0.173909	45
0.68	0.332372	45	0.584353	45	0.485393	44	0.172157	46	0.174187	45
0.681	0.332372	45	0.591722	45	0.494067	44	0.172141	46	0.174483	45
0.682	0.332372	45	0.599096	45	0.502828	44	0.172151	46	0.174797	45
0.683	0.332372	45	0.606474	45	0.511667	44	0.172189	46	0.175128	45
0.684	0.332372	45	0.61385	45	0.520576	44	0.172253	46	0.175476	45
0.685	0.332372	45	0.621224	45	0.529546	44	0.172344	46	0.17584	45
0.686	0.332372	45	0.429212	45	0.53857	44	0.17246	46	0.176221	45
0.687	0.332372	45	0.437083	45	0.547641	44	0.172601	46	0.176617	45
0.688	0.332372	45	0.444966	45	0.556753	44	0.172766	46	0.177029	45
0.689	0.332372	45	0.452857	45	0.565898	44	0.172957	46	0.177456	45
0.69	0.332372	45	0.460752	45	0.575071	44	0.17317	46	0.177897	45
0.691	0.332372	45	0.468646	45	0.584267	44	0.173407	46	0.178353	45
0.692	0.332372	45	0.476537	45	0.593479	44	0.173667	46	0.178823	45
0.693	0.332372	45	0.484422	45	0.602704	44	0.17395	46	0.179307	45
0.694	0.332372	45	0.492296	45	0.611937	44	0.174254	46	0.179804	45
0.695	0.332372	45	0.500157	45	0.621173	44	0.174579	46	0.180314	45
0.696	0.332372	45	0.508003	45	0.630408	44	0.174926	46	0.180837	45
0.697	0.332372	45	0.515831	45	0.639639	44	0.175292	46	0.181372	45
0.698	0.332372	45	0.523638	45	0.64886	44	0.175679	46	0.18192	45
0.699	0.332372	45	0.531423	45	0.65807	44	0.176085	46	0.182478	45
0.7	0.332372	45	0.539182	45	0.664744	44	0.17651	46	0.183049	45
0.701	0.332372	45	0.546915	45	0.664744	44	0.176954	46	0.18363	45
0.702	0.332372	45	0.554618	45	0.664744	44	0.177415	46	0.184222	45
0.703	0.332372	45	0.56229	45	0.664744	44	0.177895	46	0.184825	45
0.704	0.332372	45	0.56993	45	0.664744	44	0.178391	46	0.185437	45
0.705	0.332372	45	0.577536	45	0.664744	44	0.178903	46	0.18606	45
0.706	0.332372	45	0.585105	45	0.664744	44	0.179432	46	0.186692	45
0.707	0.332372	45	0.592637	45	0.664744	44	0.179977	46	0.187333	45
0.708	0.332372	45	0.60013	45	0.664744	44	0.180536	46	0.187983	45
0.709	0.332372	45	0.607583	45	0.664744	44	0.181111	46	0.188641	45
0.71	0.332372	45	0.614994	45	0.664744	44	0.1817	46	0.189308	45
0.711	0.332372	45	0.360716	46	0.664744	44	0.182302	46	0.189984	45
0.712	0.332372	45	0.365948	46	0.664744	44	0.182918	46	0.190666	45
0.713	0.332372	45	0.371244	46	0.664744	44	0.183548	46	0.191357	45
0.714	0.332372	45	0.376599	46	0.664744	44	0.184189	46	0.192054	45
0.715	0.332372	45	0.382008	45	0.664744	44	0.184843	46	0.192759	45
0.716	0.332372	45	0.387464	45	0.664744	44	0.185509	46	0.193471	45
0.717	0.332372	45	0.392964	45	0.664744	44	0.186186	46	0.194189	45
0.718	0.332372	45	0.398501	45	0.664744	44	0.186874	46	0.194913	45
0.719	0.332372	45	0.404072	45	0.664744	44	0.187572	46	0.195643	45
0.72	0.332372	45	0.409672	45	0.664744	44	0.188281	46	0.196379	45
0.721	0.332372	45	0.415297	45	0.499772	44	0.189	46	0.19712	45
0.722	0.332372	45	0.420943	45	0.507254	44	0.189728	46	0.197867	45
0.723	0.332372	45	0.426607	45	0.514739	44	0.190465	46	0.198619	45
0.724	0.332372	45	0.432284	45	0.522222	44	0.191211	46	0.199375	45
0.725	0.332372	45	0.437972	45	0.529699	44	0.191965	46	0.200137	45
0.726	0.332372	45	0.443668	45	0.537168	44	0.192727	46	0.200903	45
0.727	0.332372	45	0.449367	45	0.544624	44	0.193497	46	0.201673	45
0.728	0.332372	45	0.455068	45	0.552065	44	0.194274	46	0.202447	45
0.729	0.332372	45	0.460768	45	0.559487	44	0.195059	46	0.203224	45
0.73	0.332372	45	0.466464	45	0.566888	44	0.19585	46	0.204006	45
0.731	0.332372	45	0.292761	46	0.574265	44	0.196648	46	0.204791	45
0.732	0.332372	45	0.29852	46	0.581615	44	0.197451	46	0.205579	45
0.733	0.332372	45	0.304322	46	0.588936	44	0.198261	46	0.20637	45
0.734	0.332372	45	0.31016	46	0.425108	44	0.199076	46	0.207164	45
0.735	0.332372	45	0.316027	46	0.430374	44	0.199896	46	0.207961	45
0.736	0.332372	45	0.321918	46	0.322159	44	0.200722	46	0.20876	45
0.737	0.332372	45	0.327828	46	0.327553	44	0.201552	46	0.209562	45
0.738	0.332372	45	0.333752	46	0.333046	44	0.202387	46	0.210366	45
0.739	0.332372	45	0.339687	46	0.338629	44	0.203225	46	0.211172	45
0.74	0.332372	45	0.345627	45	0.344294	44	0.204068	46	0.211979	45
0.741	0.332372	45	0.351569	45	0.350031	44	0.204915	46	0.212789	45
0.742	0.332372	45	0.357509	45	0.355833	44	0.205765	46	0.2136	45
0.743	0.332372	45	0.363444	45	0.361692	44	0.206618	46	0.214413	45
0.744	0.332372	45	0.369371	45	0.3676	44	0.207474	46	0.215227	45
0.745	0.332372	45	0.375287	45	0.373552	44	0.208334	46	0.216042	45
0.746	0.332372	45	0.381189	45	0.379541	44	0.209195	46	0.216858	45
0.747	0.332372	45	0.387075	45	0.385561	44	0.210059	46	0.217675	45
0.748	0.332372	45	0.392942	45	0.391607	44	0.210926	46	0.218492	45
0.749	0.332372	45	0.398788	45	0.397674	44	0.211794	46	0.219311	45
0.75	0.332372	45	0.404611	45	0.403755	44	0.212664	46	0.220129	45
0.751	0.332372	45	0.410409	45	0.409848	44	0.213536	46	0.220949	45
0.752	0.332372	45	0.416179	45	0.415948	44	0.214409	46	0.221768	45
0.753	0.332372	45	0.421921	45	0.42205	44	0.215283	46	0.222588	45
0.754	0.332372	45	0.427633	45	0.428152	44	0.216158	46	0.223408	45
0.755	0.332372	45	0.433312	45	0.434248	44	0.217035	46	0.224227	45
0.756	0.332372	45	0.438958	45	0.440337	44	0.217912	46	0.225047	45
0.757	0.332372	45	0.444569	45	0.446414	44	0.218789	46	0.225866	45
0.758	0.332372	45	0.450143	45	0.452478	44	0.219667	46	0.226685	45
0.759	0.332372	45	0.45568	45	0.458524	44	0.220545	46	0.227503	45
0.76	0.332372	45	0.461179	45	0.464551	44	0.221424	46	0.228321	45
0.761	0.332372	45	0.466637	45	0.350678	44	0.222302	46	0.229138	45
0.762	0.332372	45	0.472055	45	0.357013	44	0.22318	45	0.229954	45
0.763	0.332372	45	0.477431	45	0.363337	44	0.224058	45	0.230769	45
0.764	0.332372	45	0.482763	45	0.369647	44	0.224935	45	0.231584	45
0.765	0.332372	45	0.298776	46	0.37594	44	0.225812	45	0.232397	45
0.766	0.332372	45	0.302865	46	0.382212	44	0.226688	45	0.233209	45
0.767	0.332372	45	0.306992	46	0.388461	44	0.227564	45	0.23402	45
0.768	0.332372	45	0.311152	46	0.394683	44	0.228438	45	0.23483	45
0.769	0.332372	45	0.31534	46	0.400876	44	0.229311	45	0.235639	45
0.77	0.332372	45	0.319553	46	0.407038	44	0.230183	45	0.236446	45
0.771	0.332372	45	0.323787	46	0.413167	44	0.231054	45	0.237251	45
0.772	0.332372	45	0.328038	46	0.41926	44	0.231924	45	0.238055	45
0.773	0.332372	45	0.332302	46	0.425316	44	0.232792	45	0.238857	45
0.774	0.332372	45	0.336578	46	0.431332	44	0.233658	45	0.239658	45
0.775	0.332372	45	0.34086	46	0.437308	44	0.234523	45	0.240456	45
0.776	0.332372	45	0.345147	46	0.443241	44	0.235386	45	0.241253	45
0.777	0.332372	45	0.218959	46	0.449129	44	0.236247	45	0.242048	45
0.778	0.332372	45	0.222476	46	0.454973	44	0.237106	45	0.242841	45
0.779	0.332372	45	0.226085	46	0.460769	44	0.237963	45	0.243632	45
0.78	0.332372	45	0.229778	46	0.466517	44	0.238818	45	0.244421	45
0.781	0.332372	45	0.233547	46	0.32103	44	0.239671	45	0.245207	45
0.782	0.332372	45	0.237384	46	0.32577	44	0.240521	45	0.245992	45
0.783	0.332372	45	0.241282	46	0.330528	44	0.241369	45	0.246774	45
0.784	0.332372	45	0.245235	46	0.3353	44	0.242215	45	0.247554	45
0.785	0.332372	45	0.249235	46	0.340082	44	0.243058	45	0.248331	45
0.786	0.332372	45	0.253278	46	0.344869	44	0.243898	45	0.249106	45
0.787	0.332372	45	0.257356	46	0.349658	44	0.244736	45	0.249879	45
0.788	0.332372	45	0.261466	46	0.248863	44	0.245571	45	0.250649	45
0.789	0.332372	45	0.265603	46	0.253445	44	0.246404	45	0.251416	45
0.79	0.332372	45	0.26976	46	0.258073	44	0.247233	45	0.252181	45
0.791	0.332372	45	0.273935	46	0.262739	44	0.24806	45	0.252943	45
0.792	0.332372	45	0.278124	46	0.267438	44	0.248883	45	0.253703	45
0.793	0.332372	45	0.282321	46	0.272162	44	0.249704	45	0.254459	45
0.794	0.332372	45	0.286525	46	0.276907	44	0.250522	45	0.255213	45
0.795	0.332372	45	0.29073	46	0.281667	44	0.251336	45	0.255964	45
0.796	0.332372	45	0.294936	46	0.286438	44	0.252147	45	0.256712	45
0.797	0.332372	45	0.299137	46	0.291215	44	0.252955	45	0.257458	45
0.798	0.332372	45	0.303333	46	0.295994	44	0.25376	45	0.2582	45
0.799	0.332372	45	0.307519	45	0.300771	44	0.254561	45	0.258939	45
0.8	0.332372	45	0.311694	45	0.305542	44	0.255359	45	0.259676	45
0.801	0.332372	45	0.315856	45	0.310305	44	0.256154	45	0.260409	45
0.802	0.332372	45	0.320001	45	0.315055	44	0.256945	45	0.261139	45
0.803	0.332372	45	0.324129	45	0.319791	44	0.257733	45	0.261867	45
0.804	0.332372	45	0.328238	45	0.324509	44	0.258517	45	0.262591	45
0.805	0.332372	45	0.332324	45	0.329207	44	0.259297	45	0.263311	45
0.806	0.332372	45	0.336388	45	0.333883	44	0.260074	45	0.264029	45
0.807	0.332372	45	0.340427	45	0.338534	44	0.260847	45	0.264743	45
0.808	0.332372	45	0.34444	45	0.343158	44	0.261617	45	0.265455	45
0.809	0.332372	45	0.348426	45	0.347753	44	0.262383	45	0.266162	45
0.81	0.332372	45	0.352382	45	0.352318	44	0.263145	45	0.266867	45
0.811	0.332372	45	0.356308	45	0.356851	44	0.263903	45	0.267568	45
0.812	0.332372	45	0.360203	45	0.36135	44	0.264658	45	0.268266	45
0.813	0.332372	45	0.364066	45	0.365813	44	0.265408	45	0.26896	45
0.814	0.332372	45	0.367895	45	0.37024	44	0.266155	45	0.269652	45
0.815	0.332372	45	0.371689	45	0.374629	44	0.266898	45	0.270339	45
0.816	0.332372	45	0.375449	45	0.378979	44	0.267637	45	0.271023	45
0.817	0.332372	45	0.379171	45	0.290139	45	0.268372	45	0.271704	45
0.818	0.332372	45	0.382857	45	0.29447	45	0.269103	45	0.272381	45
0.819	0.332372	45	0.386505	45	0.298783	45	0.26983	45	0.273055	45
0.82	0.332372	45	0.390113	45	0.303075	45	0.270553	45	0.273725	45
0.821	0.332372	45	0.393683	45	0.307344	45	0.271271	45	0.274392	45
0.822	0.332372	45	0.287259	45	0.311589	45	0.271986	45	0.275055	45
0.823	0.332372	45	0.290945	45	0.315807	45	0.272697	45	0.275714	45
0.824	0.332372	45	0.294616	45	0.319995	45	0.273404	45	0.27637	45
0.825	0.332372	45	0.29827	45	0.324154	44	0.274106	45	0.277022	45
0.826	0.332372	45	0.301904	45	0.32828	44	0.274805	45	0.277671	45
0.827	0.332372	45	0.305517	45	0.332373	44	0.275499	45	0.278316	45
0.828	0.332372	45	0.309107	45	0.336431	44	0.276189	45	0.278957	45
0.829	0.332372	45	0.312673	45	0.340452	44	0.276875	45	0.279595	45
0.83	0.332372	45	0.316213	45	0.344435	44	0.277556	45	0.280228	45
0.831	0.332372	45	0.319725	45	0.34838	44	0.278234	45	0.280859	45
0.832	0.332372	45	0.323209	45	0.352285	44	0.278907	45	0.281485	45
0.833	0.332372	45	0.326664	45	0.356149	44	0.279576	45	0.282108	45
0.834	0.332372	45	0.330087	45	0.359971	44	0.280241	45	0.282727	45
0.835	0.332372	45	0.333479	45	0.36375	44	0.280901	45	0.283342	45
0.836	0.332372	45	0.336838	45	0.367486	44	0.281557	45	0.283953	45
0.837	0.332372	45	0.340163	45	0.371177	44	0.282209	45	0.284561	45
0.838	0.332372	45	0.343453	45	0.374823	44	0.282856	45	0.285165	45
0.839	0.332372	45	0.346707	45	0.378423	44	0.2835	45	0.285765	45
0.84	0.332372	45	0.349925	45	0.381976	44	0.284139	45	0.286361	45
0.841	0.332372	45	0.353106	45	0.385482	44	0.284773	45	0.286954	45
0.842	0.332372	45	0.356249	45	0.388941	44	0.285403	45	0.287542	45
0.843	0.332372	45	0.359353	45	0.392351	44	0.286029	45	0.288127	45
0.844	0.332372	45	0.362418	45	0.395712	44	0.286651	45	0.288708	45
0.845	0.332372	45	0.365444	45	0.399024	44	0.287268	45	0.289285	45
0.846	0.332372	45	0.368429	45	0.402285	44	0.287881	45	0.289859	45
0.847	0.332372	45	0.371373	45	0.405497	44	0.288489	45	0.290428	45
0.848	0.332372	45	0.374276	45	0.408658	44	0.289093	45	0.290993	45
0.849	0.332372	45	0.377137	45	0.333096	45	0.289693	45	0.291555	45
0.85	0.332372	45	0.379956	45	0.336383	45	0.290288	45	0.292113	45
0.851	0.332372	45	0.382732	45	0.339631	45	0.290879	45	0.292667	45
0.852	0.332372	45	0.385465	45	0.342841	45	0.291466	45	0.293217	45
0.853	0.332372	45	0.388154	45	0.346011	45	0.292048	45	0.293763	45
0.854	0.332372	45	0.3908	45	0.34914	45	0.292626	45	0.294305	45
0.855	0.332372	45	0.393402	45	0.352229	45	0.293199	45	0.294843	45
0.856	0.332372	45	0.395959	45	0.355275	45	0.293768	45	0.295377	45
0.857	0.332372	45	0.398472	45	0.358279	45	0.294332	45	0.295908	45
0.858	0.332372	45	0.40094	45	0.36124	45	0.294893	45	0.296434	45
0.859	0.332372	45	0.403362	45	0.364157	45	0.295448	45	0.296957	45
0.86	0.332372	45	0.40574	45	0.36703	45	0.296	45	0.297475	45
0.861	0.332372	45	0.408071	45	0.369858	45	0.296547	45	0.29799	45
0.862	0.332372	45	0.410357	45	0.372641	45	0.297089	45	0.298501	45
0.863	0.332372	45	0.255841	46	0.375378	45	0.297627	45	0.299008	45
0.864	0.332372	45	0.258267	46	0.378069	45	0.298161	45	0.29951	45
0.865	0.332372	45	0.260697	46	0.380714	45	0.29869	45	0.300009	45
0.866	0.332372	45	0.263128	46	0.383312	45	0.299215	45	0.300504	45
0.867	0.332372	45	0.265557	45	0.385863	45	0.299735	45	0.300995	45
0.868	0.332372	45	0.216482	46	0.388367	45	0.300252	45	0.301482	45
0.869	0.332372	45	0.218331	46	0.249712	45	0.300763	45	0.301966	45
0.87	0.332372	45	0.220225	46	0.252351	45	0.301271	45	0.302445	45
0.871	0.332372	45	0.222162	46	0.254988	45	0.301773	45	0.30292	45
0.872	0.332372	45	0.224137	46	0.257621	45	0.302272	45	0.303391	45
0.873	0.332372	45	0.226147	46	0.26025	45	0.302766	45	0.303859	45
0.874	0.332372	45	0.228189	46	0.26287	45	0.303256	45	0.304322	45
0.875	0.332372	45	0.230259	46	0.265482	45	0.303741	45	0.304782	45
0.876	0.332372	45	0.232354	46	0.268082	45	0.304222	45	0.305237	45
0.877	0.332372	45	0.234472	46	0.270669	45	0.304699	45	0.305689	45
0.878	0.332372	45	0.236608	45	0.273241	45	0.305171	45	0.306136	45
0.879	0.332372	45	0.238761	45	0.275798	45	0.305639	45	0.30658	45
0.88	0.332372	45	0.240929	45	0.278336	45	0.306102	45	0.30702	45
0.881	0.332372	45	0.243107	45	0.280856	45	0.306561	45	0.307455	45
0.882	0.332372	45	0.245295	45	0.283356	45	0.307016	45	0.307887	45
0.883	0.332372	45	0.247489	45	0.238123	45	0.307467	45	0.308315	45
0.884	0.332372	45	0.249688	45	0.240445	45	0.307913	45	0.308739	45
0.885	0.332372	45	0.251889	45	0.242772	45	0.308354	45	0.309159	45
0.886	0.332372	45	0.254091	45	0.245104	45	0.308792	45	0.309575	45
0.887	0.332372	45	0.256291	45	0.247436	45	0.309225	45	0.309987	45
0.888	0.332372	45	0.258488	45	0.249767	45	0.309654	45	0.310395	45
0.889	0.332372	45	0.26068	45	0.252096	45	0.310078	45	0.3108	45
0.89	0.332372	45	0.262866	45	0.254419	45	0.310498	45	0.3112	45
0.891	0.332372	45	0.265043	45	0.256736	45	0.310914	45	0.311596	45
0.892	0.332372	45	0.26721	45	0.259044	45	0.311326	45	0.311989	45
0.893	0.332372	45	0.269367	45	0.261342	45	0.311733	45	0.312377	45
0.894	0.332372	45	0.27151	45	0.263629	45	0.312136	45	0.312762	45
0.895	0.332372	45	0.27364	45	0.265902	45	0.312534	45	0.313143	45
0.896	0.332372	45	0.275756	45	0.268161	45	0.312929	45	0.313519	45
0.897	0.332372	45	0.277855	45	0.270404	45	0.313319	45	0.313892	45
0.898	0.332372	45	0.279936	45	0.272629	45	0.313705	45	0.314261	45
0.899	0.332372	45	0.282	45	0.274836	45	0.314087	45	0.314626	45
0.9	0.332372	45	0.284044	45	0.277024	45	0.314464	45	0.314987	45
0.901	0.332372	45	0.286068	45	0.279191	45	0.314837	45	0.315345	45
0.902	0.332372	45	0.288071	45	0.281336	45	0.315206	45	0.315698	45
0.903	0.332372	45	0.290051	45	0.283459	45	0.315571	45	0.316048	45
0.904	0.332372	45	0.292009	45	0.285558	45	0.315931	45	0.316393	45
0.905	0.332372	45	0.293944	45	0.287632	45	0.316288	45	0.316735	45
0.906	0.332372	45	0.295854	45	0.289682	45	0.31664	45	0.317073	45
0.907	0.332372	45	0.297739	45	0.291705	45	0.316988	45	0.317407	45
0.908	0.332372	45	0.299598	45	0.293702	45	0.317332	45	0.317737	45
0.909	0.332372	45	0.301431	45	0.295671	45	0.317671	45	0.318063	45
0.91	0.332372	45	0.303237	45	0.297612	45	0.318007	45	0.318386	45
0.911	0.332372	45	0.305015	45	0.299524	45	0.318338	45	0.318704	45
0.912	0.332372	45	0.306766	45	0.301407	45	0.318665	45	0.319019	45
0.913	0.332372	45	0.308488	45	0.30326	45	0.318988	45	0.31933	45
0.914	0.332372	45	0.310181	45	0.305082	45	0.319307	45	0.319637	45
0.915	0.332372	45	0.272383	45	0.306874	45	0.319622	45	0.31994	45
0.916	0.332372	45	0.274254	45	0.308634	45	0.319932	45	0.320239	45
0.917	0.332372	45	0.27611	45	0.310362	45	0.320239	45	0.320535	45
0.918	0.332372	45	0.277949	45	0.312059	45	0.320541	45	0.320827	45
0.919	0.332372	45	0.27977	45	0.313722	45	0.320839	45	0.321115	45
0.92	0.332372	45	0.281573	45	0.315352	45	0.321134	45	0.321399	45
0.921	0.332372	45	0.283356	45	0.281111	45	0.321424	45	0.321679	45
0.922	0.332372	45	0.285119	45	0.282946	45	0.32171	45	0.321956	45
0.923	0.332372	45	0.28686	45	0.284759	45	0.321992	45	0.322228	45
0.924	0.332372	45	0.28858	45	0.286548	45	0.32227	45	0.322497	45
0.925	0.332372	45	0.290278	45	0.288314	45	0.322544	45	0.322762	45
0.926	0.332372	45	0.291952	45	0.290054	45	0.322814	45	0.323024	45
0.927	0.332372	45	0.293603	45	0.29177	45	0.323081	45	0.323281	45
0.928	0.332372	45	0.295229	45	0.293459	45	0.323343	45	0.323535	45
0.929	0.332372	45	0.29683	45	0.295122	45	0.323601	45	0.323785	45
0.93	0.332372	45	0.298405	45	0.296759	45	0.323855	45	0.324032	45
0.931	0.332372	45	0.299955	45	0.298367	45	0.324105	45	0.324274	45
0.932	0.332372	45	0.301478	45	0.299948	45	0.324351	45	0.324513	45
0.933	0.332372	45	0.302974	45	0.3015	45	0.324593	45	0.324748	45
0.934	0.332372	45	0.304442	45	0.303024	45	0.324831	45	0.32498	45
0.935	0.332372	45	0.305883	45	0.304518	45	0.325066	45	0.325207	45
0.936	0.332372	45	0.307296	45	0.305983	45	0.325296	45	0.325431	45
0.937	0.332372	45	0.308679	45	0.307418	45	0.325523	45	0.325652	45
0.938	0.332372	45	0.310034	45	0.308822	45	0.325745	45	0.325868	45
0.939	0.332372	45	0.31136	45	0.310196	45	0.325964	45	0.326081	45
0.94	0.332372	45	0.312656	45	0.311539	45	0.326179	45	0.32629	45
0.941	0.332372	45	0.313922	45	0.312851	45	0.32639	45	0.326496	45
0.942	0.332372	45	0.315158	45	0.314131	45	0.326597	45	0.326698	45
0.943	0.332372	45	0.316364	45	0.31538	45	0.3268	45	0.326896	45
0.944	0.332372	45	0.317539	45	0.316596	45	0.326999	45	0.327091	45
0.945	0.332372	45	0.318682	45	0.317781	45	0.327195	45	0.327281	45
0.946	0.332372	45	0.319795	45	0.318933	45	0.327387	45	0.327469	45
0.947	0.332372	45	0.320877	45	0.320053	45	0.327575	45	0.327652	45
0.948	0.332372	45	0.321927	45	0.32114	45	0.327759	45	0.327832	45
0.949	0.332372	45	0.322945	45	0.322195	45	0.327939	45	0.328009	45
0.95	0.332372	45	0.323932	45	0.323216	45	0.328116	45	0.328181	45
0.951	0.332372	45	0.324886	45	0.324204	45	0.328289	45	0.32835	45
0.952	0.332372	45	0.325809	45	0.325159	45	0.328458	45	0.328516	45
0.953	0.332372	45	0.326699	45	0.326081	45	0.328623	45	0.328678	45
0.954	0.332372	45	0.327557	45	0.32697	45	0.328785	45	0.328836	45
0.955	0.332372	45	0.328383	45	0.327825	45	0.328943	45	0.328991	45
0.956	0.332372	45	0.329176	45	0.328646	45	0.329097	45	0.329142	45
0.957	0.332372	45	0.329937	45	0.329434	45	0.329247	45	0.32929	45
0.958	0.332372	45	0.330665	45	0.330189	45	0.329394	45	0.329434	45
0.959	0.332372	45	0.33136	45	0.330909	45	0.329537	45	0.329574	45
0.96	0.332372	45	0.332023	45	0.331596	45	0.329677	45	0.329711	45
0.961	0.332372	45	0.332652	45	0.33225	45	0.329813	45	0.329845	45
0.962	0.332372	45	0.33325	45	0.332869	45	0.329945	45	0.329975	45
0.963	0.332372	45	0.333814	45	0.333455	45	0.330073	45	0.330101	45
0.964	0.332372	45	0.334345	45	0.334008	45	0.330198	45	0.330224	45
0.965	0.332372	45	0.334844	45	0.334527	45	0.330319	45	0.330343	45
0.966	0.332372	45	0.33531	45	0.335012	45	0.330437	45	0.330459	45
0.967	0.332372	45	0.335743	45	0.335463	45	0.330551	45	0.330571	45
0.968	0.332372	45	0.316696	45	0.335881	45	0.330662	45	0.33068	45
0.969	0.332372	45	0.317654	45	0.317536	45	0.330769	45	0.330786	45
0.97	0.332372	45	0.318583	45	0.318476	45	0.330872	45	0.330888	45
0.971	0.332372	45	0.319482	45	0.319386	45	0.330972	45	0.330986	45
0.972	0.332372	45	0.320352	45	0.320266	45	0.331068	45	0.331081	45
0.973	0.332372	45	0.321193	45	0.321116	45	0.331161	45	0.331173	45
0.974	0.332372	45	0.322004	45	0.321935	45	0.33125	45	0.331261	45
0.975	0.332372	45	0.322785	45	0.322723	45	0.331336	45	0.331346	45
0.976	0.332372	45	0.323535	45	0.323481	45	0.331418	45	0.331427	45
0.977	0.332372	45	0.324256	45	0.324209	45	0.331497	45	0.331505	45
0.978	0.332372	45	0.324946	45	0.324905	45	0.331572	45	0.331579	45
0.979	0.332372	45	0.325606	45	0.32557	45	0.331644	45	0.33165	45
0.98	0.332372	45	0.326236	45	0.326205	45	0.331712	45	0.331718	45
0.981	0.332372	45	0.326835	45	0.326808	45	0.331777	45	0.331782	45
0.982	0.332372	45	0.327403	45	0.32738	45	0.331839	45	0.331843	45
0.983	0.332372	45	0.327941	45	0.327922	45	0.331897	45	0.331901	45
0.984	0.332372	45	0.328448	45	0.328432	45	0.331951	45	0.331955	45
0.985	0.332372	45	0.328924	45	0.328911	45	0.332003	45	0.332006	45
0.986	0.332372	45	0.329369	45	0.329359	45	0.332051	45	0.332053	45
0.987	0.332372	45	0.329784	45	0.329775	45	0.332095	45	0.332097	45
0.988	0.332372	45	0.330168	45	0.330161	45	0.332136	45	0.332138	45
0.989	0.332372	45	0.33052	45	0.330515	45	0.332174	45	0.332176	45
0.99	0.332372	45	0.330843	45	0.330839	45	0.332208	45	0.33221	45
0.991	0.332372	45	0.331134	45	0.331131	45	0.33224	45	0.332241	45
0.992	0.332372	45	0.331394	45	0.331392	45	0.332267	45	0.332268	45
0.993	0.332372	45	0.331624	45	0.331622	45	0.332292	45	0.332293	45
0.994	0.332372	45	0.331823	45	0.331822	45	0.332313	45	0.332314	45
0.995	0.332372	45	0.331991	45	0.33199	45	0.332331	45	0.332332	45
0.996	0.332372	45	0.332128	45	0.332128	45	0.332346	45	0.332346	45
0.997	0.332372	45	0.332235	45	0.332235	45	0.332357	45	0.332357	45
0.998	0.332372	45	0.332311	45	0.332311	45	0.332365	45	0.332365	45
0.999	0.332372	45	0.332357	45	0.332357	45	0.33237	45	0.33237	45
1	0.332372	45	0.332372	45	0.332372	45	-nan(ind)	90	-nan(ind)	90
