u = $e^x+t^3$, lambda = $u$
t	ru	iu	r1	i1	r2	i2	r3	i3	r4	i4
0.001	0.223972	27	0.289331	13	nan	1010	0.208025	19	0.271368	19
0.002	0.223972	27	0.279745	13	nan	1010	0.208758	20	0.267783	19
0.003	0.223972	27	0.27145	13	nan	1010	0.207938	20	0.265517	20
0.004	0.223972	27	0.264243	13	0.300496	14	0.207303	20	0.26383	20
0.005	0.223972	27	0.257957	13	0.300496	14	0.206862	21	0.262475	19
0.006	0.223972	27	0.252458	13	0.300496	13	0.206408	21	0.261338	20
0.007	0.223972	27	0.247632	13	0.300496	13	0.207938	22	0.260356	20
0.008	0.223972	27	0.243386	13	0.300497	13	0.207604	22	0.25949	21
0.009	0.223972	27	0.239638	13	0.300499	13	0.207293	22	0.258716	22
0.01	0.223972	27	0.236323	13	0.300504	13	0.207001	22	0.258012	22
0.011	0.223972	27	0.233383	13	0.300516	13	0.206725	22	0.257368	22
0.012	0.223972	27	0.230769	13	0.30054	13	0.206463	22	0.256773	23
0.013	0.223972	27	0.22844	13	0.300582	13	0.206214	22	0.256221	22
0.014	0.223972	27	0.22636	13	0.300648	13	0.205976	22	0.255706	22
0.015	0.223972	27	0.224499	13	0.300742	13	0.205747	22	0.255222	22
0.016	0.223972	27	0.22283	13	0.300867	13	0.205528	22	0.254766	22
0.017	0.223972	27	0.22133	13	0.301024	13	0.207499	23	0.254335	23
0.018	0.223972	27	0.21998	13	0.301211	13	0.207328	23	0.253926	23
0.019	0.223972	27	0.218762	13	0.301421	13	0.207161	23	0.253537	23
0.02	0.223972	27	0.217662	13	0.301647	13	0.206996	23	0.253166	23
0.021	0.223972	27	0.216666	13	0.301882	13	0.206835	23	0.252811	23
0.022	0.223972	27	0.215762	13	0.302116	13	0.206676	23	0.252471	23
0.023	0.223972	27	0.214941	13	0.302415	14	0.20652	23	0.252145	23
0.024	0.223972	27	0.214194	13	0.302642	14	0.206367	23	0.251832	23
0.025	0.223972	27	0.213513	13	0.302848	14	0.206216	23	0.25153	23
0.026	0.223972	27	0.213435	14	0.303031	14	0.206114	24	0.251239	23
0.027	0.223972	27	0.212863	14	0.303186	14	0.205967	24	0.250958	23
0.028	0.223972	27	0.212337	14	0.303313	14	0.205822	24	0.250686	23
0.029	0.223972	27	0.211854	14	0.303411	14	0.205678	24	0.250423	23
0.03	0.223972	27	0.211408	14	0.303481	14	0.205537	24	0.250169	23
0.031	0.223972	27	0.210997	14	0.303523	14	0.205398	24	0.249922	22
0.032	0.223972	27	0.210616	14	0.303502	15	0.205261	24	0.249682	22
0.033	0.223972	27	0.210264	14	0.303489	15	0.208268	25	0.249449	22
0.034	0.223972	27	0.209936	14	0.303453	15	0.208188	25	0.249222	22
0.035	0.223972	27	0.209632	14	0.303394	15	0.208109	25	0.249002	22
0.036	0.223972	27	0.209349	14	0.303316	15	0.20803	25	0.248787	22
0.037	0.223972	27	0.209085	14	0.303218	15	0.207951	25	0.248578	23
0.038	0.223972	27	0.208838	14	0.303102	15	0.207873	25	0.248374	23
0.039	0.223972	27	0.208606	14	0.30297	15	0.207795	25	0.248174	23
0.04	0.223972	27	0.20839	14	0.302822	15	0.207718	25	0.24798	23
0.041	0.223972	27	0.208186	14	0.30266	15	0.207641	25	0.24779	23
0.042	0.223972	27	0.207995	14	0.302485	15	0.207564	25	0.247604	23
0.043	0.223972	27	0.207814	14	0.302298	15	0.207487	25	0.247423	23
0.044	0.223972	27	0.207644	14	0.302099	15	0.207411	25	0.247245	23
0.045	0.223972	27	0.207483	14	0.301889	15	0.207336	25	0.247071	23
0.046	0.223972	27	0.20733	14	0.30167	15	0.20726	25	0.246901	23
0.047	0.223972	27	0.207186	14	0.301441	15	0.207185	25	0.246734	23
0.048	0.223972	27	0.207048	14	0.301215	16	0.20711	25	0.24657	23
0.049	0.223972	27	0.206917	14	0.30097	16	0.207036	25	0.246409	23
0.05	0.223972	27	0.206793	14	0.300718	16	0.206962	25	0.246252	23
0.051	0.223972	27	0.207034	15	0.300459	16	0.206888	25	0.246098	23
0.052	0.223972	27	0.206915	15	0.300193	16	0.206815	25	0.245946	23
0.053	0.223972	27	0.206801	15	0.299922	16	0.206742	25	0.245797	23
0.054	0.223972	27	0.206691	15	0.299644	16	0.212061	26	0.245651	23
0.055	0.223972	27	0.206585	15	0.299362	16	0.212085	26	0.245507	23
0.056	0.223972	27	0.206483	15	0.299075	16	0.212108	26	0.245366	23
0.057	0.223972	27	0.206385	15	0.298783	16	0.212131	26	0.245227	23
0.058	0.223972	27	0.20629	15	0.298488	16	0.212153	26	0.245091	23
0.059	0.223972	27	0.206198	15	0.298189	16	0.212176	26	0.244956	23
0.06	0.223972	27	0.206109	15	0.297887	16	0.212199	26	0.244824	23
0.061	0.223972	27	0.206022	15	0.297581	16	0.212221	26	0.244694	23
0.062	0.223972	27	0.205938	15	0.297273	16	0.212244	26	0.244566	23
0.063	0.223972	27	0.205857	15	0.296962	16	0.212266	26	0.24444	23
0.064	0.223972	27	0.205777	15	0.296649	16	0.212288	26	0.244316	23
0.065	0.223972	27	0.2057	15	0.296334	16	0.212311	26	0.244193	23
0.066	0.223972	27	0.205624	15	0.296018	16	0.212333	26	0.244073	23
0.067	0.223972	27	0.20555	15	0.295699	16	0.212355	26	0.243954	23
0.068	0.223972	27	0.205478	15	0.29538	16	0.212431	27	0.243837	23
0.069	0.223972	27	0.205408	15	0.295059	16	0.212452	27	0.243721	23
0.07	0.223972	27	0.205339	15	0.294737	16	0.212473	27	0.243608	24
0.071	0.223972	27	0.205271	15	0.294415	16	0.212494	27	0.243496	24
0.072	0.223972	27	0.205205	15	0.294091	16	0.212515	27	0.243385	24
0.073	0.223972	27	0.20514	15	0.293763	17	0.212536	27	0.243276	24
0.074	0.223972	27	0.205076	15	0.293439	17	0.212557	27	0.243168	24
0.075	0.223972	27	0.205013	15	0.293114	17	0.212578	27	0.243061	24
0.076	0.223972	27	0.20527	16	0.29279	17	0.212599	27	0.242956	24
0.077	0.223972	27	0.205206	16	0.292465	17	0.212619	27	0.242853	24
0.078	0.223972	27	0.205142	16	0.292165	17	0.21264	27	0.24275	24
0.079	0.223972	27	0.205079	16	0.291839	17	0.21266	27	0.242649	24
0.08	0.223972	27	0.205017	16	0.291514	17	0.21268	27	0.242549	24
0.081	0.223972	27	0.204956	16	0.291189	17	0.212701	27	0.24245	24
0.082	0.223972	27	0.204896	16	0.290865	17	0.212721	27	0.242353	24
0.083	0.223972	27	0.20484	15	0.290541	17	0.212741	27	0.242256	24
0.084	0.223972	27	0.20478	15	0.290218	17	0.212761	27	0.242161	24
0.085	0.223972	27	0.204722	15	0.289895	17	0.212781	27	0.242067	24
0.086	0.223972	27	0.204664	15	0.289574	17	0.212801	27	0.241974	24
0.087	0.223972	27	0.204616	16	0.289253	17	0.21282	27	0.241882	24
0.088	0.223972	27	0.204558	16	0.288933	17	0.21284	27	0.241791	24
0.089	0.223972	27	0.204502	16	0.288615	17	0.21286	27	0.241701	24
0.09	0.223972	27	0.204446	16	0.288297	17	0.212879	27	0.241612	24
0.091	0.223972	27	0.20439	16	0.28798	17	0.212899	27	0.241524	24
0.092	0.223972	27	0.204335	16	0.287664	17	0.212918	27	0.241437	24
0.093	0.223972	27	0.20428	16	0.28735	17	0.212937	27	0.241351	24
0.094	0.223972	27	0.204226	16	0.287037	17	0.212956	27	0.241265	24
0.095	0.223972	27	0.204172	16	0.286725	17	0.212976	27	0.241181	24
0.096	0.223972	27	0.204119	16	0.286414	17	0.212995	27	0.241098	23
0.097	0.223972	27	0.204066	16	0.286104	17	0.213014	27	0.241015	23
0.098	0.223972	27	0.204389	17	0.285796	17	0.213032	27	0.240933	23
0.099	0.223972	27	0.204334	17	0.285489	17	0.213051	27	0.240852	23
0.1	0.223972	27	0.20428	17	0.285184	17	0.21307	27	0.240772	23
0.101	0.223972	27	0.204225	17	0.28488	17	0.213089	27	0.240693	23
0.102	0.223972	27	0.204171	17	0.284577	17	0.213107	27	0.240614	23
0.103	0.223972	27	0.204117	17	0.284276	17	0.213126	27	0.240536	23
0.104	0.223972	27	0.204064	17	0.283977	17	0.213145	27	0.240459	23
0.105	0.223972	27	0.204011	17	0.283678	17	0.213163	27	0.240383	23
0.106	0.223972	27	0.203958	17	0.283382	17	0.213181	27	0.240307	23
0.107	0.223972	27	0.203905	17	0.283086	17	0.2132	27	0.240232	23
0.108	0.223972	27	0.203852	17	0.282793	17	0.213218	27	0.240158	24
0.109	0.223972	27	0.2038	17	0.2825	17	0.213236	27	0.240765	23
0.11	0.223972	27	0.203748	17	0.28221	17	0.213254	27	0.24069	23
0.111	0.223972	27	0.203696	17	0.281921	17	0.213272	27	0.240616	23
0.112	0.223972	27	0.203645	17	0.281653	18	0.21329	27	0.240543	23
0.113	0.223972	27	0.203593	17	0.281368	18	0.213308	27	0.24047	23
0.114	0.223972	27	0.203542	17	0.281085	18	0.213326	27	0.240398	23
0.115	0.223972	27	0.203491	17	0.280803	19	0.213344	27	0.240327	23
0.116	0.223972	27	0.20344	17	0.280523	19	0.213361	27	0.240256	23
0.117	0.223972	27	0.20339	17	0.280244	19	0.213379	27	0.240186	23
0.118	0.223972	27	0.203339	17	0.279967	19	0.213397	27	0.240117	23
0.119	0.223972	27	0.203821	18	0.279692	19	0.213414	27	0.240048	23
0.12	0.223972	27	0.203769	18	0.279418	19	0.213432	27	0.23998	23
0.121	0.223972	27	0.203718	18	0.279146	19	0.213449	27	0.239912	23
0.122	0.223972	27	0.203666	18	0.278875	19	0.213466	27	0.239845	23
0.123	0.223972	27	0.203615	18	0.278606	19	0.213593	27	0.239778	23
0.124	0.223972	27	0.203563	18	0.27834	18	0.21361	27	0.239712	23
0.125	0.223972	27	0.203512	18	0.278074	18	0.213627	27	0.239646	23
0.126	0.223972	27	0.203461	18	0.277809	18	0.213644	27	0.239581	23
0.127	0.223972	27	0.20341	18	0.277547	18	0.213661	27	0.239517	23
0.128	0.223972	27	0.203359	18	0.277285	18	0.213677	27	0.239453	23
0.129	0.223972	27	0.203309	18	0.277025	18	0.213694	27	0.239389	23
0.13	0.223972	27	0.203258	18	0.276767	18	0.213711	27	0.239326	23
0.131	0.223972	27	0.203208	18	0.27651	18	0.213727	27	0.239264	23
0.132	0.223972	27	0.203157	18	0.276255	18	0.213744	27	0.239202	23
0.133	0.223972	27	0.203107	18	0.276002	18	0.21376	27	0.23914	23
0.134	0.223972	27	0.203057	18	0.27575	18	0.213777	27	0.239079	24
0.135	0.223972	27	0.203007	18	0.275499	18	0.213793	27	0.239018	24
0.136	0.223972	27	0.202957	18	0.27525	18	0.21381	27	0.238958	24
0.137	0.223972	27	0.202907	18	0.275003	18	0.213826	27	0.238898	24
0.138	0.223972	27	0.203718	19	0.274757	18	0.213842	27	0.238839	24
0.139	0.223972	27	0.203668	19	0.274512	18	0.213858	27	0.23878	24
0.14	0.223972	27	0.203618	19	0.274269	18	0.213874	27	0.238722	24
0.141	0.223972	27	0.203569	19	0.274028	18	0.213891	27	0.238664	24
0.142	0.223972	27	0.203519	19	0.273788	18	0.213907	27	0.238606	24
0.143	0.223972	27	0.20347	19	0.273549	18	0.213923	27	0.238549	24
0.144	0.223972	27	0.203421	19	0.273312	18	0.213939	27	0.238492	24
0.145	0.223972	27	0.203371	19	0.273077	18	0.213954	27	0.238436	24
0.146	0.223972	27	0.203322	19	0.272842	18	0.21397	27	0.23838	24
0.147	0.223972	27	0.203273	19	0.27261	18	0.213986	27	0.238324	24
0.148	0.223972	27	0.203224	19	0.272378	18	0.214002	27	0.238269	24
0.149	0.223972	27	0.203175	19	0.272149	18	0.214017	27	0.238214	24
0.15	0.223972	27	0.203125	19	0.27192	18	0.214033	27	0.23816	24
0.151	0.223972	27	0.203077	19	0.271693	18	0.214049	27	0.238106	24
0.152	0.223972	27	0.203028	19	0.271468	18	0.214064	27	0.238052	24
0.153	0.223972	27	0.202979	19	0.271243	18	0.21408	27	0.237999	24
0.154	0.223972	27	0.20293	19	0.271021	18	0.214095	27	0.237946	24
0.155	0.223972	27	0.202881	19	0.270799	18	0.214111	27	0.237893	24
0.156	0.223972	27	0.204357	20	0.270579	18	0.214126	27	0.237841	24
0.157	0.223972	27	0.204313	20	0.27036	18	0.214141	27	0.237789	24
0.158	0.223972	27	0.204269	20	0.270143	19	0.214157	27	0.237737	24
0.159	0.223972	27	0.204224	20	0.269927	19	0.214172	27	0.237686	24
0.16	0.223972	27	0.20418	20	0.269712	19	0.214187	27	0.237635	24
0.161	0.223972	27	0.204135	20	0.269499	19	0.214202	27	0.237584	24
0.162	0.223972	27	0.204091	20	0.269287	19	0.214217	27	0.237534	24
0.163	0.223972	27	0.204047	20	0.269076	19	0.214232	27	0.237484	24
0.164	0.223972	27	0.204002	20	0.268867	19	0.214247	27	0.237435	24
0.165	0.223972	27	0.203958	20	0.268659	19	0.214262	27	0.237385	24
0.166	0.223972	27	0.203913	20	0.268452	19	0.214277	27	0.237336	24
0.167	0.223972	27	0.203869	20	0.268246	19	0.214292	27	0.237287	24
0.168	0.223972	27	0.203824	20	0.268042	19	0.214307	27	0.237239	24
0.169	0.223972	27	0.203782	21	0.267839	19	0.214322	27	0.237191	24
0.17	0.223972	27	0.203738	21	0.267637	19	0.214337	27	0.237143	24
0.171	0.223972	27	0.206541	22	0.267437	19	0.214351	27	0.237096	24
0.172	0.223972	27	0.206513	22	0.267237	19	0.214366	27	0.237048	24
0.173	0.223972	27	0.206484	22	0.267039	19	0.214381	27	0.237001	24
0.174	0.223972	27	0.206455	22	0.266842	19	0.214395	27	0.236955	24
0.175	0.223972	27	0.206426	22	0.266646	19	0.21441	27	0.236908	24
0.176	0.223972	27	0.206397	22	0.266452	19	0.214424	27	0.236862	24
0.177	0.223972	27	0.206368	22	0.266259	19	0.214439	27	0.236816	24
0.178	0.223972	27	0.206339	22	0.266066	19	0.214453	27	0.236771	24
0.179	0.223972	27	0.20631	22	0.265875	19	0.214468	27	0.236725	24
0.18	0.223972	27	0.20628	22	0.265685	19	0.214785	28	0.23668	24
0.181	0.223972	27	0.206251	22	0.265497	19	0.2148	28	0.236635	24
0.182	0.223972	27	0.206222	22	0.265309	19	0.214815	28	0.236591	24
0.183	0.223972	27	0.206192	22	0.265123	19	0.214829	28	0.236547	24
0.184	0.223972	27	0.206163	22	0.264937	19	0.214844	28	0.236503	24
0.185	0.223972	27	0.206133	22	0.264753	19	0.214858	28	0.236459	24
0.186	0.223972	27	0.211541	23	0.26457	19	0.214873	28	0.236415	24
0.187	0.223972	27	0.211553	23	0.264388	19	0.214887	28	0.236372	24
0.188	0.223972	27	0.211565	23	0.264207	19	0.214902	28	0.236329	24
0.189	0.223972	27	0.211577	23	0.264027	19	0.214916	28	0.236286	24
0.19	0.223972	27	0.21159	23	0.263849	19	0.21493	28	0.236243	24
0.191	0.223972	27	0.211602	23	0.263671	19	0.214945	28	0.236201	24
0.192	0.223972	27	0.211614	23	0.263494	19	0.214959	28	0.236159	24
0.193	0.223972	27	0.211626	23	0.263319	19	0.214973	28	0.236117	24
0.194	0.223972	27	0.211639	23	0.263144	19	0.214987	28	0.236075	24
0.195	0.223972	27	0.211651	23	0.262971	19	0.215002	28	0.236034	24
0.196	0.223972	27	0.211663	23	0.262798	19	0.215016	28	0.235993	24
0.197	0.223972	27	0.211675	23	0.262627	19	0.21503	28	0.235952	24
0.198	0.223972	27	0.211688	23	0.262456	19	0.215044	28	0.235911	24
0.199	0.223972	27	0.2117	23	0.262287	19	0.215058	28	0.23587	24
0.2	0.223972	27	0.211712	23	0.262118	19	0.215072	28	0.23583	24
0.201	0.223972	27	0.211725	23	0.261951	19	0.215086	28	0.23579	24
0.202	0.223972	27	0.211737	23	0.261784	19	0.215099	28	0.23575	24
0.203	0.223972	27	0.211749	23	0.261619	19	0.215113	28	0.23571	24
0.204	0.223972	27	0.211761	23	0.261454	19	0.215127	28	0.235671	24
0.205	0.223972	27	0.211774	23	0.261291	19	0.215141	28	0.235631	24
0.206	0.223972	27	0.211786	23	0.261128	19	0.215155	28	0.235592	24
0.207	0.223972	27	0.211798	23	0.260966	19	0.215168	28	0.235553	24
0.208	0.223972	27	0.21181	23	0.260806	19	0.215182	28	0.235515	24
0.209	0.223972	27	0.211823	23	0.260646	20	0.215195	28	0.235476	24
0.21	0.223972	27	0.211835	23	0.260487	20	0.215209	28	0.235438	24
0.211	0.223972	27	0.211847	23	0.260329	20	0.215223	28	0.2354	24
0.212	0.223972	27	0.21186	23	0.260172	20	0.215236	28	0.235362	24
0.213	0.223972	27	0.211872	23	0.260016	20	0.21525	28	0.235324	24
0.214	0.223972	27	0.211884	23	0.25986	20	0.215263	28	0.235286	24
0.215	0.223972	27	0.211896	23	0.259706	20	0.215276	28	0.235249	24
0.216	0.223972	27	0.211909	23	0.259552	20	0.21529	28	0.235212	24
0.217	0.223972	27	0.211921	23	0.2594	20	0.215303	28	0.235175	24
0.218	0.223972	27	0.211933	23	0.259248	20	0.215317	28	0.235138	24
0.219	0.223972	27	0.211945	23	0.259097	20	0.21533	28	0.235101	24
0.22	0.223972	27	0.211958	23	0.258947	20	0.215343	28	0.235065	24
0.221	0.223972	27	0.21197	23	0.258797	20	0.215356	28	0.235029	24
0.222	0.223972	27	0.211982	23	0.258649	20	0.215369	28	0.234993	24
0.223	0.223972	27	0.211995	23	0.258502	20	0.215383	28	0.234957	24
0.224	0.223972	27	0.212007	23	0.258355	20	0.215396	28	0.234921	24
0.225	0.223972	27	0.212019	23	0.258209	20	0.215409	28	0.234885	24
0.226	0.223972	27	0.212031	23	0.258064	20	0.215422	28	0.23485	24
0.227	0.223972	27	0.212044	23	0.257919	20	0.215435	28	0.234815	24
0.228	0.223972	27	0.212056	23	0.257776	20	0.215448	28	0.234779	24
0.229	0.223972	27	0.212068	23	0.257633	20	0.215461	28	0.234744	24
0.23	0.223972	27	0.21208	23	0.257491	20	0.215474	28	0.23471	24
0.231	0.223972	27	0.212093	23	0.25735	20	0.215487	28	0.234675	24
0.232	0.223972	27	0.212105	23	0.257212	21	0.216512	29	0.234641	24
0.233	0.223972	27	0.212117	23	0.257073	21	0.216528	29	0.234606	24
0.234	0.223972	27	0.212129	23	0.256934	21	0.216544	29	0.234572	24
0.235	0.223972	27	0.212142	23	0.256796	21	0.216561	29	0.234538	24
0.236	0.223972	27	0.212154	23	0.256659	21	0.216577	29	0.234504	24
0.237	0.223972	27	0.212166	23	0.256522	21	0.216593	29	0.234471	24
0.238	0.223972	27	0.212178	23	0.256387	21	0.216609	29	0.234437	24
0.239	0.223972	27	0.212191	23	0.256251	21	0.216625	29	0.234404	24
0.24	0.223972	27	0.212203	23	0.256117	21	0.216642	29	0.23437	24
0.241	0.223972	27	0.212215	23	0.255984	21	0.216658	29	0.234337	24
0.242	0.223972	27	0.212227	23	0.255851	21	0.216674	29	0.234304	24
0.243	0.223972	27	0.21224	23	0.255719	21	0.21669	29	0.234272	24
0.244	0.223972	27	0.212252	23	0.255587	21	0.216706	29	0.234239	24
0.245	0.223972	27	0.212264	23	0.255456	21	0.216722	29	0.234206	24
0.246	0.223972	27	0.212276	23	0.255326	21	0.216737	29	0.234174	24
0.247	0.223972	27	0.212289	23	0.255197	21	0.216753	29	0.234142	24
0.248	0.223972	27	0.212301	23	0.255069	21	0.216769	29	0.23411	24
0.249	0.223972	27	0.212315	24	0.254941	21	0.216785	29	0.234078	24
0.25	0.223972	27	0.212327	24	0.254813	21	0.216801	29	0.234046	24
0.251	0.223972	27	0.21234	24	0.254687	21	0.216816	29	0.234014	24
0.252	0.223972	27	0.212352	24	0.254561	21	0.216832	29	0.233983	24
0.253	0.223972	27	0.212364	24	0.254435	21	0.216848	29	0.233951	24
0.254	0.223972	27	0.212376	24	0.254311	21	0.216863	29	0.23392	25
0.255	0.223972	27	0.212388	24	0.254187	21	0.216879	29	0.233889	25
0.256	0.223972	27	0.212401	24	0.254064	21	0.216894	29	0.233858	25
0.257	0.223972	27	0.212413	24	0.253941	21	0.21691	29	0.233827	25
0.258	0.223972	27	0.212425	24	0.253819	21	0.216925	29	0.233797	26
0.259	0.223972	27	0.212437	24	0.253698	21	0.216941	29	0.233766	26
0.26	0.223972	27	0.212449	24	0.253577	21	0.216956	29	0.233736	26
0.261	0.223972	27	0.212462	24	0.253457	21	0.216971	29	0.233705	26
0.262	0.223972	27	0.212474	24	0.253337	21	0.216987	29	0.233675	26
0.263	0.223972	27	0.212486	24	0.253218	21	0.217002	29	0.233645	26
0.264	0.223972	27	0.212498	24	0.2531	21	0.217017	29	0.233615	26
0.265	0.223972	27	0.21251	24	0.252982	21	0.217033	29	0.233585	26
0.266	0.223972	27	0.212523	24	0.252865	21	0.217048	29	0.233555	26
0.267	0.223972	27	0.212535	24	0.252749	21	0.217063	29	0.233526	26
0.268	0.223972	27	0.212547	24	0.252633	21	0.217078	29	0.233496	26
0.269	0.223972	27	0.212559	24	0.252518	21	0.217093	29	0.233467	26
0.27	0.223972	27	0.212571	24	0.252403	21	0.217108	29	0.233437	26
0.271	0.223972	27	0.212583	24	0.252289	21	0.217123	29	0.233408	26
0.272	0.223972	27	0.212596	24	0.252175	22	0.217138	29	0.233379	26
0.273	0.223972	27	0.212608	24	0.252062	22	0.217153	29	0.23335	26
0.274	0.223972	27	0.21262	24	0.25195	22	0.217168	29	0.233322	26
0.275	0.223972	27	0.212632	24	0.251838	22	0.217183	29	0.233293	26
0.276	0.223972	27	0.212644	24	0.251727	22	0.217198	29	0.233264	26
0.277	0.223972	27	0.212656	24	0.251616	22	0.217213	29	0.233236	26
0.278	0.223972	27	0.212669	24	0.251506	22	0.217228	29	0.233208	26
0.279	0.223972	27	0.212681	24	0.251397	22	0.217243	29	0.233179	26
0.28	0.223972	27	0.212693	24	0.251288	22	0.217257	29	0.233151	26
0.281	0.223972	27	0.212705	24	0.251179	22	0.217272	29	0.233123	26
0.282	0.223972	27	0.212717	24	0.251071	22	0.217287	29	0.233095	26
0.283	0.223972	27	0.212729	24	0.250964	22	0.217302	29	0.233067	26
0.284	0.223972	27	0.212742	24	0.250857	22	0.217316	29	0.23304	26
0.285	0.223972	27	0.212754	24	0.25075	22	0.217331	29	0.233012	26
0.286	0.223972	27	0.212766	24	0.250645	22	0.217345	29	0.232985	26
0.287	0.223972	27	0.212778	24	0.250539	22	0.21736	29	0.232957	26
0.288	0.223972	27	0.21279	24	0.250434	22	0.217375	29	0.23293	26
0.289	0.223972	27	0.212802	24	0.25033	22	0.217389	29	0.232903	26
0.29	0.223972	27	0.212815	24	0.250226	22	0.217404	29	0.232876	26
0.291	0.223972	27	0.212827	24	0.250123	22	0.217418	29	0.232849	26
0.292	0.223972	27	0.212839	24	0.25002	22	0.217432	29	0.232822	26
0.293	0.223972	27	0.212851	24	0.249918	22	0.217447	29	0.232795	26
0.294	0.223972	27	0.212863	24	0.249816	22	0.217461	29	0.232768	26
0.295	0.223972	27	0.212875	24	0.249715	22	0.217476	29	0.232742	26
0.296	0.223972	27	0.212887	24	0.249614	22	0.21749	29	0.232715	26
0.297	0.223972	27	0.2129	24	0.249514	22	0.217504	29	0.232689	26
0.298	0.223972	27	0.212912	24	0.249414	22	0.217518	29	0.232663	26
0.299	0.223972	27	0.212924	24	0.249314	22	0.217533	29	0.232637	26
0.3	0.223972	27	0.212936	24	0.249216	22	0.217547	29	0.232611	26
0.301	0.223972	27	0.212948	24	0.249117	22	0.217561	29	0.232585	26
0.302	0.223972	27	0.21296	24	0.249019	22	0.217575	29	0.232559	26
0.303	0.223972	27	0.212972	24	0.248922	22	0.217589	29	0.232533	26
0.304	0.223972	27	0.212984	24	0.248825	22	0.217603	29	0.232507	26
0.305	0.223972	27	0.212997	24	0.248728	22	0.217617	29	0.232482	26
0.306	0.223972	27	0.213009	24	0.248632	22	0.217632	29	0.232456	26
0.307	0.223972	27	0.213021	24	0.248536	22	0.217646	29	0.232431	26
0.308	0.223972	27	0.213033	24	0.248441	22	0.21766	29	0.232405	26
0.309	0.223972	27	0.213045	24	0.248346	22	0.217673	29	0.23238	26
0.31	0.223972	27	0.213057	24	0.248252	22	0.217687	29	0.232355	26
0.311	0.223972	27	0.213069	24	0.248158	22	0.217701	29	0.23233	26
0.312	0.223972	27	0.213081	24	0.248065	22	0.217715	29	0.232305	26
0.313	0.223972	27	0.213093	24	0.247972	22	0.217729	29	0.23228	26
0.314	0.223972	27	0.213105	24	0.247879	22	0.217743	29	0.232255	26
0.315	0.223972	27	0.213118	24	0.247787	22	0.217757	29	0.23223	26
0.316	0.223972	27	0.213133	25	0.247695	22	0.217771	29	0.232206	26
0.317	0.223972	27	0.213145	25	0.247604	22	0.217784	29	0.232181	26
0.318	0.223972	27	0.213157	25	0.247513	22	0.217798	29	0.232157	26
0.319	0.223972	27	0.213169	25	0.247422	22	0.217812	29	0.232132	26
0.32	0.223972	27	0.213181	25	0.247332	22	0.217825	29	0.232108	26
0.321	0.223972	27	0.213193	25	0.247243	22	0.217839	29	0.232084	26
0.322	0.223972	27	0.213205	25	0.247153	22	0.217853	29	0.23206	26
0.323	0.223972	27	0.213217	25	0.247065	22	0.217866	29	0.232036	26
0.324	0.223972	27	0.213229	25	0.246976	22	0.21788	29	0.232012	26
0.325	0.223972	27	0.213241	25	0.246888	22	0.217893	29	0.231988	26
0.326	0.223972	27	0.213253	25	0.246801	22	0.217907	29	0.231964	26
0.327	0.223972	27	0.213266	25	0.246713	22	0.21792	29	0.23194	26
0.328	0.223972	27	0.213278	25	0.246627	22	0.217934	29	0.231917	26
0.329	0.223972	27	0.21329	25	0.24654	22	0.217947	29	0.231893	26
0.33	0.223972	27	0.213302	25	0.246454	22	0.217961	29	0.23187	26
0.331	0.223972	27	0.213314	25	0.246368	22	0.217974	29	0.231846	26
0.332	0.223972	27	0.213326	25	0.246283	21	0.217988	29	0.231823	26
0.333	0.223972	27	0.213338	25	0.246198	21	0.218001	29	0.2318	26
0.334	0.223972	27	0.21335	25	0.246113	21	0.218014	29	0.231776	26
0.335	0.223972	27	0.213362	25	0.246029	21	0.218028	29	0.231753	26
0.336	0.223972	27	0.213374	25	0.245946	21	0.218041	29	0.23173	26
0.337	0.223972	27	0.213386	25	0.245862	21	0.218054	29	0.231707	26
0.338	0.223972	27	0.213398	25	0.245779	21	0.218067	29	0.231684	26
0.339	0.223972	27	0.21341	25	0.245696	21	0.218081	29	0.231662	26
0.34	0.223972	27	0.213422	25	0.245614	21	0.218094	29	0.231639	26
0.341	0.223972	27	0.213434	25	0.245532	21	0.218107	29	0.231616	26
0.342	0.223972	27	0.213446	25	0.245451	21	0.21812	29	0.231594	26
0.343	0.223972	27	0.213458	25	0.245369	21	0.218133	29	0.231571	26
0.344	0.223972	27	0.21347	25	0.245288	21	0.218146	29	0.231549	26
0.345	0.223972	27	0.213482	25	0.245208	21	0.21816	29	0.231527	26
0.346	0.223972	27	0.213494	25	0.245128	21	0.218173	29	0.231504	26
0.347	0.223972	27	0.213506	25	0.245048	21	0.218186	29	0.231482	26
0.348	0.223972	27	0.213518	25	0.244968	21	0.218199	29	0.23146	26
0.349	0.223972	27	0.21353	25	0.244889	22	0.218212	29	0.231438	26
0.35	0.223972	27	0.213542	25	0.244811	22	0.218225	29	0.231416	26
0.351	0.223972	27	0.213554	25	0.244732	22	0.218238	29	0.231394	26
0.352	0.223972	27	0.213566	25	0.244654	23	0.218251	29	0.231372	26
0.353	0.223972	27	0.213578	25	0.244576	23	0.218263	29	0.23135	26
0.354	0.223972	27	0.21359	25	0.244499	23	0.218276	29	0.231329	26
0.355	0.223972	27	0.213602	25	0.244422	23	0.218289	29	0.231307	26
0.356	0.223972	27	0.213614	25	0.244345	23	0.218302	29	0.231285	26
0.357	0.223972	27	0.213626	25	0.244268	23	0.218315	29	0.231264	26
0.358	0.223972	27	0.213638	25	0.244192	23	0.218328	29	0.231242	26
0.359	0.223972	27	0.21365	25	0.244116	23	0.21834	29	0.231221	26
0.36	0.223972	27	0.213662	25	0.244041	23	0.218353	29	0.2312	26
0.361	0.223972	27	0.213674	25	0.243966	23	0.218366	29	0.231178	26
0.362	0.223972	27	0.213686	25	0.243891	23	0.218379	29	0.231157	26
0.363	0.223972	27	0.213698	25	0.243816	23	0.218391	29	0.231136	26
0.364	0.223972	27	0.21371	25	0.243742	23	0.218404	29	0.231115	26
0.365	0.223972	27	0.213722	25	0.243668	23	0.218417	29	0.231094	26
0.366	0.223972	27	0.213742	26	0.243594	23	0.218429	29	0.231073	26
0.367	0.223972	27	0.213754	26	0.243521	23	0.218442	29	0.231052	26
0.368	0.223972	27	0.213766	26	0.243448	23	0.218454	29	0.231031	26
0.369	0.223972	27	0.213778	26	0.243375	23	0.218467	29	0.231011	26
0.37	0.223972	27	0.21379	26	0.243303	23	0.21848	29	0.23099	26
0.371	0.223972	27	0.213801	26	0.243231	23	0.218492	29	0.230969	26
0.372	0.223972	27	0.213813	26	0.243159	23	0.218505	29	0.230949	26
0.373	0.223972	27	0.213825	26	0.243088	23	0.218517	29	0.230928	26
0.374	0.223972	27	0.213837	26	0.243016	23	0.21853	29	0.230908	26
0.375	0.223972	27	0.213849	26	0.242945	23	0.218542	29	0.230888	26
0.376	0.223972	27	0.213861	26	0.242875	23	0.218554	29	0.230867	26
0.377	0.223972	27	0.213873	26	0.242804	23	0.218567	29	0.230847	26
0.378	0.223972	27	0.213885	26	0.242734	23	0.218579	29	0.230827	26
0.379	0.223972	27	0.213897	26	0.242665	23	0.218592	29	0.230807	26
0.38	0.223972	27	0.213909	26	0.242595	23	0.218604	29	0.230787	26
0.381	0.223972	27	0.213921	26	0.242526	24	0.218616	29	0.230767	26
0.382	0.223972	27	0.213933	26	0.242457	24	0.218628	29	0.230747	26
0.383	0.223972	27	0.213944	26	0.242389	24	0.218641	29	0.230727	26
0.384	0.223972	27	0.213956	26	0.24232	24	0.218653	29	0.230707	26
0.385	0.223972	27	0.213968	26	0.242252	24	0.218665	29	0.230687	26
0.386	0.223972	27	0.21398	26	0.242184	24	0.218678	29	0.230668	26
0.387	0.223972	27	0.213992	26	0.242117	24	0.21869	29	0.230648	26
0.388	0.223972	27	0.214004	26	0.24205	24	0.218702	28	0.230628	26
0.389	0.223972	27	0.214016	26	0.241983	24	0.218714	28	0.230609	26
0.39	0.223972	27	0.214028	26	0.241916	24	0.218726	28	0.230589	26
0.391	0.223972	27	0.21404	26	0.241849	24	0.218738	28	0.23057	26
0.392	0.223972	27	0.214052	26	0.241783	24	0.21875	28	0.230551	26
0.393	0.223972	27	0.214063	26	0.241717	24	0.218763	28	0.230531	26
0.394	0.223972	27	0.214075	26	0.241652	24	0.218775	28	0.230512	26
0.395	0.223972	27	0.214087	26	0.241586	24	0.218787	28	0.230493	26
0.396	0.223972	27	0.214099	26	0.241521	24	0.218799	28	0.230474	26
0.397	0.223972	27	0.214111	26	0.241456	24	0.218811	28	0.230455	26
0.398	0.223972	27	0.214123	26	0.241391	24	0.218823	28	0.230435	26
0.399	0.223972	27	0.214135	26	0.241327	24	0.218835	28	0.230416	26
0.4	0.223972	27	0.214147	26	0.241263	24	0.218847	28	0.230398	26
0.401	0.223972	27	0.214182	27	0.241199	24	0.218859	28	0.230379	26
0.402	0.223972	27	0.214194	27	0.241135	24	0.21887	28	0.23036	26
0.403	0.223972	27	0.214206	27	0.241072	24	0.218882	28	0.230341	26
0.404	0.223972	27	0.214217	27	0.241009	24	0.218894	28	0.230322	26
0.405	0.223972	27	0.214229	27	0.240946	24	0.218906	28	0.230304	26
0.406	0.223972	27	0.214241	27	0.240883	24	0.218918	28	0.230285	26
0.407	0.223972	27	0.214253	27	0.240821	24	0.21893	28	0.230267	26
0.408	0.223972	27	0.214265	27	0.240759	24	0.218942	28	0.230248	26
0.409	0.223972	27	0.214276	27	0.240697	24	0.218953	28	0.23023	26
0.41	0.223972	27	0.214288	27	0.240635	24	0.218965	28	0.230211	26
0.411	0.223972	27	0.2143	27	0.240574	24	0.218977	28	0.230193	26
0.412	0.223972	27	0.214312	27	0.240512	24	0.218989	28	0.230174	26
0.413	0.223972	27	0.214324	27	0.240451	24	0.219	28	0.230156	26
0.414	0.223972	27	0.214335	27	0.240391	24	0.219012	28	0.230138	26
0.415	0.223972	27	0.214347	27	0.24033	24	0.219024	28	0.23012	26
0.416	0.223972	27	0.214359	27	0.24027	24	0.219035	28	0.230102	26
0.417	0.223972	27	0.214371	27	0.24021	24	0.219047	28	0.230084	26
0.418	0.223972	27	0.214383	27	0.240828	23	0.219059	28	0.230066	26
0.419	0.223972	27	0.214394	27	0.240767	23	0.21907	28	0.230048	26
0.42	0.223972	27	0.214406	27	0.240706	23	0.219082	28	0.23003	26
0.421	0.223972	27	0.214418	27	0.240645	23	0.219094	28	0.230012	26
0.422	0.223972	27	0.21443	27	0.240585	23	0.219105	28	0.229994	26
0.423	0.223972	27	0.214441	27	0.240525	23	0.219117	28	0.229976	26
0.424	0.223972	27	0.214453	27	0.240465	23	0.219128	28	0.229959	26
0.425	0.223972	27	0.214465	27	0.240405	23	0.21914	28	0.229941	26
0.426	0.223972	27	0.214477	27	0.240346	23	0.219151	28	0.229923	26
0.427	0.223972	27	0.214567	28	0.240287	23	0.219163	28	0.229906	26
0.428	0.223972	27	0.214579	28	0.240228	23	0.219174	28	0.229888	26
0.429	0.223972	27	0.214591	28	0.240169	23	0.219186	28	0.229871	26
0.43	0.223972	27	0.214602	28	0.24011	23	0.219197	28	0.229853	26
0.431	0.223972	27	0.214614	28	0.240052	23	0.219208	28	0.229836	26
0.432	0.223972	27	0.214626	28	0.239994	23	0.21922	28	0.229818	26
0.433	0.223972	27	0.214637	28	0.239936	23	0.219231	28	0.229801	26
0.434	0.223972	27	0.214649	28	0.239878	23	0.219243	28	0.229784	26
0.435	0.223972	27	0.214661	28	0.239821	23	0.219254	28	0.229767	26
0.436	0.223972	27	0.214672	28	0.239764	22	0.219265	28	0.22975	26
0.437	0.223972	27	0.214684	28	0.239707	22	0.219277	28	0.229732	26
0.438	0.223972	27	0.214696	28	0.23965	22	0.219288	28	0.229715	26
0.439	0.223972	27	0.214708	28	0.239593	22	0.219299	28	0.229698	26
0.44	0.223972	27	0.214719	28	0.239537	22	0.21931	28	0.229681	26
0.441	0.223972	27	0.214731	28	0.23948	22	0.219322	28	0.229664	26
0.442	0.223972	27	0.214743	28	0.239424	22	0.219333	28	0.229647	26
0.443	0.223972	27	0.214754	28	0.239369	22	0.219344	28	0.229631	26
0.444	0.223972	27	0.214766	28	0.239313	22	0.219355	28	0.229614	26
0.445	0.223972	27	0.214778	28	0.239257	22	0.219367	28	0.229597	26
0.446	0.223972	27	0.215066	29	0.239202	22	0.219378	28	0.22958	26
0.447	0.223972	27	0.215078	29	0.239147	22	0.219389	28	0.229564	26
0.448	0.223972	27	0.21509	29	0.239092	22	0.2194	28	0.229547	26
0.449	0.223972	27	0.215102	29	0.239038	22	0.219411	28	0.22953	26
0.45	0.223972	27	0.215114	29	0.238983	22	0.219422	28	0.229514	26
0.451	0.223972	27	0.215126	29	0.238929	22	0.219433	28	0.229497	26
0.452	0.223972	27	0.215138	29	0.238875	22	0.219444	28	0.229481	26
0.453	0.223972	27	0.21515	29	0.238821	22	0.219455	28	0.229464	26
0.454	0.223972	27	0.215162	29	0.238767	22	0.219466	28	0.229448	26
0.455	0.223972	27	0.215174	29	0.238714	22	0.219477	28	0.229432	26
0.456	0.223972	27	0.215186	29	0.238661	22	0.219488	28	0.229415	26
0.457	0.223972	27	0.215198	29	0.238608	22	0.219499	28	0.229399	26
0.458	0.223972	27	0.21521	29	0.238555	22	0.21951	28	0.229383	26
0.459	0.223972	27	0.215222	29	0.238502	22	0.219521	28	0.229367	26
0.46	0.223972	27	0.215233	29	0.238449	22	0.219532	28	0.22935	26
0.461	0.223972	27	0.215245	29	0.238397	22	0.219543	28	0.229334	26
0.462	0.223972	27	0.216265	30	0.238345	22	0.219554	28	0.229318	26
0.463	0.223972	27	0.21628	30	0.238293	22	0.219565	28	0.229302	26
0.464	0.223972	27	0.216295	30	0.238241	22	0.219576	28	0.229286	26
0.465	0.223972	27	0.21631	30	0.238189	22	0.219587	28	0.22927	26
0.466	0.223972	27	0.216325	30	0.238138	22	0.219598	28	0.229254	26
0.467	0.223972	27	0.21634	30	0.238087	22	0.219609	28	0.229239	26
0.468	0.223972	27	0.216355	30	0.238036	22	0.219619	28	0.229223	26
0.469	0.223972	27	0.21637	30	0.237985	22	0.21963	28	0.229207	26
0.47	0.223972	27	0.216385	30	0.237934	22	0.219641	28	0.229191	26
0.471	0.223972	27	0.2164	30	0.237883	22	0.219652	28	0.229175	26
0.472	0.223972	27	0.216415	30	0.237833	22	0.219663	28	0.22916	26
0.473	0.223972	27	0.21643	30	0.237783	22	0.219673	28	0.229144	26
0.474	0.223972	27	0.216445	30	0.237733	22	0.219684	28	0.229129	26
0.475	0.223972	27	0.21646	30	0.237683	22	0.219695	28	0.229113	26
0.476	0.223972	27	0.216475	30	0.237633	22	0.219706	28	0.229097	26
0.477	0.223972	27	0.21649	30	0.237584	22	0.219716	28	0.229082	26
0.478	0.223972	27	0.216505	30	0.237534	22	0.219727	28	0.229067	26
0.479	0.223972	27	0.21652	30	0.237485	22	0.219738	28	0.229051	26
0.48	0.223972	27	0.216535	30	0.237436	22	0.219748	28	0.229036	26
0.481	0.223972	27	0.216549	30	0.237387	23	0.219759	28	0.22902	26
0.482	0.223972	27	0.216564	30	0.237338	23	0.219769	28	0.229005	26
0.483	0.223972	27	0.216579	30	0.23729	24	0.21978	28	0.22899	26
0.484	0.223972	27	0.216594	30	0.237242	24	0.219791	28	0.228975	26
0.485	0.223972	27	0.216609	30	0.237193	24	0.219801	28	0.228959	26
0.486	0.223972	27	0.216624	30	0.237145	24	0.219812	28	0.228944	26
0.487	0.223972	27	0.216639	30	0.237097	24	0.219822	28	0.228929	26
0.488	0.223972	27	0.216654	30	0.23705	24	0.219833	28	0.228914	26
0.489	0.223972	27	0.216669	30	0.237002	24	0.219843	28	0.228899	26
0.49	0.223972	27	0.216684	30	0.236955	24	0.219854	28	0.228884	26
0.491	0.223972	27	0.216699	30	0.236908	24	0.219864	28	0.228869	26
0.492	0.223972	27	0.216714	30	0.23686	24	0.219875	28	0.228854	26
0.493	0.223972	27	0.216729	30	0.236814	24	0.219885	28	0.228839	26
0.494	0.223972	27	0.216744	30	0.236767	24	0.219896	28	0.228824	26
0.495	0.223972	27	0.216758	30	0.23672	24	0.219906	28	0.228809	26
0.496	0.223972	27	0.216773	30	0.236674	24	0.219917	28	0.228795	26
0.497	0.223972	27	0.216788	30	0.236627	24	0.219927	28	0.22878	26
0.498	0.223972	27	0.216803	30	0.236581	24	0.219938	28	0.228765	26
0.499	0.223972	27	0.216818	30	0.236535	24	0.219948	28	0.22875	26
0.5	0.223972	27	0.216833	30	0.236489	24	0.219958	28	0.228736	26
0.501	0.223972	27	0.216848	30	0.236444	24	0.219969	28	0.228721	26
0.502	0.223972	27	0.216863	30	0.236398	24	0.219979	28	0.228706	26
0.503	0.223972	27	0.216878	30	0.236353	24	0.219989	28	0.228692	26
0.504	0.223972	27	0.216893	30	0.236307	24	0.22	28	0.228677	26
0.505	0.223972	27	0.216907	30	0.236262	24	0.22001	28	0.228663	26
0.506	0.223972	27	0.216922	30	0.236217	24	0.22002	28	0.228648	26
0.507	0.223972	27	0.216937	30	0.236173	24	0.220031	28	0.228634	26
0.508	0.223972	27	0.216952	30	0.236128	24	0.220041	28	0.22862	26
0.509	0.223972	27	0.216967	30	0.236083	24	0.220051	28	0.228605	26
0.51	0.223972	27	0.216982	30	0.236039	24	0.220061	28	0.228591	26
0.511	0.223972	27	0.216997	30	0.235995	24	0.220072	28	0.228577	26
0.512	0.223972	27	0.217012	30	0.235951	24	0.220082	28	0.228562	26
0.513	0.223972	27	0.217026	30	0.235907	24	0.220092	28	0.228548	26
0.514	0.223972	27	0.217041	30	0.235863	24	0.220102	28	0.228534	26
0.515	0.223972	27	0.217056	30	0.235819	24	0.220112	28	0.22852	26
0.516	0.223972	27	0.217071	30	0.235776	24	0.220123	28	0.228506	26
0.517	0.223972	27	0.217086	30	0.235732	24	0.220133	28	0.228491	26
0.518	0.223972	27	0.217101	30	0.235689	24	0.220143	28	0.228477	26
0.519	0.223972	27	0.217116	30	0.235646	24	0.220153	28	0.228463	26
0.52	0.223972	27	0.217131	30	0.235603	24	0.220163	28	0.228449	26
0.521	0.223972	27	0.217145	30	0.23556	24	0.220173	28	0.228435	26
0.522	0.223972	27	0.21716	30	0.235518	24	0.220183	28	0.228421	26
0.523	0.223972	27	0.217175	30	0.235475	24	0.220193	28	0.228407	26
0.524	0.223972	27	0.21719	30	0.235433	24	0.220203	28	0.228394	26
0.525	0.223972	27	0.217205	30	0.23539	24	0.220213	28	0.22838	26
0.526	0.223972	27	0.21722	30	0.235348	24	0.220223	28	0.228366	26
0.527	0.223972	27	0.217234	30	0.235306	24	0.220233	28	0.228352	26
0.528	0.223972	27	0.217249	30	0.235264	24	0.220243	28	0.228338	26
0.529	0.223972	27	0.217264	30	0.235222	24	0.220253	28	0.228325	26
0.53	0.223972	27	0.217279	30	0.235181	24	0.220263	28	0.228311	26
0.531	0.223972	27	0.217294	30	0.235139	24	0.220273	28	0.228297	26
0.532	0.223972	27	0.217309	30	0.235098	24	0.220283	28	0.228284	26
0.533	0.223972	27	0.217323	30	0.235057	24	0.220293	28	0.22827	26
0.534	0.223972	27	0.217338	30	0.235016	24	0.220303	28	0.228256	26
0.535	0.223972	27	0.217353	30	0.234975	24	0.220313	28	0.228243	26
0.536	0.223972	27	0.217368	30	0.234934	24	0.220323	28	0.228229	26
0.537	0.223972	27	0.217383	30	0.234893	24	0.220333	28	0.228216	26
0.538	0.223972	27	0.217397	30	0.234852	24	0.220343	28	0.228202	26
0.539	0.223972	27	0.217412	30	0.234812	24	0.220353	28	0.228189	26
0.54	0.223972	27	0.217427	30	0.234772	24	0.220363	28	0.228175	26
0.541	0.223972	27	0.217442	30	0.234731	24	0.220372	28	0.228162	26
0.542	0.223972	27	0.217457	30	0.234691	24	0.220382	28	0.228149	26
0.543	0.223972	27	0.217471	30	0.234651	24	0.220392	28	0.228135	26
0.544	0.223972	27	0.217486	30	0.234612	24	0.220402	28	0.228122	26
0.545	0.223972	27	0.217501	30	0.234572	24	0.220412	28	0.228109	26
0.546	0.223972	27	0.217516	30	0.234532	24	0.220422	28	0.228096	26
0.547	0.223972	27	0.217531	30	0.234493	24	0.220431	28	0.228082	26
0.548	0.223972	27	0.217545	30	0.234453	24	0.220441	28	0.228069	26
0.549	0.223972	27	0.21756	30	0.234414	24	0.220451	28	0.228056	26
0.55	0.223972	27	0.217575	30	0.234375	24	0.220461	28	0.228043	26
0.551	0.223972	27	0.21759	30	0.234336	24	0.22047	28	0.22803	26
0.552	0.223972	27	0.217604	30	0.234297	24	0.22048	28	0.228017	26
0.553	0.223972	27	0.217619	30	0.234258	24	0.22049	28	0.228004	26
0.554	0.223972	27	0.217634	30	0.23422	24	0.220499	28	0.227991	26
0.555	0.223972	27	0.217649	30	0.234181	24	0.220509	28	0.227978	26
0.556	0.223972	27	0.217664	30	0.234143	24	0.220519	28	0.227965	26
0.557	0.223972	27	0.217678	30	0.234104	24	0.220528	28	0.227952	26
0.558	0.223972	27	0.217693	30	0.234066	24	0.220538	28	0.227939	26
0.559	0.223972	27	0.217708	30	0.234028	24	0.220548	28	0.227926	26
0.56	0.223972	27	0.217723	30	0.23399	24	0.220557	28	0.227913	26
0.561	0.223972	27	0.217737	29	0.233952	24	0.220567	28	0.2279	26
0.562	0.223972	27	0.217752	29	0.233915	24	0.220577	28	0.227887	26
0.563	0.223972	27	0.217767	29	0.233877	24	0.220586	28	0.227875	26
0.564	0.223972	27	0.217782	29	0.23384	24	0.220596	28	0.227862	26
0.565	0.223972	27	0.217796	29	0.233802	24	0.220605	28	0.227849	26
0.566	0.223972	27	0.217811	29	0.233765	24	0.220615	28	0.227836	26
0.567	0.223972	27	0.217826	29	0.233728	24	0.220624	28	0.227824	26
0.568	0.223972	27	0.21784	29	0.233691	24	0.220634	28	0.227811	26
0.569	0.223972	27	0.217855	29	0.233654	24	0.220643	28	0.227799	26
0.57	0.223972	27	0.21787	29	0.233617	24	0.220653	28	0.227786	26
0.571	0.223972	27	0.217885	29	0.23358	24	0.220662	28	0.227773	26
0.572	0.223972	27	0.217899	29	0.233544	24	0.220672	28	0.227761	26
0.573	0.223972	27	0.217914	29	0.233507	25	0.220681	28	0.227748	26
0.574	0.223972	27	0.217929	29	0.233471	25	0.220691	28	0.227736	26
0.575	0.223972	27	0.217944	29	0.233434	25	0.2207	28	0.227723	26
0.576	0.223972	27	0.217958	29	0.233398	25	0.22071	28	0.227711	26
0.577	0.223972	27	0.217973	29	0.233362	25	0.220719	28	0.227699	26
0.578	0.223972	27	0.217988	29	0.233326	25	0.220729	28	0.227686	26
0.579	0.223972	27	0.218002	29	0.23329	25	0.220738	28	0.227674	26
0.58	0.223972	27	0.218017	29	0.233255	25	0.220747	28	0.227661	26
0.581	0.223972	27	0.218032	29	0.233219	25	0.220757	28	0.227649	26
0.582	0.223972	27	0.218046	29	0.233183	25	0.220766	28	0.227637	26
0.583	0.223972	27	0.218061	29	0.233148	25	0.220776	28	0.227625	26
0.584	0.223972	27	0.218076	29	0.233113	25	0.220785	28	0.227612	26
0.585	0.223972	27	0.218091	29	0.233077	25	0.220794	28	0.2276	26
0.586	0.223972	27	0.218105	29	0.233042	25	0.220804	28	0.227588	26
0.587	0.223972	27	0.21812	29	0.233007	25	0.220813	28	0.227576	26
0.588	0.223972	27	0.218135	29	0.232972	25	0.220822	28	0.227564	26
0.589	0.223972	27	0.218149	29	0.232937	24	0.220832	28	0.227552	26
0.59	0.223972	27	0.218164	29	0.232903	24	0.220841	28	0.227539	26
0.591	0.223972	27	0.218179	29	0.232868	24	0.22085	28	0.227527	26
0.592	0.223972	27	0.218193	29	0.232833	24	0.220859	28	0.227515	26
0.593	0.223972	27	0.218208	29	0.232799	24	0.220869	28	0.227503	26
0.594	0.223972	27	0.218223	29	0.232765	24	0.220878	28	0.227491	26
0.595	0.223972	27	0.218237	29	0.23273	24	0.220887	28	0.227479	26
0.596	0.223972	27	0.218252	29	0.232696	24	0.220896	28	0.227467	26
0.597	0.223972	27	0.218267	29	0.232662	24	0.220906	28	0.227456	26
0.598	0.223972	27	0.218281	29	0.232628	24	0.220915	28	0.227444	26
0.599	0.223972	27	0.218296	29	0.232594	24	0.220924	28	0.227432	26
0.6	0.223972	27	0.218311	29	0.232561	24	0.220933	28	0.22742	26
0.601	0.223972	27	0.218325	29	0.232527	24	0.220942	28	0.227408	26
0.602	0.223972	27	0.21834	29	0.232493	24	0.220952	28	0.227396	26
0.603	0.223972	27	0.218355	29	0.23246	24	0.220961	28	0.227384	26
0.604	0.223972	27	0.218369	29	0.232426	24	0.22097	28	0.227373	26
0.605	0.223972	27	0.218384	29	0.232393	24	0.220979	28	0.227361	26
0.606	0.223972	27	0.218398	29	0.23236	24	0.220988	28	0.227349	26
0.607	0.223972	27	0.218413	29	0.232327	24	0.220997	28	0.227338	26
0.608	0.223972	27	0.218428	29	0.232294	24	0.221006	28	0.227326	26
0.609	0.223972	27	0.218442	29	0.232261	24	0.221015	28	0.227314	26
0.61	0.223972	27	0.218457	29	0.232228	24	0.221025	28	0.227303	26
0.611	0.223972	27	0.218472	29	0.232195	24	0.221034	28	0.227291	26
0.612	0.223972	27	0.218486	29	0.232163	24	0.221043	28	0.227279	26
0.613	0.223972	27	0.218501	29	0.23213	24	0.221052	28	0.227268	26
0.614	0.223972	27	0.218515	29	0.232098	24	0.221061	28	0.227256	26
0.615	0.223972	27	0.21853	29	0.232065	24	0.22107	28	0.227245	26
0.616	0.223972	27	0.218545	29	0.232033	24	0.221079	28	0.227233	26
0.617	0.223972	27	0.218559	29	0.232001	24	0.221088	28	0.227222	26
0.618	0.223972	27	0.218574	29	0.231969	24	0.221097	28	0.22721	26
0.619	0.223972	27	0.218588	29	0.231937	24	0.221106	28	0.227199	26
0.62	0.223972	27	0.218603	29	0.231905	24	0.221115	28	0.227188	26
0.621	0.223972	27	0.218618	29	0.231873	24	0.221124	28	0.227176	27
0.622	0.223972	27	0.218632	29	0.231841	24	0.221133	28	0.227165	27
0.623	0.223972	27	0.218647	29	0.23181	24	0.221142	28	0.227154	27
0.624	0.223972	27	0.218661	29	0.231778	24	0.221151	28	0.227142	27
0.625	0.223972	27	0.218676	29	0.231747	24	0.22116	28	0.227131	27
0.626	0.223972	27	0.218691	29	0.231715	24	0.221169	28	0.22712	27
0.627	0.223972	27	0.218705	29	0.231684	24	0.221177	28	0.227108	27
0.628	0.223972	27	0.21872	29	0.231653	24	0.221186	28	0.227097	27
0.629	0.223972	27	0.218734	29	0.231622	24	0.221195	28	0.227086	27
0.63	0.223972	27	0.218749	29	0.23159	24	0.221204	28	0.227075	27
0.631	0.223972	27	0.218764	29	0.231559	24	0.221213	28	0.227064	27
0.632	0.223972	27	0.218778	29	0.231529	24	0.221222	28	0.227053	27
0.633	0.223972	27	0.218793	29	0.231498	24	0.221231	28	0.227041	27
0.634	0.223972	27	0.218807	29	0.231467	24	0.22124	28	0.22703	27
0.635	0.223972	27	0.218822	29	0.231436	24	0.221248	28	0.227019	27
0.636	0.223972	27	0.218836	29	0.231406	24	0.221257	28	0.227008	27
0.637	0.223972	27	0.218851	29	0.231375	24	0.221266	28	0.226997	27
0.638	0.223972	27	0.218866	29	0.231345	25	0.221275	28	0.226986	27
0.639	0.223972	27	0.21888	29	0.231315	25	0.221284	28	0.226975	27
0.64	0.223972	27	0.218895	29	0.231285	25	0.221293	28	0.226964	27
0.641	0.223972	27	0.218909	29	0.231254	25	0.221301	28	0.226953	27
0.642	0.223972	27	0.218924	29	0.231224	25	0.22131	28	0.226942	27
0.643	0.223972	27	0.218938	29	0.231194	26	0.221319	28	0.226931	27
0.644	0.223972	27	0.218953	29	0.231164	26	0.221328	28	0.22692	27
0.645	0.223972	27	0.218967	29	0.231135	26	0.221336	28	0.226909	27
0.646	0.223972	27	0.218982	29	0.231105	26	0.221345	28	0.226899	27
0.647	0.223972	27	0.218996	29	0.231075	26	0.221354	28	0.226888	27
0.648	0.223972	27	0.219011	29	0.231046	26	0.221362	28	0.226877	27
0.649	0.223972	27	0.219025	29	0.231016	26	0.221371	28	0.226866	27
0.65	0.223972	27	0.21904	29	0.230987	26	0.22138	28	0.226855	27
0.651	0.223972	27	0.219055	29	0.230957	26	0.221389	28	0.226845	27
0.652	0.223972	27	0.219069	29	0.230928	26	0.221397	28	0.226834	27
0.653	0.223972	27	0.219084	29	0.230899	26	0.221406	28	0.226823	27
0.654	0.223972	27	0.219098	29	0.23087	26	0.221415	28	0.226812	27
0.655	0.223972	27	0.219113	29	0.230841	26	0.221423	28	0.226802	27
0.656	0.223972	27	0.219127	29	0.230812	26	0.221432	28	0.226791	27
0.657	0.223972	27	0.219142	29	0.230783	26	0.221441	28	0.22678	27
0.658	0.223972	27	0.219156	29	0.230754	26	0.221449	28	0.22677	27
0.659	0.223972	27	0.219171	29	0.230725	26	0.221458	28	0.226759	27
0.66	0.223972	27	0.219185	29	0.230697	26	0.221466	28	0.226749	27
0.661	0.223972	27	0.2192	29	0.230668	26	0.221475	28	0.226738	27
0.662	0.223972	27	0.219214	29	0.23064	26	0.221484	28	0.226728	27
0.663	0.223972	27	0.219229	29	0.230611	26	0.221492	28	0.226717	27
0.664	0.223972	27	0.219243	29	0.230583	26	0.221501	28	0.226707	27
0.665	0.223972	27	0.219258	29	0.230555	26	0.221509	28	0.226696	27
0.666	0.223972	27	0.219272	29	0.230526	26	0.221518	28	0.226686	27
0.667	0.223972	27	0.219287	29	0.230498	26	0.221526	28	0.226675	27
0.668	0.223972	27	0.219301	29	0.23047	26	0.221535	28	0.226665	27
0.669	0.223972	27	0.219316	29	0.230442	26	0.221543	28	0.226654	27
0.67	0.223972	27	0.21933	29	0.230414	26	0.221552	28	0.226644	27
0.671	0.223972	27	0.219344	29	0.230386	26	0.22156	28	0.226633	27
0.672	0.223972	27	0.219359	29	0.230359	26	0.221569	28	0.226623	27
0.673	0.223972	27	0.219373	29	0.230331	26	0.221577	28	0.226613	27
0.674	0.223972	27	0.219388	29	0.230303	26	0.221586	28	0.226602	27
0.675	0.223972	27	0.219402	29	0.230276	26	0.221594	28	0.226592	27
0.676	0.223972	27	0.219417	29	0.230248	26	0.221603	28	0.226582	27
0.677	0.223972	27	0.219431	29	0.230221	26	0.221611	28	0.226572	27
0.678	0.223972	27	0.219446	29	0.230193	26	0.22162	28	0.226561	27
0.679	0.223972	27	0.21946	29	0.230166	26	0.221628	28	0.226551	27
0.68	0.223972	27	0.219475	29	0.230139	26	0.221637	28	0.226541	27
0.681	0.223972	27	0.219489	29	0.230112	26	0.221645	28	0.226531	27
0.682	0.223972	27	0.219504	29	0.230085	26	0.221653	28	0.226521	27
0.683	0.223972	27	0.219518	29	0.230058	26	0.221662	28	0.22651	27
0.684	0.223972	27	0.219532	29	0.230031	27	0.22167	28	0.2265	27
0.685	0.223972	27	0.219547	29	0.230004	27	0.221679	28	0.22649	27
0.686	0.223972	27	0.219561	29	0.229977	27	0.221687	28	0.22648	27
0.687	0.223972	27	0.219576	29	0.22995	27	0.221695	28	0.22647	27
0.688	0.223972	27	0.21959	29	0.229924	27	0.221704	28	0.22646	27
0.689	0.223972	27	0.219605	29	0.229897	27	0.221712	28	0.22645	27
0.69	0.223972	27	0.219619	29	0.229871	27	0.22172	28	0.22644	27
0.691	0.223972	27	0.219633	29	0.229844	27	0.221729	28	0.22643	27
0.692	0.223972	27	0.219648	29	0.229818	27	0.221737	28	0.22642	27
0.693	0.223972	27	0.219662	29	0.229791	27	0.221745	28	0.22641	27
0.694	0.223972	27	0.219677	29	0.229765	27	0.221754	28	0.2264	27
0.695	0.223972	27	0.219691	29	0.229739	27	0.221762	28	0.22639	27
0.696	0.223972	27	0.219706	29	0.229713	27	0.22177	28	0.22638	27
0.697	0.223972	27	0.21972	29	0.229687	27	0.221779	28	0.22637	27
0.698	0.223972	27	0.219734	29	0.229661	27	0.221787	28	0.22636	27
0.699	0.223972	27	0.219749	29	0.229635	27	0.221795	28	0.22635	27
0.7	0.223972	27	0.219763	29	0.229609	27	0.221803	28	0.22634	27
0.701	0.223972	27	0.219778	29	0.229583	27	0.221812	28	0.22633	27
0.702	0.223972	27	0.219792	29	0.229557	27	0.22182	28	0.226321	27
0.703	0.223972	27	0.219806	29	0.229532	27	0.221828	28	0.226311	27
0.704	0.223972	27	0.219821	29	0.229506	27	0.221836	28	0.226301	27
0.705	0.223972	27	0.219835	29	0.229481	27	0.221845	28	0.226291	27
0.706	0.223972	27	0.21985	29	0.229455	27	0.221853	28	0.226281	27
0.707	0.223972	27	0.219864	29	0.22943	27	0.221861	28	0.226272	27
0.708	0.223972	27	0.219878	29	0.229404	27	0.221869	28	0.226262	27
0.709	0.223972	27	0.219893	29	0.229379	27	0.221877	28	0.226252	27
0.71	0.223972	27	0.219907	29	0.229354	27	0.221886	28	0.226243	27
0.711	0.223972	27	0.219921	29	0.229329	27	0.221894	28	0.226233	27
0.712	0.223972	27	0.219936	29	0.229303	27	0.221902	28	0.226223	27
0.713	0.223972	27	0.21995	29	0.229278	27	0.22191	28	0.226214	27
0.714	0.223972	27	0.219965	28	0.229253	27	0.221918	28	0.226204	27
0.715	0.223972	27	0.219979	28	0.229229	27	0.221926	28	0.226194	27
0.716	0.223972	27	0.219993	28	0.229204	27	0.221934	28	0.226185	27
0.717	0.223972	27	0.220008	28	0.229179	27	0.221943	28	0.226175	27
0.718	0.223972	27	0.220022	28	0.229154	27	0.221951	28	0.226166	27
0.719	0.223972	27	0.220036	28	0.229129	27	0.221959	28	0.226156	27
0.72	0.223972	27	0.220051	28	0.229105	27	0.221967	28	0.226146	27
0.721	0.223972	27	0.220065	28	0.22908	27	0.221975	28	0.226137	27
0.722	0.223972	27	0.220079	28	0.229056	27	0.221983	28	0.226127	27
0.723	0.223972	27	0.220094	28	0.229031	27	0.221991	28	0.226118	27
0.724	0.223972	27	0.220108	28	0.229007	27	0.221999	28	0.226109	27
0.725	0.223972	27	0.220122	28	0.228983	27	0.222007	28	0.226099	27
0.726	0.223972	27	0.220137	28	0.228958	27	0.222015	28	0.22609	27
0.727	0.223972	27	0.220151	28	0.228934	27	0.222023	28	0.22608	27
0.728	0.223972	27	0.220165	28	0.22891	27	0.222031	28	0.226071	27
0.729	0.223972	27	0.22018	28	0.228886	27	0.222039	28	0.226061	27
0.73	0.223972	27	0.220194	28	0.228862	27	0.222047	28	0.226052	27
0.731	0.223972	27	0.220208	28	0.228838	27	0.222055	28	0.226043	27
0.732	0.223972	27	0.220223	28	0.228814	27	0.222063	28	0.226033	27
0.733	0.223972	27	0.220237	28	0.22879	27	0.222071	28	0.226024	27
0.734	0.223972	27	0.220251	28	0.228766	27	0.222079	28	0.226015	27
0.735	0.223972	27	0.220266	28	0.228742	27	0.222087	28	0.226005	27
0.736	0.223972	27	0.22028	28	0.228719	27	0.222095	28	0.225996	27
0.737	0.223972	27	0.220294	28	0.228695	27	0.222103	28	0.225987	27
0.738	0.223972	27	0.220309	28	0.228672	27	0.222111	28	0.225978	27
0.739	0.223972	27	0.220323	28	0.228648	27	0.222119	28	0.225968	27
0.74	0.223972	27	0.220337	28	0.228625	27	0.222127	28	0.225959	27
0.741	0.223972	27	0.220351	28	0.228601	27	0.222135	28	0.22595	27
0.742	0.223972	27	0.220366	28	0.228578	27	0.222143	28	0.225941	27
0.743	0.223972	27	0.22038	28	0.228555	27	0.222151	28	0.225931	27
0.744	0.223972	27	0.220394	28	0.228531	27	0.222159	28	0.225922	27
0.745	0.223972	27	0.220409	28	0.228508	27	0.222167	28	0.225913	27
0.746	0.223972	27	0.220423	28	0.228485	27	0.222175	28	0.225904	27
0.747	0.223972	27	0.220437	28	0.228462	27	0.222183	28	0.225895	27
0.748	0.223972	27	0.220451	28	0.228439	27	0.22219	28	0.225886	27
0.749	0.223972	27	0.220466	28	0.228416	27	0.222198	28	0.225877	27
0.75	0.223972	27	0.22048	28	0.228393	27	0.222206	28	0.225868	27
0.751	0.223972	27	0.220494	28	0.22837	27	0.222214	28	0.225859	27
0.752	0.223972	27	0.220509	28	0.228347	27	0.222222	28	0.225849	27
0.753	0.223972	27	0.220523	28	0.228325	27	0.22223	28	0.22584	27
0.754	0.223972	27	0.220537	28	0.228302	27	0.222238	28	0.225831	27
0.755	0.223972	27	0.220551	28	0.228279	27	0.222245	28	0.225822	27
0.756	0.223972	27	0.220566	28	0.228257	27	0.222253	28	0.225813	27
0.757	0.223972	27	0.22058	28	0.228234	27	0.222261	28	0.225804	27
0.758	0.223972	27	0.220594	28	0.228212	27	0.222269	28	0.225795	27
0.759	0.223972	27	0.220608	28	0.228189	27	0.222277	28	0.225787	27
0.76	0.223972	27	0.220623	28	0.228167	27	0.222284	28	0.225778	27
0.761	0.223972	27	0.220637	28	0.228144	27	0.222292	28	0.225769	27
0.762	0.223972	27	0.220651	28	0.228122	27	0.2223	28	0.22576	27
0.763	0.223972	27	0.220665	28	0.2281	27	0.222308	28	0.225751	27
0.764	0.223972	27	0.22068	28	0.228078	27	0.222316	28	0.225742	27
0.765	0.223972	27	0.220694	28	0.228056	27	0.222323	28	0.225733	27
0.766	0.223972	27	0.220708	28	0.228033	27	0.222331	28	0.225724	27
0.767	0.223972	27	0.220722	28	0.228011	27	0.222339	28	0.225715	27
0.768	0.223972	27	0.220737	28	0.227989	27	0.222347	28	0.225707	27
0.769	0.223972	27	0.220751	28	0.227968	27	0.222354	28	0.225698	27
0.77	0.223972	27	0.220765	28	0.227946	27	0.222362	28	0.225689	27
0.771	0.223972	27	0.220779	28	0.227924	27	0.22237	28	0.22568	27
0.772	0.223972	27	0.220794	28	0.227902	27	0.222377	28	0.225672	27
0.773	0.223972	27	0.220808	28	0.22788	27	0.222385	28	0.225663	27
0.774	0.223972	27	0.220822	28	0.227859	27	0.222393	28	0.225654	27
0.775	0.223972	27	0.220836	28	0.227837	27	0.2224	28	0.225645	27
0.776	0.223972	27	0.22085	28	0.227815	27	0.222408	28	0.225637	27
0.777	0.223972	27	0.220865	28	0.227794	27	0.222416	28	0.225628	27
0.778	0.223972	27	0.220879	28	0.227772	27	0.222423	28	0.225619	27
0.779	0.223972	27	0.220893	28	0.227751	27	0.222431	28	0.225611	27
0.78	0.223972	27	0.220907	28	0.22773	27	0.222439	28	0.225602	27
0.781	0.223972	27	0.220921	28	0.227708	27	0.222446	28	0.225593	27
0.782	0.223972	27	0.220936	28	0.227687	27	0.222454	28	0.225585	27
0.783	0.223972	27	0.22095	28	0.227666	27	0.222462	28	0.225576	27
0.784	0.223972	27	0.220964	28	0.227645	27	0.222469	28	0.225567	27
0.785	0.223972	27	0.220978	28	0.227623	27	0.222477	28	0.225559	27
0.786	0.223972	27	0.220992	28	0.227602	27	0.222485	28	0.22555	27
0.787	0.223972	27	0.221007	28	0.227581	27	0.222492	28	0.225542	27
0.788	0.223972	27	0.221021	28	0.22756	27	0.2225	28	0.225533	27
0.789	0.223972	27	0.221035	28	0.227539	27	0.222507	28	0.225525	27
0.79	0.223972	27	0.221049	28	0.227518	27	0.222515	28	0.225516	27
0.791	0.223972	27	0.221063	28	0.227498	27	0.222522	28	0.225508	27
0.792	0.223972	27	0.221077	28	0.227477	27	0.22253	28	0.225499	27
0.793	0.223972	27	0.221092	28	0.227456	27	0.222538	28	0.225491	27
0.794	0.223972	27	0.221106	28	0.227435	27	0.222545	28	0.225482	27
0.795	0.223972	27	0.22112	28	0.227415	27	0.222553	28	0.225474	27
0.796	0.223972	27	0.221134	28	0.227394	27	0.22256	28	0.225465	27
0.797	0.223972	27	0.221148	28	0.227373	27	0.222568	28	0.225457	27
0.798	0.223972	27	0.221162	28	0.227353	27	0.222575	28	0.225448	27
0.799	0.223972	27	0.221177	28	0.227332	27	0.222583	28	0.22544	27
0.8	0.223972	27	0.221191	28	0.227312	27	0.22259	28	0.225432	27
0.801	0.223972	27	0.221205	28	0.227292	27	0.222598	28	0.225423	27
0.802	0.223972	27	0.221219	28	0.227271	27	0.222605	28	0.225415	27
0.803	0.223972	27	0.221233	28	0.227251	27	0.222613	28	0.225406	27
0.804	0.223972	27	0.221247	28	0.227231	27	0.22262	28	0.225398	27
0.805	0.223972	27	0.221261	28	0.22721	27	0.222628	28	0.22539	27
0.806	0.223972	27	0.221276	28	0.22719	27	0.222635	27	0.225381	27
0.807	0.223972	27	0.22129	28	0.22717	27	0.222643	27	0.225373	27
0.808	0.223972	27	0.221304	28	0.22715	27	0.22265	27	0.225365	27
0.809	0.223972	27	0.221318	28	0.22713	27	0.222658	27	0.225357	27
0.81	0.223972	27	0.221332	28	0.22711	27	0.222665	27	0.225348	27
0.811	0.223972	27	0.221346	28	0.22709	27	0.222672	27	0.22534	27
0.812	0.223972	27	0.22136	28	0.22707	27	0.22268	27	0.225332	27
0.813	0.223972	27	0.221374	28	0.22705	27	0.222687	27	0.225324	27
0.814	0.223972	27	0.221389	28	0.227031	27	0.222695	27	0.225315	27
0.815	0.223972	27	0.221403	28	0.227011	28	0.222702	27	0.225307	27
0.816	0.223972	27	0.221417	28	0.226991	28	0.22271	27	0.225299	27
0.817	0.223972	27	0.221431	28	0.226971	28	0.222717	27	0.225291	27
0.818	0.223972	27	0.221445	28	0.226952	28	0.222724	27	0.225283	27
0.819	0.223972	27	0.221459	28	0.226932	28	0.222732	27	0.225274	27
0.82	0.223972	27	0.221473	28	0.226913	28	0.222739	27	0.225266	27
0.821	0.223972	27	0.221487	28	0.226893	28	0.222746	27	0.225258	27
0.822	0.223972	27	0.221501	28	0.226874	28	0.222754	27	0.22525	27
0.823	0.223972	27	0.221516	28	0.226854	28	0.222761	27	0.225242	27
0.824	0.223972	27	0.22153	28	0.226835	28	0.222769	27	0.225234	27
0.825	0.223972	27	0.221544	28	0.226815	28	0.222776	27	0.225226	27
0.826	0.223972	27	0.221558	28	0.226796	28	0.222783	27	0.225218	27
0.827	0.223972	27	0.221572	28	0.226777	28	0.222791	27	0.22521	27
0.828	0.223972	27	0.221586	28	0.226758	28	0.222798	27	0.225202	27
0.829	0.223972	27	0.2216	28	0.226738	28	0.222805	27	0.225194	27
0.83	0.223972	27	0.221614	28	0.226719	28	0.222813	27	0.225185	27
0.831	0.223972	27	0.221628	28	0.2267	28	0.22282	27	0.225177	27
0.832	0.223972	27	0.221642	28	0.226681	28	0.222827	27	0.225169	27
0.833	0.223972	27	0.221656	28	0.226662	28	0.222834	27	0.225161	27
0.834	0.223972	27	0.22167	28	0.226643	28	0.222842	27	0.225154	27
0.835	0.223972	27	0.221684	28	0.226624	28	0.222849	27	0.225146	27
0.836	0.223972	27	0.221699	28	0.226605	28	0.222856	27	0.225138	27
0.837	0.223972	27	0.221713	28	0.226586	28	0.222864	27	0.22513	27
0.838	0.223972	27	0.221727	28	0.226568	28	0.222871	27	0.225122	27
0.839	0.223972	27	0.221741	28	0.226549	28	0.222878	27	0.225114	27
0.84	0.223972	27	0.221755	28	0.22653	28	0.222885	27	0.225106	27
0.841	0.223972	27	0.221769	28	0.226511	28	0.222893	27	0.225098	27
0.842	0.223972	27	0.221783	28	0.226493	28	0.2229	27	0.22509	27
0.843	0.223972	27	0.221797	28	0.226474	28	0.222907	27	0.225082	27
0.844	0.223972	27	0.221811	28	0.226456	28	0.222914	27	0.225074	27
0.845	0.223972	27	0.221825	28	0.226437	28	0.222921	27	0.225067	27
0.846	0.223972	27	0.221839	28	0.226418	28	0.222929	27	0.225059	27
0.847	0.223972	27	0.221853	28	0.2264	28	0.222936	27	0.225051	27
0.848	0.223972	27	0.221867	28	0.226382	28	0.222943	27	0.225043	27
0.849	0.223972	27	0.221881	28	0.226363	28	0.22295	27	0.225035	27
0.85	0.223972	27	0.221895	28	0.226345	28	0.222957	27	0.225027	27
0.851	0.223972	27	0.221909	28	0.226327	28	0.222965	27	0.22502	27
0.852	0.223972	27	0.221923	28	0.226308	28	0.222972	27	0.225012	27
0.853	0.223972	27	0.221937	28	0.22629	28	0.222979	27	0.225004	27
0.854	0.223972	27	0.221951	28	0.226272	28	0.222986	27	0.224996	27
0.855	0.223972	27	0.221965	28	0.226254	28	0.222993	27	0.224989	27
0.856	0.223972	27	0.221979	28	0.226236	28	0.223	27	0.224981	27
0.857	0.223972	27	0.221993	28	0.226218	28	0.223008	27	0.224973	27
0.858	0.223972	27	0.222007	28	0.2262	28	0.223015	27	0.224965	27
0.859	0.223972	27	0.222021	28	0.226182	28	0.223022	27	0.224958	27
0.86	0.223972	27	0.222035	28	0.226164	28	0.223029	27	0.22495	27
0.861	0.223972	27	0.222049	28	0.226146	28	0.223036	27	0.224942	27
0.862	0.223972	27	0.222063	28	0.226128	28	0.223043	27	0.224935	27
0.863	0.223972	27	0.222077	28	0.22611	28	0.22305	27	0.224927	27
0.864	0.223972	27	0.222091	28	0.226092	28	0.223057	27	0.224919	27
0.865	0.223972	27	0.222105	28	0.226074	28	0.223065	27	0.224912	27
0.866	0.223972	27	0.222119	28	0.226057	28	0.223072	27	0.224904	27
0.867	0.223972	27	0.222133	28	0.226039	28	0.223079	27	0.224897	27
0.868	0.223972	27	0.222147	28	0.226021	28	0.223086	27	0.224889	27
0.869	0.223972	27	0.222161	28	0.226004	28	0.223093	27	0.224881	27
0.87	0.223972	27	0.222175	28	0.225986	28	0.2231	27	0.224874	27
0.871	0.223972	27	0.222189	28	0.225968	28	0.223107	27	0.224866	27
0.872	0.223972	27	0.222203	28	0.225951	28	0.223114	27	0.224859	27
0.873	0.223972	27	0.222217	28	0.225933	28	0.223121	27	0.224851	27
0.874	0.223972	27	0.222231	28	0.225916	28	0.223128	27	0.224844	27
0.875	0.223972	27	0.222245	28	0.225899	28	0.223135	27	0.224836	27
0.876	0.223972	27	0.222259	28	0.225881	28	0.223142	27	0.224829	27
0.877	0.223972	27	0.222273	28	0.225864	28	0.223149	27	0.224821	27
0.878	0.223972	27	0.222287	28	0.225847	28	0.223156	27	0.224814	27
0.879	0.223972	27	0.222301	28	0.225829	28	0.223163	27	0.224806	27
0.88	0.223972	27	0.222315	28	0.225812	28	0.22317	27	0.224799	27
0.881	0.223972	27	0.222329	28	0.225795	28	0.223177	27	0.224791	27
0.882	0.223972	27	0.222343	28	0.225778	28	0.223184	27	0.224784	27
0.883	0.223972	27	0.222357	28	0.225761	28	0.223191	27	0.224776	27
0.884	0.223972	27	0.222371	28	0.225743	28	0.223198	27	0.224769	27
0.885	0.223972	27	0.222385	28	0.225726	28	0.223205	27	0.224761	27
0.886	0.223972	27	0.222399	28	0.225709	28	0.223212	27	0.224754	27
0.887	0.223972	27	0.222412	28	0.225692	28	0.223219	27	0.224747	27
0.888	0.223972	27	0.222426	28	0.225675	28	0.223226	27	0.224739	27
0.889	0.223972	27	0.22244	28	0.225658	28	0.223233	27	0.224732	27
0.89	0.223972	27	0.222454	28	0.225642	28	0.22324	27	0.224725	27
0.891	0.223972	27	0.222468	28	0.225625	28	0.223247	27	0.224717	27
0.892	0.223972	27	0.222482	28	0.225608	28	0.223254	27	0.22471	27
0.893	0.223972	27	0.222496	28	0.225591	28	0.223261	27	0.224703	27
0.894	0.223972	27	0.22251	28	0.225574	28	0.223268	27	0.224695	27
0.895	0.223972	27	0.222524	28	0.225558	28	0.223275	27	0.224688	27
0.896	0.223972	27	0.222538	28	0.225541	28	0.223282	27	0.224681	27
0.897	0.223972	27	0.222552	28	0.225524	28	0.223289	27	0.224673	27
0.898	0.223972	27	0.222566	28	0.225508	28	0.223295	27	0.224666	27
0.899	0.223972	27	0.22258	28	0.225491	28	0.223302	27	0.224659	27
0.9	0.223972	27	0.222593	28	0.225475	28	0.223309	27	0.224651	27
0.901	0.223972	27	0.222607	28	0.225458	28	0.223316	27	0.224644	27
0.902	0.223972	27	0.222621	28	0.225442	28	0.223323	27	0.224637	27
0.903	0.223972	27	0.222635	28	0.225425	28	0.22333	27	0.22463	27
0.904	0.223972	27	0.222649	28	0.225409	28	0.223337	27	0.224622	27
0.905	0.223972	27	0.222663	28	0.225392	28	0.223344	27	0.224615	27
0.906	0.223972	27	0.222677	28	0.225376	28	0.223351	27	0.224608	27
0.907	0.223972	27	0.222691	28	0.22536	28	0.223357	27	0.224601	27
0.908	0.223972	27	0.222705	28	0.225343	28	0.223364	27	0.224594	27
0.909	0.223972	27	0.222718	28	0.225327	28	0.223371	27	0.224587	27
0.91	0.223972	27	0.222732	28	0.225311	28	0.223378	27	0.224579	27
0.911	0.223972	27	0.222746	28	0.225295	28	0.223385	27	0.224572	27
0.912	0.223972	27	0.22276	28	0.225278	28	0.223392	27	0.224565	27
0.913	0.223972	27	0.222774	28	0.225262	28	0.223398	27	0.224558	27
0.914	0.223972	27	0.222788	27	0.225246	28	0.223405	27	0.224551	27
0.915	0.223972	27	0.222802	27	0.22523	27	0.223412	27	0.224544	27
0.916	0.223972	27	0.222816	27	0.225214	27	0.223419	27	0.224537	27
0.917	0.223972	27	0.222829	27	0.225198	27	0.223426	27	0.224529	27
0.918	0.223972	27	0.222843	27	0.225182	27	0.223432	27	0.224522	27
0.919	0.223972	27	0.222857	27	0.225166	27	0.223439	27	0.224515	27
0.92	0.223972	27	0.222871	27	0.22515	27	0.223446	27	0.224508	27
0.921	0.223972	27	0.222885	27	0.225134	27	0.223453	27	0.224501	27
0.922	0.223972	27	0.222899	27	0.225119	27	0.22346	27	0.224494	27
0.923	0.223972	27	0.222913	27	0.225103	27	0.223466	27	0.224487	27
0.924	0.223972	27	0.222926	27	0.225087	27	0.223473	27	0.22448	27
0.925	0.223972	27	0.22294	27	0.225071	27	0.22348	27	0.224473	27
0.926	0.223972	27	0.222954	27	0.225056	27	0.223487	27	0.224466	27
0.927	0.223972	27	0.222968	27	0.22504	27	0.223493	27	0.224459	27
0.928	0.223972	27	0.222982	27	0.225024	27	0.2235	27	0.224452	27
0.929	0.223972	27	0.222996	27	0.225009	27	0.223507	27	0.224445	27
0.93	0.223972	27	0.223009	27	0.224993	27	0.223513	27	0.224438	27
0.931	0.223972	27	0.223023	27	0.224977	27	0.22352	27	0.224431	27
0.932	0.223972	27	0.223037	27	0.224962	27	0.223527	27	0.224424	27
0.933	0.223972	27	0.223051	27	0.224946	27	0.223534	27	0.224417	27
0.934	0.223972	27	0.223065	27	0.224931	27	0.22354	27	0.22441	27
0.935	0.223972	27	0.223079	27	0.224915	27	0.223547	27	0.224403	27
0.936	0.223972	27	0.223092	27	0.2249	27	0.223554	27	0.224396	27
0.937	0.223972	27	0.223106	27	0.224885	27	0.22356	27	0.224389	27
0.938	0.223972	27	0.22312	27	0.224869	27	0.223567	27	0.224383	27
0.939	0.223972	27	0.223134	27	0.224854	27	0.223574	27	0.224376	27
0.94	0.223972	27	0.223148	27	0.224839	27	0.22358	27	0.224369	27
0.941	0.223972	27	0.223161	27	0.224823	27	0.223587	27	0.224362	27
0.942	0.223972	27	0.223175	27	0.224808	27	0.223594	27	0.224355	27
0.943	0.223972	27	0.223189	27	0.224793	27	0.2236	27	0.224348	27
0.944	0.223972	27	0.223203	27	0.224778	27	0.223607	27	0.224341	27
0.945	0.223972	27	0.223217	27	0.224763	27	0.223614	27	0.224334	27
0.946	0.223972	27	0.22323	27	0.224747	27	0.22362	27	0.224328	27
0.947	0.223972	27	0.223244	27	0.224732	27	0.223627	27	0.224321	27
0.948	0.223972	27	0.223258	27	0.224717	27	0.223634	27	0.224314	27
0.949	0.223972	27	0.223272	27	0.224702	27	0.22364	27	0.224307	27
0.95	0.223972	27	0.223286	27	0.224687	27	0.223647	27	0.2243	27
0.951	0.223972	27	0.223299	27	0.224672	27	0.223654	27	0.224294	27
0.952	0.223972	27	0.223313	27	0.224657	27	0.22366	27	0.224287	27
0.953	0.223972	27	0.223327	27	0.224642	27	0.223667	27	0.22428	27
0.954	0.223972	27	0.223341	27	0.224627	27	0.223673	27	0.224273	27
0.955	0.223972	27	0.223354	27	0.224613	27	0.22368	27	0.224267	27
0.956	0.223972	27	0.223368	27	0.224598	27	0.223687	27	0.22426	27
0.957	0.223972	27	0.223382	27	0.224583	27	0.223693	27	0.224253	27
0.958	0.223972	27	0.223396	27	0.224568	27	0.2237	27	0.224246	27
0.959	0.223972	27	0.223409	27	0.224553	27	0.223706	27	0.22424	27
0.96	0.223972	27	0.223423	27	0.224539	27	0.223713	27	0.224233	27
0.961	0.223972	27	0.223437	27	0.224524	27	0.223719	27	0.224226	27
0.962	0.223972	27	0.223451	27	0.224509	27	0.223726	27	0.22422	27
0.963	0.223972	27	0.223465	27	0.224495	27	0.223733	27	0.224213	27
0.964	0.223972	27	0.223478	27	0.22448	27	0.223739	27	0.224206	27
0.965	0.223972	27	0.223492	27	0.224465	27	0.223746	27	0.2242	27
0.966	0.223972	27	0.223506	27	0.224451	27	0.223752	27	0.224193	27
0.967	0.223972	27	0.223519	27	0.224436	27	0.223759	27	0.224186	27
0.968	0.223972	27	0.223533	27	0.224422	27	0.223765	27	0.22418	27
0.969	0.223972	27	0.223547	27	0.224407	27	0.223772	27	0.224173	27
0.97	0.223972	27	0.223561	27	0.224393	27	0.223778	27	0.224166	27
0.971	0.223972	27	0.223574	27	0.224378	27	0.223785	27	0.22416	27
0.972	0.223972	27	0.223588	27	0.224364	27	0.223791	27	0.224153	27
0.973	0.223972	27	0.223602	27	0.22435	27	0.223798	27	0.224147	27
0.974	0.223972	27	0.223616	27	0.224335	27	0.223804	27	0.22414	27
0.975	0.223972	27	0.223629	27	0.224321	27	0.223811	27	0.224133	27
0.976	0.223972	27	0.223643	27	0.224307	27	0.223817	27	0.224127	27
0.977	0.223972	27	0.223657	27	0.224293	27	0.223824	27	0.22412	27
0.978	0.223972	27	0.22367	27	0.224278	27	0.22383	27	0.224114	27
0.979	0.223972	27	0.223684	27	0.224264	27	0.223837	27	0.224107	27
0.98	0.223972	27	0.223698	27	0.22425	27	0.223843	27	0.224101	27
0.981	0.223972	27	0.223712	27	0.224236	27	0.22385	27	0.224094	27
0.982	0.223972	27	0.223725	27	0.224222	27	0.223856	27	0.224088	27
0.983	0.223972	27	0.223739	27	0.224207	27	0.223863	27	0.224081	27
0.984	0.223972	27	0.223753	27	0.224193	27	0.223869	27	0.224075	27
0.985	0.223972	27	0.223766	27	0.224179	27	0.223875	27	0.224068	27
0.986	0.223972	27	0.22378	27	0.224165	27	0.223882	27	0.224062	27
0.987	0.223972	27	0.223794	27	0.224151	27	0.223888	27	0.224055	27
0.988	0.223972	27	0.223807	27	0.224137	27	0.223895	27	0.224049	27
0.989	0.223972	27	0.223821	27	0.224123	27	0.223901	27	0.224042	27
0.99	0.223972	27	0.223835	27	0.224109	27	0.223908	27	0.224036	27
0.991	0.223972	27	0.223849	27	0.224096	27	0.223914	27	0.224029	27
0.992	0.223972	27	0.223862	27	0.224082	27	0.22392	27	0.224023	27
0.993	0.223972	27	0.223876	27	0.224068	27	0.223927	27	0.224016	27
0.994	0.223972	27	0.22389	27	0.224054	27	0.223933	27	0.22401	27
0.995	0.223972	27	0.223903	27	0.22404	27	0.22394	27	0.224004	27
0.996	0.223972	27	0.223917	27	0.224026	27	0.223946	27	0.223997	27
0.997	0.223972	27	0.223931	27	0.224013	27	0.223952	27	0.223991	27
0.998	0.223972	27	0.223944	27	0.223999	27	0.223959	27	0.223984	27
0.999	0.223972	27	0.223958	27	0.223985	27	0.223965	27	0.223978	27
1	0.223972	27	0.223972	27	0.223972	27	nan	1010	nan	1010
