u = $x^4+t$, lambda = $u^2$
t	ru	iu	r1	i1	r2	i2	r3	i3	r4	i4
0.001	0.361049	69	0.722098	138	0.722098	138	0.722098	138	0.722098	57
0.002	0.361049	69	0.722098	138	0.722098	138	0.722098	138	0.722098	116
0.003	0.361049	69	0.722098	138	0.722098	138	0.722098	138	0.722098	70
0.004	0.361049	69	0.722098	138	0.722098	138	0.722098	138	0.707447	138
0.005	0.361049	69	0.722098	138	0.722098	138	0.722098	118	0.206282	52
0.006	0.361049	69	0.722098	138	0.722098	138	0.722098	46	0.640665	50
0.007	0.361049	69	0.722098	138	0.722098	138	0.722098	36	0.722098	48
0.008	0.361049	69	0.722098	138	0.722098	138	0.722098	41	0.722098	50
0.009	0.361049	69	0.722098	138	0.722098	138	0.722098	138	0.722098	52
0.01	0.361049	69	0.722098	138	0.722098	138	0.722098	138	0.722098	56
0.011	0.361049	69	0.722098	138	0.722098	138	0.722098	138	0.722098	138
0.012	0.361049	69	0.722098	138	0.722098	138	0.722098	138	0.722098	138
0.013	0.361049	69	0.722098	138	0.722098	138	0.722098	138	0.722098	69
0.014	0.361049	69	0.722098	138	0.722098	138	0.722098	138	0.542092	65
0.015	0.361049	69	0.722098	138	0.722098	138	0.722098	138	0.335821	64
0.016	0.361049	69	0.722098	138	0.722098	138	0.722098	138	0.199778	62
0.017	0.361049	69	0.722098	138	0.722098	138	0.572952	81	0.265858	57
0.018	0.361049	69	0.722098	138	0.722098	138	0.722098	59	0.449862	56
0.019	0.361049	69	0.722098	138	0.722098	138	0.722098	46	0.658541	56
0.02	0.361049	69	0.722098	138	0.722098	138	0.722098	46	0.722098	54
0.021	0.361049	69	0.722098	138	0.722098	138	0.722098	45	0.722098	54
0.022	0.361049	69	0.722098	138	0.722098	138	0.722098	47	0.722098	53
0.023	0.361049	69	0.722098	138	0.722098	138	0.722098	50	0.722098	52
0.024	0.361049	69	0.722098	138	0.722098	138	0.722098	43	0.722098	52
0.025	0.361049	69	0.722098	138	0.722098	138	0.722098	37	0.722098	52
0.026	0.361049	69	0.722098	138	0.722098	138	0.722098	37	0.722098	53
0.027	0.361049	69	0.722098	138	0.722098	138	0.722098	38	0.722098	54
0.028	0.361049	69	0.722098	138	0.722098	138	0.722098	138	0.722098	138
0.029	0.361049	69	0.722098	138	0.722098	138	0.722098	138	0.722098	138
0.03	0.361049	69	0.722098	138	0.722098	138	0.722098	138	0.722098	138
0.031	0.361049	69	0.722098	138	0.722098	138	0.722098	138	0.722098	138
0.032	0.361049	69	0.722098	138	0.722098	138	0.722098	138	0.722098	138
0.033	0.361049	69	0.722098	138	0.722098	138	0.722098	138	0.722098	138
0.034	0.361049	69	0.722098	138	0.722098	138	0.722098	138	0.722098	138
0.035	0.361049	69	0.722098	138	0.722098	138	0.722098	138	0.722098	138
0.036	0.361049	69	0.722098	53	0.722098	138	0.722098	138	0.722098	138
0.037	0.361049	69	0.722098	48	0.722098	138	0.722098	138	0.722098	138
0.038	0.361049	69	0.722098	46	0.722098	138	0.722098	138	0.722098	138
0.039	0.361049	69	0.722098	46	0.722098	138	0.722098	138	0.722098	138
0.04	0.361049	69	0.722098	138	0.722098	138	0.722098	138	0.722098	138
0.041	0.361049	69	0.722098	49	0.722098	138	0.722098	138	0.722098	138
0.042	0.361049	69	0.722098	138	0.722098	138	0.722098	138	0.722098	138
0.043	0.361049	69	0.722098	138	0.722098	138	0.722098	138	0.695429	73
0.044	0.361049	69	0.722098	138	0.722098	138	0.722098	138	0.608873	71
0.045	0.361049	69	0.722098	138	0.722098	138	0.722098	138	0.524765	81
0.046	0.361049	69	0.722098	138	0.722098	138	0.722098	138	0.443725	138
0.047	0.361049	69	0.722098	138	0.722098	138	0.722098	138	0.366953	68
0.048	0.361049	69	0.722098	138	0.722098	138	0.722098	138	0.296843	112
0.049	0.361049	69	0.722098	138	0.722098	138	0.722098	138	0.238268	65
0.05	0.361049	69	0.722098	138	0.722098	138	0.722098	138	0.200401	66
0.051	0.361049	69	0.722098	138	0.722098	138	0.722098	138	0.194566	64
0.052	0.361049	69	0.722098	138	0.722098	138	0.722098	98	0.222402	61
0.053	0.361049	69	0.722098	138	0.722098	138	0.60258	87	0.273152	62
0.054	0.361049	69	0.722098	138	0.722098	138	0.231556	75	0.336094	61
0.055	0.361049	69	0.722098	138	0.722098	138	0.511286	69	0.40519	60
0.056	0.361049	69	0.722098	138	0.722098	138	0.722098	61	0.477455	59
0.057	0.361049	69	0.722098	138	0.722098	138	0.722098	57	0.551382	58
0.058	0.361049	69	0.722098	138	0.722098	138	0.722098	56	0.62616	58
0.059	0.361049	69	0.722098	138	0.722098	138	0.722098	56	0.701329	58
0.06	0.361049	69	0.722098	138	0.722098	138	0.722098	55	0.722098	57
0.061	0.361049	69	0.722098	138	0.722098	138	0.722098	55	0.722098	57
0.062	0.361049	69	0.722098	138	0.722098	138	0.722098	53	0.722098	56
0.063	0.361049	69	0.722098	138	0.722098	138	0.722098	48	0.722098	56
0.064	0.361049	69	0.722098	138	0.722098	138	0.722098	46	0.722098	56
0.065	0.361049	69	0.722098	138	0.722098	138	0.722098	46	0.722098	56
0.066	0.361049	69	0.722098	138	0.722098	138	0.722098	46	0.722098	56
0.067	0.361049	69	0.722098	138	0.722098	138	0.722098	46	0.722098	56
0.068	0.361049	69	0.722098	138	0.722098	138	0.722098	46	0.722098	56
0.069	0.361049	69	0.722098	138	0.722098	138	0.722098	46	0.722098	55
0.07	0.361049	69	0.722098	138	0.722098	138	0.722098	46	0.722098	55
0.071	0.361049	69	0.722098	138	0.722098	138	0.722098	46	0.722098	55
0.072	0.361049	69	0.722098	138	0.722098	138	0.722098	46	0.722098	55
0.073	0.361049	69	0.722098	138	0.722098	138	0.722098	46	0.722098	55
0.074	0.361049	69	0.722098	138	0.722098	138	0.722098	45	0.722098	55
0.075	0.361049	69	0.722098	138	0.722098	138	0.722098	45	0.722098	55
0.076	0.361049	69	0.722098	138	0.722098	138	0.722098	45	0.722098	55
0.077	0.361049	69	0.722098	138	0.722098	138	0.722098	45	0.722098	55
0.078	0.361049	69	0.722098	138	0.722098	138	0.722098	45	0.722098	55
0.079	0.361049	69	0.722098	138	0.722098	138	0.722098	45	0.722098	55
0.08	0.361049	69	0.722098	138	0.722098	138	0.722098	45	0.722098	55
0.081	0.361049	69	0.722098	138	0.722098	138	0.722098	45	0.722098	55
0.082	0.361049	69	0.722098	138	0.722098	138	0.722098	45	0.722098	55
0.083	0.361049	69	0.722098	138	0.722098	138	0.722098	45	0.722098	55
0.084	0.361049	69	0.722098	138	0.722098	138	0.722098	45	0.722098	55
0.085	0.361049	69	0.722098	138	0.722098	138	0.722098	45	0.722098	55
0.086	0.361049	69	0.722098	138	0.722098	138	0.722098	45	0.722098	55
0.087	0.361049	69	0.722098	138	0.722098	138	0.722098	45	0.722098	55
0.088	0.361049	69	0.722098	138	0.722098	138	0.722098	45	0.722098	54
0.089	0.361049	69	0.722098	138	0.722098	71	0.722098	45	0.722098	54
0.09	0.361049	69	0.722098	138	0.722098	138	0.722098	45	0.722098	54
0.091	0.361049	69	0.722098	138	0.722098	138	0.722098	45	0.722098	54
0.092	0.361049	69	0.722098	138	0.722098	138	0.722098	45	0.722098	54
0.093	0.361049	69	0.722098	138	0.722098	138	0.722098	45	0.722098	54
0.094	0.361049	69	0.722098	138	0.722098	138	0.722098	45	0.722098	54
0.095	0.361049	69	0.722098	138	0.722098	138	0.722098	45	0.722098	54
0.096	0.361049	69	0.722098	138	0.722098	138	0.722098	44	0.722098	54
0.097	0.361049	69	0.722098	138	0.722098	138	0.722098	44	0.722098	54
0.098	0.361049	69	0.722098	138	0.722098	138	0.722098	44	0.722098	54
0.099	0.361049	69	0.722098	138	0.722098	138	0.722098	44	0.722098	54
0.1	0.361049	69	0.722098	138	0.722098	138	0.722098	44	0.722098	54
0.101	0.361049	69	0.722098	138	0.722098	138	0.722098	44	0.722098	54
0.102	0.361049	69	0.722098	112	0.722098	138	0.722098	45	0.722098	54
0.103	0.361049	69	0.722098	66	0.722098	138	0.722098	45	0.722098	54
0.104	0.361049	69	0.722098	55	0.722098	138	0.722098	45	0.722098	54
0.105	0.361049	69	0.722098	50	0.722098	138	0.722098	44	0.722098	54
0.106	0.361049	69	0.675922	48	0.722098	138	0.722098	43	0.722098	54
0.107	0.361049	69	0.432854	46	0.722098	138	0.722098	43	0.722098	54
0.108	0.361049	69	0.51113	44	0.722098	138	0.722098	42	0.722098	54
0.109	0.361049	69	0.722098	45	0.722098	138	0.722098	42	0.722098	54
0.11	0.361049	69	0.722098	47	0.722098	138	0.722098	41	0.722098	54
0.111	0.361049	69	0.722098	46	0.722098	138	0.722098	41	0.722098	54
0.112	0.361049	69	0.722098	52	0.722098	138	0.722098	41	0.722098	54
0.113	0.361049	69	0.722098	58	0.722098	138	0.722098	40	0.722098	54
0.114	0.361049	69	0.722098	60	0.722098	138	0.722098	40	0.722098	54
0.115	0.361049	69	0.722098	60	0.722098	138	0.722098	40	0.722098	54
0.116	0.361049	69	0.722098	65	0.722098	138	0.722098	40	0.722098	54
0.117	0.361049	69	0.722098	138	0.722098	138	0.722098	39	0.722098	54
0.118	0.361049	69	0.722098	138	0.722098	138	0.722098	39	0.722098	54
0.119	0.361049	69	0.722098	138	0.722098	138	0.722098	39	0.722098	54
0.12	0.361049	69	0.722098	138	0.722098	138	0.722098	39	0.722098	54
0.121	0.361049	69	0.722098	138	0.722098	138	0.722098	39	0.722098	54
0.122	0.361049	69	0.722098	138	0.722098	138	0.722098	39	0.722098	54
0.123	0.361049	69	0.722098	138	0.722098	138	0.722098	39	0.722098	54
0.124	0.361049	69	0.722098	138	0.722098	74	0.722098	39	0.722098	54
0.125	0.361049	69	0.722098	138	0.722098	75	0.722098	39	0.722098	54
0.126	0.361049	69	0.722098	138	0.722098	76	0.722098	39	0.722098	54
0.127	0.361049	69	0.722098	138	0.722098	77	0.722098	39	0.722098	54
0.128	0.361049	69	0.722098	138	0.722098	78	0.722098	39	0.722098	54
0.129	0.361049	69	0.722098	138	0.722098	79	0.722098	39	0.722098	54
0.13	0.361049	69	0.722098	138	0.722098	79	0.722098	39	0.722098	54
0.131	0.361049	69	0.722098	138	0.722098	63	0.722098	39	0.722098	54
0.132	0.361049	69	0.722098	138	0.722098	62	0.722098	39	0.722098	54
0.133	0.361049	69	0.722098	138	0.722098	64	0.722098	39	0.722098	54
0.134	0.361049	69	0.722098	138	0.722098	59	0.722098	40	0.722098	54
0.135	0.361049	69	0.722098	138	0.722098	66	0.722098	138	0.722098	138
0.136	0.361049	69	0.722098	138	0.722098	138	0.722098	138	0.722098	138
0.137	0.361049	69	0.722098	138	0.722098	138	0.722098	138	0.722098	138
0.138	0.361049	69	0.722098	138	0.722098	138	0.722098	138	0.722098	138
0.139	0.361049	69	0.722098	52	0.722098	138	0.722098	138	0.722098	138
0.14	0.361049	69	0.722098	49	0.722098	138	0.722098	138	0.722098	138
0.141	0.361049	69	0.600782	49	0.722098	138	0.722098	138	0.722098	138
0.142	0.361049	69	0.482744	49	0.722098	138	0.722098	138	0.722098	138
0.143	0.361049	69	0.426947	52	0.722098	138	0.722098	138	0.722098	138
0.144	0.361049	69	0.468526	138	0.722098	138	0.722098	138	0.722098	138
0.145	0.361049	69	0.598007	49	0.722098	138	0.722098	138	0.722098	138
0.146	0.361049	69	0.722098	47	0.722098	138	0.722098	138	0.722098	138
0.147	0.361049	69	0.722098	46	0.722098	138	0.722098	138	0.722098	138
0.148	0.361049	69	0.722098	44	0.722098	138	0.722098	138	0.722098	138
0.149	0.361049	69	0.722098	44	0.722098	138	0.722098	138	0.722098	138
0.15	0.361049	69	0.722098	44	0.722098	138	0.722098	138	0.722098	138
0.151	0.361049	69	0.722098	45	0.722098	138	0.722098	138	0.722098	138
0.152	0.361049	69	0.722098	46	0.722098	138	0.722098	138	0.722098	138
0.153	0.361049	69	0.722098	59	0.722098	138	0.722098	138	0.722098	138
0.154	0.361049	69	0.57091	59	0.722098	138	0.722098	138	0.722098	138
0.155	0.361049	69	0.388898	59	0.722098	138	0.722098	138	0.722098	138
0.156	0.361049	69	0.265149	56	0.722098	138	0.722098	138	0.722098	138
0.157	0.361049	69	0.315718	56	0.722098	138	0.722098	138	0.722098	138
0.158	0.361049	69	0.509609	55	0.722098	138	0.722098	138	0.722098	138
0.159	0.361049	69	0.722098	54	0.722098	138	0.722098	138	0.722098	138
0.16	0.361049	69	0.722098	53	0.722098	138	0.722098	138	0.722098	138
0.161	0.361049	69	0.722098	54	0.722098	138	0.722098	138	0.722098	138
0.162	0.361049	69	0.722098	55	0.722098	138	0.722098	138	0.722098	138
0.163	0.361049	69	0.722098	56	0.722098	138	0.722098	138	0.722098	138
0.164	0.361049	69	0.722098	56	0.722098	79	0.722098	138	0.722098	138
0.165	0.361049	69	0.722098	58	0.722098	74	0.722098	138	0.722098	138
0.166	0.361049	69	0.722098	59	0.722098	70	0.722098	138	0.722098	138
0.167	0.361049	69	0.722098	59	0.722098	67	0.722098	138	0.722098	138
0.168	0.361049	69	0.722098	59	0.722098	61	0.722098	138	0.722098	138
0.169	0.361049	69	0.722098	60	0.722098	138	0.722098	138	0.722098	138
0.17	0.361049	69	0.722098	63	0.722098	138	0.722098	138	0.722098	138
0.171	0.361049	69	0.722098	138	0.722098	138	0.722098	138	0.722098	138
0.172	0.361049	69	0.722098	138	0.722098	138	0.722098	138	0.722098	138
0.173	0.361049	69	0.722098	138	0.722098	59	0.722098	138	0.722098	138
0.174	0.361049	69	0.722098	138	0.722098	60	0.722098	138	0.722098	138
0.175	0.361049	69	0.722098	62	0.722098	56	0.722098	138	0.722098	138
0.176	0.361049	69	0.722098	64	0.722098	54	0.722098	138	0.722098	138
0.177	0.361049	69	0.722098	61	0.722098	53	0.722098	138	0.722098	138
0.178	0.361049	69	0.722098	62	0.639789	62	0.722098	138	0.722098	138
0.179	0.361049	69	0.722098	61	0.585149	57	0.722098	138	0.722098	138
0.18	0.361049	69	0.722098	61	0.625059	57	0.722098	138	0.722098	138
0.181	0.361049	69	0.722098	59	0.500659	58	0.722098	138	0.722098	138
0.182	0.361049	69	0.722098	59	0.587487	60	0.722098	138	0.722098	138
0.183	0.361049	69	0.722098	60	0.497241	50	0.722098	138	0.722098	138
0.184	0.361049	69	0.722098	61	0.630242	50	0.722098	138	0.722098	138
0.185	0.361049	69	0.722098	61	0.531011	50	0.722098	138	0.722098	138
0.186	0.361049	69	0.722098	61	0.483478	50	0.722098	138	0.722098	138
0.187	0.361049	69	0.722098	63	0.722098	46	0.722098	138	0.722098	138
0.188	0.361049	69	0.645498	79	0.722098	46	0.722098	138	0.722098	138
0.189	0.361049	69	0.555304	77	0.722098	46	0.722098	138	0.722098	138
0.19	0.361049	69	0.477925	66	0.619121	46	0.722098	138	0.722098	138
0.191	0.361049	69	0.423204	63	0.502416	46	0.722098	138	0.722098	138
0.192	0.361049	69	0.403704	66	0.42442	46	0.722098	138	0.722098	138
0.193	0.361049	69	0.427656	64	0.42289	46	0.722098	138	0.722098	138
0.194	0.361049	69	0.491973	58	0.513521	46	0.722098	138	0.722098	138
0.195	0.361049	69	0.586529	57	0.67334	47	0.722098	138	0.722098	138
0.196	0.361049	69	0.702056	57	0.722098	47	0.722098	138	0.722098	138
0.197	0.361049	69	0.722098	56	0.677338	61	0.722098	138	0.722098	138
0.198	0.361049	69	0.722098	56	0.722098	59	0.722098	138	0.722098	138
0.199	0.361049	69	0.722098	55	0.708727	59	0.722098	138	0.722098	138
0.2	0.361049	69	0.722098	54	0.722098	58	0.722098	138	0.722098	138
0.201	0.361049	69	0.722098	54	0.722098	57	0.722098	138	0.722098	138
0.202	0.361049	69	0.722098	54	0.722098	56	0.722098	138	0.722098	138
0.203	0.361049	69	0.722098	53	0.722098	56	0.722098	138	0.722098	138
0.204	0.361049	69	0.722098	54	0.722098	55	0.722098	138	0.722098	138
0.205	0.361049	69	0.722098	54	0.722098	57	0.722098	138	0.722098	138
0.206	0.361049	69	0.722098	54	0.722098	57	0.722098	138	0.722098	138
0.207	0.361049	69	0.722098	55	0.722098	57	0.722098	138	0.722098	138
0.208	0.361049	69	0.722098	55	0.722098	57	0.722098	138	0.722098	138
0.209	0.361049	69	0.722098	55	0.722098	63	0.722098	138	0.722098	138
0.21	0.361049	69	0.722098	71	0.722098	69	0.722098	138	0.722098	138
0.211	0.361049	69	0.722098	81	0.722098	73	0.722098	138	0.722098	138
0.212	0.361049	69	0.722098	75	0.722098	66	0.722098	138	0.722098	138
0.213	0.361049	69	0.722098	72	0.722098	68	0.722098	138	0.722098	138
0.214	0.361049	69	0.722098	79	0.722098	74	0.722098	138	0.722098	138
0.215	0.361049	69	0.722098	70	0.722098	79	0.722098	138	0.722098	138
0.216	0.361049	69	0.722098	75	0.722098	73	0.722098	138	0.722098	138
0.217	0.361049	69	0.722098	74	0.722098	74	0.722098	138	0.722098	138
0.218	0.361049	69	0.722098	72	0.722098	56	0.722098	138	0.722098	138
0.219	0.361049	69	0.722098	75	0.722098	56	0.722098	138	0.722098	138
0.22	0.361049	69	0.722098	77	0.722098	56	0.722098	138	0.722098	138
0.221	0.361049	69	0.722098	79	0.722098	58	0.722098	138	0.722098	138
0.222	0.361049	69	0.722098	81	0.722098	61	0.722098	138	0.722098	138
0.223	0.361049	69	0.722098	82	0.722098	64	0.722098	138	0.722098	138
0.224	0.361049	69	0.722098	84	0.722098	64	0.722098	138	0.722098	138
0.225	0.361049	69	0.722098	87	0.722098	64	0.722098	138	0.722098	118
0.226	0.361049	69	0.722098	89	0.722098	66	0.722098	138	0.722098	138
0.227	0.361049	69	0.722098	92	0.722098	73	0.722098	138	0.722098	138
0.228	0.361049	69	0.722098	97	0.722098	73	0.722098	138	0.722098	94
0.229	0.361049	69	0.722098	101	0.722098	72	0.722098	138	0.722098	138
0.23	0.361049	69	0.722098	106	0.722098	78	0.722098	138	0.722098	138
0.231	0.361049	69	0.722098	113	0.722098	66	0.722098	138	0.722098	138
0.232	0.361049	69	0.722098	120	0.722098	56	0.722098	138	0.722098	138
0.233	0.361049	69	0.722098	135	0.722098	56	0.722098	138	0.722098	138
0.234	0.361049	69	0.722098	138	0.722098	56	0.722098	138	0.722098	138
0.235	0.361049	69	0.722098	138	0.722098	55	0.722098	138	0.722098	138
0.236	0.361049	69	0.722098	83	0.722098	55	0.722098	138	0.722098	138
0.237	0.361049	69	0.722098	78	0.722098	138	0.722098	138	0.722098	128
0.238	0.361049	69	0.722098	82	0.722098	138	0.722098	138	0.722098	138
0.239	0.361049	69	0.722098	78	0.722098	138	0.722098	138	0.722098	124
0.24	0.361049	69	0.722098	78	0.722098	138	0.722098	138	0.722098	138
0.241	0.361049	69	0.722098	79	0.722098	138	0.722098	138	0.722098	130
0.242	0.361049	69	0.722098	138	0.722098	138	0.722098	138	0.722098	138
0.243	0.361049	69	0.722098	138	0.722098	138	0.722098	138	0.722098	94
0.244	0.361049	69	0.722098	138	0.722098	138	0.722098	138	0.722098	94
0.245	0.361049	69	0.722098	138	0.722098	138	0.722098	138	0.722098	138
0.246	0.361049	69	0.722098	74	0.722098	138	0.722098	138	0.722098	138
0.247	0.361049	69	0.722098	76	0.64638	68	0.722098	138	0.722098	138
0.248	0.361049	69	0.722098	138	0.55234	71	0.722098	138	0.722098	138
0.249	0.361049	69	0.722098	138	0.45998	78	0.722098	138	0.722098	138
0.25	0.361049	69	0.722098	138	0.372458	66	0.722098	138	0.722098	138
0.251	0.361049	69	0.722098	138	0.296826	65	0.722098	138	0.722098	138
0.252	0.361049	69	0.722098	138	0.601618	67	0.722098	138	0.722098	138
0.253	0.361049	69	0.722098	115	0.513151	66	0.722098	138	0.722098	138
0.254	0.361049	69	0.722098	87	0.425745	65	0.722098	138	0.718833	138
0.255	0.361049	69	0.722098	93	0.341833	64	0.722098	138	0.701883	138
0.256	0.361049	69	0.722098	91	0.267065	65	0.722098	138	0.685077	138
0.257	0.361049	69	0.722098	81	0.214581	61	0.722098	138	0.668414	138
0.258	0.361049	69	0.722098	84	0.206234	59	0.722098	138	0.651896	138
0.259	0.361049	69	0.722098	80	0.415586	81	0.722098	138	0.668381	138
0.26	0.361049	69	0.722098	80	0.343848	71	0.722098	138	0.651641	138
0.261	0.361049	69	0.722098	80	0.298519	72	0.722098	138	0.635061	138
0.262	0.361049	69	0.722098	77	0.295615	67	0.722098	138	0.618643	138
0.263	0.361049	69	0.722098	76	0.339618	65	0.722098	138	0.602388	138
0.264	0.361049	69	0.722098	76	0.418976	63	0.722098	138	0.586297	138
0.265	0.361049	69	0.722098	81	0.520466	63	0.722098	138	0.570372	138
0.266	0.361049	69	0.722098	73	0.636107	63	0.722098	138	0.554616	138
0.267	0.361049	69	0.722098	70	0.722098	60	0.722098	138	0.539031	138
0.268	0.361049	69	0.722098	67	0.722098	59	0.722098	138	0.52362	138
0.269	0.361049	69	0.722098	64	0.498532	60	0.722098	138	0.508387	138
0.27	0.361049	69	0.722098	64	0.583232	61	0.722098	138	0.493335	138
0.271	0.361049	69	0.702134	64	0.681929	60	0.722098	138	0.47847	138
0.272	0.361049	69	0.630165	68	0.365857	63	0.722098	138	0.463796	138
0.273	0.361049	69	0.559533	66	0.423956	61	0.722098	138	0.454955	86
0.274	0.361049	69	0.491437	64	0.501351	60	0.722098	138	0.440587	138
0.275	0.361049	69	0.427863	64	0.592183	59	0.722098	138	0.42643	138
0.276	0.361049	69	0.372107	63	0.692759	57	0.722098	138	0.412492	138
0.277	0.361049	69	0.329361	63	0.722098	57	0.722098	138	0.398782	138
0.278	0.361049	69	0.306522	63	0.722098	57	0.722098	138	0.385311	75
0.279	0.361049	69	0.309543	63	0.722098	56	0.722098	138	0.37209	138
0.28	0.361049	69	0.33921	62	0.722098	56	0.722098	138	0.359133	138
0.281	0.361049	69	0.390884	62	0.722098	56	0.722098	138	0.346456	95
0.282	0.361049	69	0.45847	61	0.722098	56	0.722098	138	0.334074	92
0.283	0.361049	69	0.537202	61	0.722098	56	0.722098	138	0.322008	104
0.284	0.361049	69	0.624021	60	0.722098	56	0.722098	138	0.310278	83
0.285	0.361049	69	0.717091	59	0.722098	56	0.722098	138	0.29891	91
0.286	0.361049	69	0.722098	59	0.722098	56	0.722098	138	0.287929	88
0.287	0.361049	69	0.722098	59	0.281537	58	0.722098	138	0.277366	89
0.288	0.361049	69	0.722098	59	0.334281	60	0.722098	138	0.267254	85
0.289	0.361049	69	0.722098	59	0.289505	59	0.722098	138	0.257732	78
0.29	0.361049	69	0.722098	58	0.258147	58	0.722098	117	0.248626	86
0.291	0.361049	69	0.722098	58	0.246531	58	0.722098	138	0.240089	84
0.292	0.361049	69	0.722098	58	0.258503	58	0.722098	104	0.232164	67
0.293	0.361049	69	0.722098	60	0.292276	57	0.722098	138	0.2249	72
0.294	0.361049	69	0.722098	60	0.342465	57	0.722098	138	0.218344	71
0.295	0.361049	69	0.722098	60	0.301291	57	0.722098	90	0.212543	71
0.296	0.361049	69	0.722098	61	0.324798	57	0.715945	136	0.207542	71
0.297	0.361049	69	0.722098	61	0.363049	57	0.679608	138	0.203382	71
0.298	0.361049	69	0.722098	61	0.412672	57	0.643592	106	0.200096	71
0.299	0.361049	69	0.722098	63	0.470755	57	0.608965	96	0.197709	70
0.3	0.361049	69	0.722098	63	0.535184	56	0.575236	138	0.196236	71
0.301	0.361049	69	0.722098	63	0.604542	56	0.542409	138	0.19568	72
0.302	0.361049	69	0.479189	62	0.677902	56	0.510532	138	0.196031	72
0.303	0.361049	69	0.442225	60	0.722098	56	0.479549	138	0.197266	72
0.304	0.361049	69	0.409962	60	0.722098	56	0.449543	138	0.199352	72
0.305	0.361049	69	0.38381	60	0.722098	56	0.420565	86	0.202247	70
0.306	0.361049	69	0.365333	60	0.722098	56	0.392686	81	0.2059	69
0.307	0.361049	69	0.355994	60	0.722098	56	0.366002	82	0.210258	68
0.308	0.361049	69	0.356794	59	0.722098	56	0.340622	81	0.215261	68
0.309	0.361049	69	0.367954	59	0.722098	56	0.316705	80	0.220853	68
0.31	0.361049	69	0.388868	58	0.722098	56	0.294443	81	0.226977	68
0.311	0.361049	69	0.418356	58	0.722098	56	0.274071	80	0.233576	67
0.312	0.361049	69	0.455026	57	0.722098	55	0.255872	79	0.240601	67
0.313	0.361049	69	0.497555	57	0.722098	55	0.240169	78	0.248003	67
0.314	0.361049	69	0.544826	57	0.722098	55	0.227307	78	0.255738	67
0.315	0.361049	69	0.595956	57	0.722098	55	0.21762	79	0.263766	68
0.316	0.361049	69	0.650274	57	0.709848	55	0.211378	78	0.272051	68
0.317	0.361049	69	0.707275	57	0.722098	55	0.20873	77	0.280561	67
0.318	0.361049	69	0.722098	57	0.583893	55	0.209657	76	0.289265	67
0.319	0.361049	69	0.722098	56	0.590391	55	0.213972	75	0.298138	68
0.32	0.361049	69	0.722098	56	0.601747	55	0.221343	75	0.307158	68
0.321	0.361049	69	0.722098	56	0.617852	55	0.231358	74	0.316302	68
0.322	0.361049	69	0.722098	55	0.638508	55	0.243582	74	0.325554	66
0.323	0.361049	69	0.722098	55	0.663454	55	0.2576	73	0.334896	66
0.324	0.361049	69	0.722098	55	0.692391	55	0.273047	73	0.344313	67
0.325	0.361049	69	0.722098	55	0.722098	55	0.289613	72	0.353793	66
0.326	0.361049	69	0.416712	63	0.722098	55	0.307043	72	0.363325	66
0.327	0.361049	69	0.392611	63	0.722098	55	0.325131	71	0.372897	66
0.328	0.361049	69	0.376232	64	0.722098	55	0.343712	71	0.382502	65
0.329	0.361049	69	0.368858	64	0.722098	55	0.362656	71	0.39213	65
0.33	0.361049	69	0.371291	62	0.722098	55	0.387264	70	0.401774	65
0.331	0.361049	69	0.383615	62	0.722098	55	0.406622	70	0.411428	65
0.332	0.361049	69	0.405196	62	0.722098	55	0.426111	70	0.421085	65
0.333	0.361049	69	0.434924	62	0.722098	55	0.445673	70	0.430741	65
0.334	0.361049	69	0.471515	61	0.722098	55	0.465261	70	0.440391	65
0.335	0.361049	69	0.513756	61	0.722098	55	0.484837	70	0.450029	65
0.336	0.361049	69	0.56061	61	0.722098	55	0.5027	69	0.459654	64
0.337	0.361049	69	0.611253	60	0.722098	55	0.522181	68	0.46926	64
0.338	0.361049	69	0.665045	60	0.722098	55	0.541575	68	0.478845	64
0.339	0.361049	69	0.721504	60	0.722098	55	0.560866	67	0.488406	64
0.34	0.361049	69	0.722098	59	0.722098	55	0.58004	67	0.497941	63
0.341	0.361049	69	0.722098	59	0.722098	55	0.599084	67	0.507446	63
0.342	0.361049	69	0.722098	59	0.722098	55	0.617885	66	0.516921	63
0.343	0.361049	69	0.70873	65	0.722098	55	0.636646	65	0.526362	63
0.344	0.361049	69	0.680119	64	0.722098	55	0.655254	65	0.535769	63
0.345	0.361049	69	0.652891	63	0.722098	54	0.673706	65	0.545139	63
0.346	0.361049	69	0.627251	63	0.722098	54	0.691997	65	0.554472	63
0.347	0.361049	69	0.603427	63	0.722098	54	0.710123	65	0.563766	63
0.348	0.361049	69	0.581671	63	0.722098	54	0.722098	64	0.573019	63
0.349	0.361049	69	0.562253	63	0.722098	54	0.722098	64	0.582231	63
0.35	0.361049	69	0.545458	62	0.722098	54	0.722098	64	0.591401	63
0.351	0.361049	69	0.531568	62	0.722098	54	0.722098	64	0.600528	63
0.352	0.361049	69	0.520855	62	0.722098	54	0.722098	64	0.609611	63
0.353	0.361049	69	0.513556	61	0.722098	54	0.722098	64	0.618649	63
0.354	0.361049	69	0.50986	60	0.722098	54	0.722098	63	0.627642	62
0.355	0.361049	69	0.50989	59	0.722098	54	0.722098	62	0.63659	62
0.356	0.361049	69	0.513689	59	0.722098	54	0.722098	62	0.64549	62
0.357	0.361049	69	0.52122	59	0.719415	115	0.722098	62	0.654344	62
0.358	0.361049	69	0.532373	58	0.486252	138	0.722098	62	0.66315	62
0.359	0.361049	69	0.546973	58	0.52862	138	0.722098	62	0.671909	62
0.36	0.361049	69	0.564801	58	0.543907	87	0.722098	61	0.68062	61
0.361	0.361049	69	0.585609	57	0.565972	75	0.722098	61	0.689282	61
0.362	0.361049	69	0.60914	57	0.594231	71	0.722098	61	0.697895	61
0.363	0.361049	69	0.635138	57	0.628018	70	0.722098	61	0.70646	61
0.364	0.361049	69	0.663362	57	0.666666	69	0.722098	61	0.714975	61
0.365	0.361049	69	0.693586	57	0.709553	67	0.722098	61	0.722098	61
0.366	0.361049	69	0.722098	57	0.537335	138	0.722098	60	0.722098	61
0.367	0.361049	69	0.722098	57	0.496953	138	0.722098	60	0.722098	61
0.368	0.361049	69	0.722098	57	0.457472	138	0.722098	60	0.722098	61
0.369	0.361049	69	0.722098	57	0.419183	138	0.722098	60	0.722098	61
0.37	0.361049	69	0.722098	57	0.382477	110	0.722098	60	0.722098	61
0.371	0.361049	69	0.722098	57	0.347901	79	0.722098	60	0.722098	61
0.372	0.361049	69	0.722098	57	0.316211	103	0.722098	59	0.722098	61
0.373	0.361049	69	0.722098	56	0.288431	78	0.722098	59	0.722098	60
0.374	0.361049	69	0.722098	56	0.265872	77	0.722098	59	0.722098	60
0.375	0.361049	69	0.722098	56	0.250045	67	0.722098	59	0.722098	60
0.376	0.361049	69	0.722098	56	0.242381	70	0.722098	59	0.722098	60
0.377	0.361049	69	0.722098	56	0.243764	71	0.722098	58	0.722098	60
0.378	0.361049	69	0.722098	56	0.254164	68	0.722098	58	0.722098	60
0.379	0.361049	69	0.722098	56	0.272666	67	0.722098	58	0.722098	60
0.38	0.361049	69	0.722098	55	0.297876	67	0.722098	58	0.722098	60
0.381	0.361049	69	0.722098	55	0.328363	66	0.722098	58	0.722098	59
0.382	0.361049	69	0.722098	55	0.362902	65	0.722098	58	0.722098	59
0.383	0.361049	69	0.722098	55	0.400547	64	0.722098	58	0.722098	59
0.384	0.361049	69	0.722098	55	0.722098	138	0.722098	58	0.722098	59
0.385	0.361049	69	0.722098	55	0.722098	138	0.722098	58	0.722098	59
0.386	0.361049	69	0.722098	55	0.722098	138	0.722098	58	0.722098	59
0.387	0.361049	69	0.722098	55	0.722098	138	0.722098	58	0.722098	59
0.388	0.361049	69	0.722098	55	0.692247	138	0.722098	58	0.722098	59
0.389	0.361049	69	0.722098	55	0.722098	138	0.722098	58	0.722098	59
0.39	0.361049	69	0.722098	55	0.722098	138	0.722098	58	0.722098	59
0.391	0.361049	69	0.722098	55	0.722098	138	0.722098	58	0.722098	59
0.392	0.361049	69	0.722098	55	0.692967	138	0.722098	58	0.722098	59
0.393	0.361049	69	0.722098	55	0.650398	138	0.722098	58	0.722098	59
0.394	0.361049	69	0.722098	55	0.608774	138	0.722098	57	0.722098	59
0.395	0.361049	69	0.722098	55	0.568323	138	0.722098	57	0.722098	59
0.396	0.361049	69	0.722098	55	0.579379	138	0.722098	57	0.722098	59
0.397	0.361049	69	0.722098	55	0.539219	138	0.722098	57	0.722098	59
0.398	0.361049	69	0.722098	55	0.501025	138	0.722098	57	0.722098	59
0.399	0.361049	69	0.722098	55	0.465297	138	0.722098	57	0.722098	59
0.4	0.361049	69	0.722098	55	0.432679	138	0.722098	57	0.722098	59
0.401	0.361049	69	0.722098	55	0.403962	138	0.722098	57	0.722098	59
0.402	0.361049	69	0.722098	55	0.380084	138	0.722098	57	0.722098	59
0.403	0.361049	69	0.722098	55	0.363922	138	0.722098	57	0.722098	59
0.404	0.361049	69	0.722098	55	0.352417	108	0.722098	57	0.722098	59
0.405	0.361049	69	0.722098	55	0.34847	130	0.722098	57	0.722098	59
0.406	0.361049	69	0.722098	55	0.352425	88	0.722098	57	0.722098	59
0.407	0.361049	69	0.722098	55	0.364118	94	0.722098	57	0.722098	59
0.408	0.361049	69	0.722098	55	0.382939	94	0.722098	57	0.722098	59
0.409	0.361049	69	0.722098	55	0.408003	74	0.722098	57	0.722098	59
0.41	0.361049	69	0.722098	55	0.438321	94	0.722098	57	0.722098	59
0.411	0.361049	69	0.722098	55	0.473016	138	0.722098	57	0.722098	59
0.412	0.361049	69	0.722098	55	0.411221	138	0.722098	57	0.722098	59
0.413	0.361049	69	0.722098	63	0.432522	138	0.722098	57	0.722098	59
0.414	0.361049	69	0.722098	63	0.458387	138	0.722098	57	0.722098	59
0.415	0.361049	69	0.722098	63	0.488169	138	0.722098	57	0.722098	58
0.416	0.361049	69	0.722098	68	0.233653	138	0.722098	57	0.722098	58
0.417	0.361049	69	0.722098	67	0.722098	138	0.722098	57	0.722098	58
0.418	0.361049	69	0.722098	68	0.722098	138	0.722098	57	0.722098	58
0.419	0.361049	69	0.722098	68	0.722098	138	0.722098	57	0.722098	58
0.42	0.361049	69	0.722098	67	0.722098	138	0.722098	57	0.722098	58
0.421	0.361049	69	0.722098	67	0.722098	138	0.722098	57	0.722098	58
0.422	0.361049	69	0.708488	67	0.722098	138	0.722098	57	0.722098	58
0.423	0.361049	69	0.692874	67	0.702775	138	0.722098	57	0.722098	58
0.424	0.361049	69	0.678284	67	0.66917	138	0.722098	57	0.722098	58
0.425	0.361049	69	0.664797	66	0.63651	138	0.722098	57	0.722098	58
0.426	0.361049	69	0.652448	66	0.722098	138	0.722098	56	0.722098	58
0.427	0.361049	69	0.641319	66	0.707586	138	0.722098	56	0.722098	58
0.428	0.361049	69	0.631469	66	0.675373	138	0.722098	56	0.722098	58
0.429	0.361049	69	0.622959	66	0.64389	97	0.722098	56	0.722098	58
0.43	0.361049	69	0.615843	64	0.654039	86	0.722098	56	0.722098	58
0.431	0.361049	69	0.610167	64	0.62249	96	0.722098	56	0.722098	58
0.432	0.361049	69	0.60597	64	0.591988	84	0.722098	56	0.722098	58
0.433	0.361049	69	0.603283	64	0.562702	82	0.722098	56	0.722098	58
0.434	0.361049	69	0.602124	64	0.534837	138	0.722098	56	0.722098	58
0.435	0.361049	69	0.602501	63	0.508634	83	0.722098	56	0.722098	58
0.436	0.361049	69	0.604411	62	0.484373	83	0.722098	56	0.722098	58
0.437	0.361049	69	0.607838	62	0.462372	84	0.722098	56	0.722098	58
0.438	0.361049	69	0.612758	62	0.445663	80	0.722098	56	0.722098	58
0.439	0.361049	69	0.619133	62	0.429015	76	0.722098	56	0.722098	58
0.44	0.361049	69	0.626921	62	0.415719	78	0.722098	56	0.722098	58
0.441	0.361049	69	0.636068	61	0.406131	79	0.722098	56	0.722098	58
0.442	0.361049	69	0.646517	61	0.400545	77	0.722098	56	0.722098	58
0.443	0.361049	69	0.658206	61	0.399161	81	0.722098	56	0.722098	58
0.444	0.361049	69	0.671072	61	0.402058	138	0.722098	56	0.722098	58
0.445	0.361049	69	0.685049	60	0.409181	138	0.722098	56	0.722098	58
0.446	0.361049	69	0.700069	59	0.365106	138	0.722098	56	0.722098	58
0.447	0.361049	69	0.71607	59	0.339472	138	0.722098	56	0.722098	58
0.448	0.361049	69	0.722098	59	0.311816	138	0.722098	56	0.722098	58
0.449	0.361049	69	0.722098	59	0.286117	138	0.722098	56	0.722098	58
0.45	0.361049	69	0.722098	58	0.262965	138	0.722098	56	0.722098	57
0.451	0.361049	69	0.722098	58	0.454462	138	0.722098	56	0.722098	57
0.452	0.361049	69	0.722098	57	0.424264	138	0.722098	56	0.722098	57
0.453	0.361049	69	0.722098	57	0.394495	138	0.722098	56	0.722098	57
0.454	0.361049	69	0.722098	57	0.368716	72	0.722098	56	0.722098	57
0.455	0.361049	69	0.722098	57	0.722098	138	0.722098	56	0.722098	57
0.456	0.361049	69	0.722098	57	0.722098	138	0.722098	56	0.722098	57
0.457	0.361049	69	0.722098	57	0.720447	138	0.722098	56	0.722098	57
0.458	0.361049	69	0.722098	57	0.722098	138	0.722098	56	0.722098	57
0.459	0.361049	69	0.722098	57	0.703348	138	0.722098	56	0.722098	57
0.46	0.361049	69	0.722098	57	0.67494	138	0.722098	56	0.722098	57
0.461	0.361049	69	0.722098	57	0.646778	138	0.722098	56	0.722098	57
0.462	0.361049	69	0.722098	57	0.618888	138	0.722098	56	0.722098	57
0.463	0.361049	69	0.722098	57	0.591303	138	0.722098	56	0.722098	57
0.464	0.361049	69	0.722098	57	0.564064	138	0.722098	56	0.722098	57
0.465	0.361049	69	0.722098	57	0.537217	138	0.722098	56	0.722098	57
0.466	0.361049	69	0.722098	56	0.510822	138	0.722098	56	0.722098	57
0.467	0.361049	69	0.722098	56	0.489141	138	0.722098	56	0.722098	57
0.468	0.361049	69	0.722098	56	0.463732	138	0.722098	56	0.722098	57
0.469	0.361049	69	0.722098	56	0.439028	120	0.722098	56	0.722098	57
0.47	0.361049	69	0.722098	56	0.415151	138	0.722098	56	0.722098	57
0.471	0.361049	69	0.722098	56	0.392253	138	0.722098	56	0.722098	57
0.472	0.361049	69	0.722098	56	0.370514	71	0.722098	56	0.722098	57
0.473	0.361049	69	0.722098	56	0.350149	71	0.722098	56	0.722098	57
0.474	0.361049	69	0.722098	56	0.331414	83	0.722098	56	0.722098	57
0.475	0.361049	69	0.722098	56	0.314602	77	0.722098	56	0.722098	57
0.476	0.361049	69	0.722098	56	0.300077	77	0.722098	56	0.722098	57
0.477	0.361049	69	0.722098	56	0.288106	75	0.722098	56	0.722098	57
0.478	0.361049	69	0.722098	56	0.279071	69	0.722098	56	0.722098	57
0.479	0.361049	69	0.722098	56	0.273269	70	0.722098	56	0.722098	57
0.48	0.361049	69	0.722098	56	0.270916	70	0.722098	56	0.722098	57
0.481	0.361049	69	0.722098	56	0.27211	75	0.722098	56	0.722098	57
0.482	0.361049	69	0.722098	56	0.276814	75	0.722098	56	0.722098	57
0.483	0.361049	69	0.722098	56	0.284863	74	0.722098	56	0.722098	57
0.484	0.361049	69	0.722098	56	0.285453	74	0.722098	56	0.722098	57
0.485	0.361049	69	0.722098	56	0.281253	74	0.722098	56	0.722098	57
0.486	0.361049	69	0.722098	56	0.279981	69	0.722098	56	0.722098	57
0.487	0.361049	69	0.722098	56	0.281678	70	0.722098	56	0.722098	57
0.488	0.361049	69	0.722098	56	0.286296	69	0.722098	56	0.722098	57
0.489	0.361049	69	0.722098	56	0.2937	66	0.722098	56	0.722098	57
0.49	0.361049	69	0.722098	56	0.303692	66	0.722098	56	0.722098	57
0.491	0.361049	69	0.722098	56	0.316032	65	0.722098	56	0.722098	57
0.492	0.361049	69	0.722098	57	0.330459	65	0.722098	56	0.722098	57
0.493	0.361049	69	0.722098	56	0.34672	67	0.722098	56	0.722098	57
0.494	0.361049	69	0.722098	56	0.364574	70	0.722098	56	0.722098	57
0.495	0.361049	69	0.722098	56	0.383804	69	0.722098	56	0.722098	57
0.496	0.361049	69	0.722098	56	0.404218	69	0.722098	56	0.722098	57
0.497	0.361049	69	0.722098	56	0.425652	67	0.722098	56	0.722098	57
0.498	0.361049	69	0.722098	56	0.447964	65	0.722098	56	0.722098	57
0.499	0.361049	69	0.722098	56	0.471035	65	0.722098	56	0.722098	57
0.5	0.361049	69	0.722098	56	0.494763	65	0.722098	56	0.722098	57
0.501	0.361049	69	0.722098	56	0.44425	81	0.722098	56	0.722098	57
0.502	0.361049	69	0.722098	56	0.424647	77	0.722098	56	0.722098	57
0.503	0.361049	69	0.722098	56	0.405382	75	0.722098	56	0.722098	57
0.504	0.361049	69	0.722098	56	0.386502	75	0.722098	56	0.722098	57
0.505	0.361049	69	0.722098	56	0.368063	75	0.722098	56	0.722098	57
0.506	0.361049	69	0.722098	56	0.350129	73	0.722098	56	0.722098	57
0.507	0.361049	69	0.722098	56	0.332781	73	0.722098	56	0.722098	57
0.508	0.361049	69	0.722098	56	0.316103	70	0.722098	56	0.722098	57
0.509	0.361049	69	0.722098	56	0.300219	70	0.722098	56	0.722098	57
0.51	0.361049	69	0.722098	56	0.285249	71	0.722098	56	0.722098	57
0.511	0.361049	69	0.722098	56	0.271342	71	0.722098	56	0.722098	57
0.512	0.361049	69	0.722098	56	0.258665	70	0.722098	56	0.722098	57
0.513	0.361049	69	0.722098	56	0.247403	69	0.722098	56	0.722098	57
0.514	0.361049	69	0.722098	56	0.237754	69	0.722098	56	0.722098	57
0.515	0.361049	69	0.722098	56	0.229919	68	0.722098	56	0.722098	57
0.516	0.361049	69	0.722098	56	0.224084	67	0.722098	56	0.722098	57
0.517	0.361049	69	0.722098	56	0.220404	67	0.722098	56	0.722098	57
0.518	0.361049	69	0.722098	56	0.218986	67	0.722098	56	0.722098	57
0.519	0.361049	69	0.722098	56	0.219871	67	0.722098	56	0.722098	57
0.52	0.361049	69	0.722098	56	0.223028	67	0.722098	56	0.722098	57
0.521	0.361049	69	0.722098	56	0.22836	66	0.722098	56	0.722098	57
0.522	0.361049	69	0.722098	56	0.235718	66	0.722098	56	0.722098	57
0.523	0.361049	69	0.722098	56	0.244917	66	0.722098	56	0.722098	57
0.524	0.361049	69	0.722098	56	0.255757	66	0.722098	56	0.722098	57
0.525	0.361049	69	0.722098	56	0.268036	66	0.722098	56	0.722098	57
0.526	0.361049	69	0.722098	56	0.281566	66	0.722098	56	0.722098	57
0.527	0.361049	69	0.722098	56	0.296172	66	0.722098	56	0.722098	57
0.528	0.361049	69	0.722098	56	0.311703	66	0.722098	56	0.722098	57
0.529	0.361049	69	0.722098	56	0.328026	66	0.722098	56	0.722098	56
0.53	0.361049	69	0.722098	56	0.345027	66	0.722098	56	0.722098	56
0.531	0.361049	69	0.722098	56	0.264299	66	0.722098	56	0.722098	56
0.532	0.361049	69	0.722098	56	0.274727	66	0.722098	56	0.722098	56
0.533	0.361049	69	0.722098	56	0.286289	66	0.722098	56	0.722098	56
0.534	0.361049	69	0.722098	56	0.298847	66	0.722098	56	0.722098	56
0.535	0.361049	69	0.722098	56	0.312278	65	0.722098	56	0.722098	56
0.536	0.361049	69	0.722098	56	0.326471	65	0.722098	56	0.722098	56
0.537	0.361049	69	0.722098	56	0.341327	65	0.722098	56	0.722098	56
0.538	0.361049	69	0.722098	56	0.35676	65	0.722098	56	0.722098	56
0.539	0.361049	69	0.722098	56	0.372696	63	0.722098	56	0.722098	56
0.54	0.361049	69	0.722098	56	0.389069	63	0.722098	56	0.722098	56
0.541	0.361049	69	0.722098	56	0.405824	63	0.722098	56	0.722098	56
0.542	0.361049	69	0.722098	56	0.422912	62	0.722098	56	0.722098	56
0.543	0.361049	69	0.722098	56	0.440292	62	0.722098	56	0.722098	56
0.544	0.361049	69	0.722098	56	0.457929	62	0.722098	56	0.722098	56
0.545	0.361049	69	0.722098	56	0.47579	62	0.722098	56	0.722098	56
0.546	0.361049	69	0.722098	56	0.49385	62	0.722098	56	0.722098	56
0.547	0.361049	69	0.722098	56	0.512084	63	0.722098	56	0.722098	56
0.548	0.361049	69	0.722098	56	0.530473	63	0.722098	56	0.722098	56
0.549	0.361049	69	0.722098	56	0.548998	63	0.722098	56	0.722098	56
0.55	0.361049	69	0.722098	56	0.567644	63	0.722098	56	0.722098	56
0.551	0.361049	69	0.722098	56	0.586396	63	0.722098	56	0.722098	56
0.552	0.361049	69	0.722098	56	0.605244	62	0.722098	56	0.722098	56
0.553	0.361049	69	0.722098	56	0.624175	62	0.722098	56	0.722098	56
0.554	0.361049	69	0.722098	56	0.64318	62	0.722098	56	0.722098	56
0.555	0.361049	69	0.722098	56	0.662251	62	0.722098	56	0.722098	56
0.556	0.361049	69	0.722098	56	0.681379	62	0.722098	56	0.722098	56
0.557	0.361049	69	0.722098	56	0.45512	61	0.722098	56	0.722098	56
0.558	0.361049	69	0.722098	56	0.33311	61	0.722098	56	0.722098	56
0.559	0.361049	69	0.722098	56	0.341766	61	0.722098	56	0.722098	56
0.56	0.361049	69	0.722098	56	0.351024	61	0.722098	56	0.722098	56
0.561	0.361049	69	0.722098	56	0.360832	61	0.722098	56	0.722098	56
0.562	0.361049	69	0.722098	56	0.371143	62	0.722098	56	0.722098	56
0.563	0.361049	69	0.722098	56	0.381914	61	0.722098	56	0.722098	56
0.564	0.361049	69	0.722098	56	0.393103	61	0.722098	56	0.722098	56
0.565	0.361049	69	0.722098	56	0.404671	61	0.722098	56	0.722098	56
0.566	0.361049	69	0.722098	56	0.416584	61	0.722098	56	0.722098	56
0.567	0.361049	69	0.722098	56	0.42881	61	0.722098	56	0.722098	56
0.568	0.361049	69	0.722098	56	0.441319	61	0.722098	56	0.722098	56
0.569	0.361049	69	0.722098	56	0.454085	61	0.722098	56	0.722098	56
0.57	0.361049	69	0.722098	56	0.467083	61	0.722098	56	0.722098	56
0.571	0.361049	69	0.722098	56	0.480291	61	0.722098	56	0.722098	56
0.572	0.361049	69	0.722098	56	0.49369	61	0.722098	56	0.722098	56
0.573	0.361049	69	0.722098	56	0.507262	61	0.722098	56	0.722098	56
0.574	0.361049	69	0.722098	56	0.520989	61	0.722098	56	0.722098	56
0.575	0.361049	69	0.722098	56	0.534857	61	0.722098	56	0.722098	56
0.576	0.361049	69	0.722098	56	0.548852	61	0.722098	56	0.722098	56
0.577	0.361049	69	0.722098	56	0.562963	61	0.722098	56	0.722098	56
0.578	0.361049	69	0.722098	56	0.577177	61	0.722098	56	0.722098	56
0.579	0.361049	69	0.722098	56	0.591484	61	0.722098	56	0.722098	56
0.58	0.361049	69	0.722098	56	0.605875	60	0.722098	56	0.722098	56
0.581	0.361049	69	0.722098	56	0.620342	60	0.722098	56	0.722098	56
0.582	0.361049	69	0.722098	56	0.634875	60	0.722098	56	0.722098	56
0.583	0.361049	69	0.722098	56	0.649469	60	0.722098	56	0.722098	56
0.584	0.361049	69	0.722098	56	0.664116	60	0.722098	56	0.722098	56
0.585	0.361049	69	0.722098	56	0.67881	60	0.722098	56	0.722098	56
0.586	0.361049	69	0.722098	56	0.693546	59	0.722098	56	0.722098	56
0.587	0.361049	69	0.722098	56	0.708318	59	0.722098	56	0.722098	56
0.588	0.361049	69	0.722098	56	0.722098	59	0.722098	56	0.722098	56
0.589	0.361049	69	0.722098	56	0.722098	59	0.722098	56	0.722098	56
0.59	0.361049	69	0.722098	56	0.63275	59	0.722098	56	0.722098	56
0.591	0.361049	69	0.722098	56	0.645794	59	0.722098	56	0.722098	56
0.592	0.361049	69	0.722098	56	0.658893	59	0.722098	56	0.722098	56
0.593	0.361049	69	0.722098	56	0.672041	59	0.722098	56	0.722098	56
0.594	0.361049	69	0.722098	55	0.576997	59	0.722098	56	0.722098	56
0.595	0.361049	69	0.722098	55	0.587718	59	0.722098	56	0.722098	56
0.596	0.361049	69	0.722098	56	0.598545	59	0.722098	56	0.722098	56
0.597	0.361049	69	0.722098	56	0.609469	59	0.722098	56	0.722098	56
0.598	0.361049	69	0.722098	56	0.620483	59	0.722098	56	0.722098	56
0.599	0.361049	69	0.722098	56	0.631578	59	0.722098	56	0.722098	56
0.6	0.361049	69	0.722098	56	0.642749	59	0.722098	56	0.722098	56
0.601	0.361049	69	0.722098	56	0.653988	59	0.722098	56	0.722098	56
0.602	0.361049	69	0.722098	56	0.665289	59	0.722098	56	0.722098	56
0.603	0.361049	69	0.722098	56	0.676647	59	0.722098	56	0.722098	56
0.604	0.361049	69	0.722098	56	0.688056	59	0.722098	56	0.722098	56
0.605	0.361049	69	0.722098	56	0.699511	59	0.722098	56	0.722098	56
0.606	0.361049	69	0.722098	56	0.711007	59	0.722098	56	0.722098	56
0.607	0.361049	69	0.722098	56	0.722098	59	0.722098	56	0.722098	56
0.608	0.361049	69	0.722098	56	0.722098	59	0.722098	56	0.722098	56
0.609	0.361049	69	0.722098	56	0.722098	59	0.722098	56	0.722098	56
0.61	0.361049	69	0.722098	56	0.722098	59	0.722098	56	0.722098	56
0.611	0.361049	69	0.722098	56	0.722098	59	0.722098	56	0.722098	56
0.612	0.361049	69	0.722098	56	0.722098	59	0.722098	56	0.722098	56
0.613	0.361049	69	0.722098	56	0.722098	59	0.722098	56	0.722098	56
0.614	0.361049	69	0.722098	56	0.722098	59	0.722098	56	0.722098	56
0.615	0.361049	69	0.722098	56	0.722098	59	0.722098	56	0.722098	56
0.616	0.361049	69	0.722098	56	0.722098	59	0.722098	56	0.722098	56
0.617	0.361049	69	0.722098	56	0.722098	59	0.722098	56	0.722098	56
0.618	0.361049	69	0.722098	56	0.722098	59	0.722098	56	0.722098	56
0.619	0.361049	69	0.722098	56	0.722098	59	0.722098	56	0.722098	56
0.62	0.361049	69	0.722098	56	0.722098	59	0.722098	56	0.722098	56
0.621	0.361049	69	0.722098	56	0.722098	59	0.722098	56	0.722098	56
0.622	0.361049	69	0.722098	57	0.722098	59	0.722098	56	0.722098	56
0.623	0.361049	69	0.722098	57	0.722098	59	0.722098	56	0.722098	56
0.624	0.361049	69	0.722098	57	0.722098	59	0.722098	56	0.722098	56
0.625	0.361049	69	0.722098	57	0.722098	59	0.722098	56	0.722098	56
0.626	0.361049	69	0.722098	57	0.722098	59	0.722098	56	0.722098	56
0.627	0.361049	69	0.722098	57	0.722098	58	0.722098	56	0.722098	56
0.628	0.361049	69	0.722098	57	0.722098	59	0.722098	56	0.722098	56
0.629	0.361049	69	0.722098	57	0.722098	59	0.722098	56	0.722098	56
0.63	0.361049	69	0.722098	57	0.722098	59	0.722098	56	0.722098	56
0.631	0.361049	69	0.722098	57	0.722098	59	0.722098	56	0.722098	56
0.632	0.361049	69	0.722098	57	0.722098	59	0.722098	56	0.722098	56
0.633	0.361049	69	0.722098	57	0.722098	59	0.722098	56	0.722098	56
0.634	0.361049	69	0.722098	57	0.722098	59	0.722098	56	0.722098	56
0.635	0.361049	69	0.722098	57	0.722098	59	0.722098	56	0.722098	57
0.636	0.361049	69	0.722098	57	0.722098	59	0.722098	56	0.722098	57
0.637	0.361049	69	0.722098	57	0.722098	59	0.722098	56	0.722098	57
0.638	0.361049	69	0.722098	57	0.722098	59	0.722098	138	0.633696	138
0.639	0.361049	69	0.722098	57	0.722098	59	0.722098	138	0.627907	97
0.64	0.361049	69	0.722098	57	0.722098	59	0.722098	98	0.62215	138
0.641	0.361049	69	0.650102	63	0.722098	59	0.722098	138	0.616427	113
0.642	0.361049	69	0.658316	63	0.722098	58	0.722098	138	0.610737	138
0.643	0.361049	69	0.666542	63	0.722098	58	0.722098	138	0.60508	138
0.644	0.361049	69	0.674777	63	0.722098	58	0.722098	138	0.599456	138
0.645	0.361049	69	0.683017	62	0.722098	58	0.722098	138	0.593865	138
0.646	0.361049	69	0.69126	62	0.722098	58	0.722098	138	0.588307	138
0.647	0.361049	69	0.699501	62	0.722098	58	0.722098	138	0.582782	138
0.648	0.361049	69	0.707738	62	0.722098	58	0.722098	138	0.57729	138
0.649	0.361049	69	0.715968	62	0.722098	58	0.722098	138	0.57183	96
0.65	0.361049	69	0.722098	62	0.722098	58	0.722098	138	0.566403	138
0.651	0.361049	69	0.722098	62	0.722098	58	0.722098	138	0.56101	138
0.652	0.361049	69	0.722098	62	0.722098	58	0.722098	138	0.555648	138
0.653	0.361049	69	0.722098	62	0.722098	58	0.722098	138	0.55032	138
0.654	0.361049	69	0.722098	62	0.722098	58	0.722098	138	0.545024	138
0.655	0.361049	69	0.722098	62	0.722098	58	0.722098	138	0.539761	138
0.656	0.361049	69	0.722098	62	0.722098	58	0.722098	138	0.534531	138
0.657	0.361049	69	0.722098	62	0.722098	58	0.722098	138	0.529333	138
0.658	0.361049	69	0.722098	62	0.722098	58	0.722098	138	0.524169	138
0.659	0.361049	69	0.722098	62	0.722098	58	0.722098	138	0.519036	138
0.66	0.361049	69	0.722098	62	0.722098	58	0.722098	138	0.513939	138
0.661	0.361049	69	0.722098	62	0.722098	58	0.722098	138	0.508872	138
0.662	0.361049	69	0.722098	62	0.722098	58	0.722098	138	0.503838	138
0.663	0.361049	69	0.722098	62	0.722098	58	0.722098	138	0.498837	138
0.664	0.361049	69	0.722098	62	0.722098	58	0.722098	138	0.493868	138
0.665	0.361049	69	0.722098	62	0.722098	58	0.722098	138	0.488933	138
0.666	0.361049	69	0.722098	61	0.722098	58	0.722098	138	0.48403	138
0.667	0.361049	69	0.722098	61	0.722098	58	0.722098	138	0.479161	138
0.668	0.361049	69	0.722098	61	0.722098	58	0.722098	97	0.474324	138
0.669	0.361049	69	0.722098	61	0.722098	58	0.718824	105	0.46952	138
0.67	0.361049	69	0.722098	61	0.722098	58	0.710721	138	0.46475	138
0.671	0.361049	69	0.722098	61	0.722098	58	0.702687	138	0.460012	138
0.672	0.361049	69	0.722098	61	0.722098	58	0.694721	138	0.455308	138
0.673	0.361049	69	0.722098	61	0.722098	58	0.686889	138	0.450637	138
0.674	0.361049	69	0.722098	61	0.722098	58	0.679054	138	0.445999	138
0.675	0.361049	69	0.722098	61	0.722098	58	0.671287	138	0.441395	138
0.676	0.361049	69	0.722098	61	0.722098	58	0.663586	138	0.436825	138
0.677	0.361049	69	0.722098	61	0.722098	58	0.655952	138	0.432288	81
0.678	0.361049	69	0.722098	61	0.722098	58	0.648382	138	0.427784	83
0.679	0.361049	69	0.722098	61	0.722098	58	0.640878	138	0.423315	80
0.68	0.361049	69	0.722098	61	0.722098	58	0.633439	138	0.41888	90
0.681	0.361049	69	0.722098	61	0.722098	58	0.626064	138	0.414478	95
0.682	0.361049	69	0.722098	61	0.722098	58	0.618752	132	0.410111	97
0.683	0.361049	69	0.722098	61	0.722098	58	0.611504	138	0.405778	80
0.684	0.361049	69	0.722098	61	0.722098	58	0.60432	138	0.40148	81
0.685	0.361049	69	0.722098	61	0.722098	58	0.597198	138	0.397216	77
0.686	0.361049	69	0.32213	72	0.722098	58	0.590138	130	0.392987	81
0.687	0.361049	69	0.32999	71	0.722098	58	0.58314	138	0.388793	81
0.688	0.361049	69	0.337902	71	0.722098	58	0.576204	117	0.384634	81
0.689	0.361049	69	0.345854	71	0.722098	58	0.569329	90	0.380511	79
0.69	0.361049	69	0.353839	71	0.722098	58	0.562516	138	0.376422	81
0.691	0.361049	69	0.361847	71	0.722098	58	0.555763	119	0.37237	81
0.692	0.361049	69	0.37348	70	0.722098	58	0.549071	103	0.368353	82
0.693	0.361049	69	0.381211	70	0.722098	58	0.54244	138	0.364372	81
0.694	0.361049	69	0.388954	70	0.722098	58	0.535868	84	0.360428	77
0.695	0.361049	69	0.396701	70	0.722098	58	0.529356	98	0.35652	82
0.696	0.361049	69	0.404449	70	0.722098	58	0.522904	109	0.352649	82
0.697	0.361049	69	0.412191	70	0.722098	58	0.516521	138	0.348815	82
0.698	0.361049	69	0.419924	70	0.722098	58	0.510187	90	0.345017	82
0.699	0.361049	69	0.427643	70	0.722098	58	0.503913	113	0.341258	80
0.7	0.361049	69	0.435343	70	0.722098	58	0.497697	119	0.337536	80
0.701	0.361049	69	0.443022	70	0.722098	58	0.49154	126	0.333852	80
0.702	0.361049	69	0.450675	70	0.722098	58	0.485441	125	0.330206	80
0.703	0.361049	69	0.458301	70	0.722098	58	0.479401	108	0.326599	80
0.704	0.361049	69	0.465895	70	0.722098	58	0.473419	114	0.323031	80
0.705	0.361049	69	0.473455	70	0.722098	58	0.467496	91	0.319502	80
0.706	0.361049	69	0.480979	70	0.722098	58	0.461631	104	0.316012	80
0.707	0.361049	69	0.488465	70	0.722098	58	0.455824	105	0.312562	80
0.708	0.361049	69	0.495909	70	0.722098	58	0.450075	122	0.309153	80
0.709	0.361049	69	0.503311	70	0.722098	58	0.444384	98	0.305783	80
0.71	0.361049	69	0.510668	70	0.722098	58	0.438751	109	0.302455	80
0.711	0.361049	69	0.383044	70	0.722098	58	0.433176	132	0.299168	80
0.712	0.361049	69	0.389017	70	0.722098	62	0.42766	93	0.295922	80
0.713	0.361049	69	0.39501	70	0.722098	62	0.422201	97	0.292718	79
0.714	0.361049	69	0.399221	69	0.722098	61	0.4168	96	0.289557	79
0.715	0.361049	69	0.405222	69	0.722098	61	0.411458	102	0.286438	79
0.716	0.361049	69	0.41123	69	0.722098	61	0.406173	128	0.283363	79
0.717	0.361049	69	0.417243	69	0.722098	61	0.400947	96	0.280331	79
0.718	0.361049	69	0.423256	69	0.722098	61	0.39578	95	0.277342	78
0.719	0.361049	69	0.429266	69	0.722098	61	0.39067	92	0.274399	78
0.72	0.361049	69	0.43527	69	0.722098	61	0.38562	91	0.2715	78
0.721	0.361049	69	0.441263	69	0.722098	61	0.380628	96	0.268646	78
0.722	0.361049	69	0.447245	69	0.722098	61	0.375695	96	0.265838	79
0.723	0.361049	69	0.453211	69	0.722098	61	0.370822	89	0.263076	79
0.724	0.361049	69	0.459159	69	0.722098	61	0.366007	89	0.279595	78
0.725	0.361049	69	0.465086	69	0.722098	61	0.361252	90	0.276808	78
0.726	0.361049	69	0.470991	69	0.722098	61	0.356556	88	0.274068	78
0.727	0.361049	69	0.476872	69	0.722098	61	0.351921	81	0.271376	78
0.728	0.361049	69	0.482725	69	0.722098	61	0.347345	109	0.268731	78
0.729	0.361049	69	0.48855	69	0.722098	61	0.34283	91	0.266133	78
0.73	0.361049	69	0.494345	69	0.722098	61	0.338376	131	0.263585	78
0.731	0.361049	69	0.196711	81	0.722098	61	0.333983	92	0.261085	78
0.732	0.361049	69	0.192501	80	0.722098	61	0.329651	138	0.258634	78
0.733	0.361049	69	0.188698	80	0.722098	61	0.325381	138	0.256233	78
0.734	0.361049	69	0.185315	79	0.722098	61	0.321173	79	0.253882	78
0.735	0.361049	69	0.182366	79	0.722098	61	0.317028	78	0.251582	78
0.736	0.361049	69	0.17986	78	0.330009	68	0.312945	83	0.249332	78
0.737	0.361049	69	0.177806	78	0.336005	68	0.308926	84	0.247133	74
0.738	0.361049	69	0.176208	78	0.342038	68	0.30497	84	0.244985	74
0.739	0.361049	69	0.175067	78	0.3481	67	0.301079	84	0.24289	73
0.74	0.361049	69	0.174382	78	0.354187	67	0.297252	78	0.240846	73
0.741	0.361049	69	0.174146	78	0.360294	67	0.293489	79	0.238855	73
0.742	0.361049	69	0.174352	78	0.366415	67	0.289793	82	0.236917	73
0.743	0.361049	69	0.174986	78	0.372547	67	0.286162	83	0.235032	73
0.744	0.361049	69	0.176033	78	0.378684	67	0.282598	138	0.2332	73
0.745	0.361049	69	0.177476	78	0.384823	67	0.279101	81	0.231422	73
0.746	0.361049	69	0.179295	77	0.39096	67	0.275671	80	0.229698	72
0.747	0.361049	69	0.181468	77	0.397093	67	0.272309	80	0.228028	72
0.748	0.361049	69	0.183974	77	0.403217	67	0.269016	80	0.226412	72
0.749	0.361049	69	0.18679	77	0.40933	68	0.265791	81	0.22485	71
0.75	0.361049	69	0.189891	77	0.415428	68	0.262637	138	0.223344	71
0.751	0.361049	69	0.193257	76	0.42151	68	0.259552	138	0.221892	71
0.752	0.361049	69	0.196863	76	0.427573	68	0.256538	138	0.220495	71
0.753	0.361049	69	0.20069	75	0.433614	68	0.253595	76	0.219152	70
0.754	0.361049	69	0.204715	75	0.439632	68	0.250724	138	0.217865	70
0.755	0.361049	69	0.20892	75	0.445624	67	0.247925	80	0.216633	70
0.756	0.361049	69	0.213286	75	0.451589	67	0.245199	80	0.215456	70
0.757	0.361049	69	0.217796	75	0.457524	67	0.242546	80	0.214334	70
0.758	0.361049	69	0.222433	75	0.463428	67	0.239967	80	0.213266	70
0.759	0.361049	69	0.227183	75	0.4693	67	0.237462	80	0.212253	70
0.76	0.361049	69	0.232033	75	0.475137	66	0.235031	80	0.211295	71
0.761	0.361049	69	0.236968	75	0.199509	72	0.232676	80	0.210391	72
0.762	0.361049	69	0.241978	75	0.202891	73	0.230396	80	0.209541	72
0.763	0.361049	69	0.247051	74	0.206486	73	0.228192	80	0.208746	72
0.764	0.361049	69	0.252178	74	0.210276	73	0.226063	80	0.208003	72
0.765	0.361049	69	0.202854	75	0.214245	74	0.224012	80	0.207314	72
0.766	0.361049	69	0.205202	75	0.218376	74	0.222037	80	0.206678	74
0.767	0.361049	69	0.207752	75	0.222654	73	0.220138	79	0.206094	74
0.768	0.361049	69	0.210489	75	0.226981	72	0.218317	79	0.205562	74
0.769	0.361049	69	0.2134	74	0.23151	72	0.216573	79	0.205082	74
0.77	0.361049	69	0.216472	74	0.236144	72	0.214907	79	0.204652	74
0.771	0.361049	69	0.219693	74	0.240873	72	0.213317	79	0.204273	74
0.772	0.361049	69	0.22305	74	0.245685	72	0.211805	79	0.203944	74
0.773	0.361049	69	0.226531	74	0.250571	72	0.210369	79	0.203664	74
0.774	0.361049	69	0.230124	74	0.255521	72	0.209011	79	0.203433	74
0.775	0.361049	69	0.233821	74	0.260525	71	0.207729	79	0.203249	74
0.776	0.361049	69	0.237609	74	0.265577	71	0.206524	76	0.203113	74
0.777	0.361049	69	0.270468	80	0.270668	71	0.205394	76	0.203023	74
0.778	0.361049	69	0.264235	80	0.275791	71	0.20434	79	0.202979	74
0.779	0.361049	69	0.25819	80	0.280941	71	0.203361	79	0.20298	74
0.78	0.361049	69	0.252338	80	0.286111	71	0.202457	78	0.203024	74
0.781	0.361049	69	0.246687	80	0.244702	71	0.201627	76	0.203113	73
0.782	0.361049	69	0.241243	80	0.248834	71	0.200869	76	0.203243	72
0.783	0.361049	69	0.236014	80	0.25304	71	0.200184	78	0.203415	72
0.784	0.361049	69	0.231006	80	0.25731	71	0.199571	78	0.203628	72
0.785	0.361049	69	0.226227	80	0.261639	70	0.199028	78	0.203881	72
0.786	0.361049	69	0.221683	80	0.266017	70	0.198555	77	0.204172	72
0.787	0.361049	69	0.217382	79	0.270439	70	0.19815	77	0.204502	71
0.788	0.361049	69	0.21333	79	0.191363	76	0.197813	77	0.204868	70
0.789	0.361049	69	0.209534	79	0.189792	76	0.197543	77	0.205271	70
0.79	0.361049	69	0.206001	79	0.188497	75	0.197337	77	0.205782	69
0.791	0.361049	69	0.202736	79	0.187476	75	0.197196	77	0.206196	69
0.792	0.361049	69	0.199745	78	0.18673	75	0.197117	76	0.206643	69
0.793	0.361049	69	0.197031	78	0.186253	75	0.1971	76	0.207124	68
0.794	0.361049	69	0.194599	78	0.186042	75	0.197142	76	0.207638	68
0.795	0.361049	69	0.19245	78	0.186092	75	0.197244	77	0.208183	68
0.796	0.361049	69	0.190588	78	0.186397	75	0.197402	76	0.208758	68
0.797	0.361049	69	0.189011	78	0.186947	75	0.197616	76	0.209364	68
0.798	0.361049	69	0.18772	78	0.187737	75	0.197884	76	0.209998	68
0.799	0.361049	69	0.186712	78	0.188755	75	0.198205	76	0.21066	68
0.8	0.361049	69	0.185984	78	0.189994	75	0.198577	76	0.211349	68
0.801	0.361049	69	0.185531	78	0.191442	75	0.198999	76	0.212064	68
0.802	0.361049	69	0.185349	78	0.193089	74	0.199469	76	0.212804	68
0.803	0.361049	69	0.185429	78	0.194924	74	0.199986	76	0.213569	68
0.804	0.361049	69	0.185765	78	0.196937	74	0.210448	75	0.214357	68
0.805	0.361049	69	0.186347	78	0.199117	74	0.210905	75	0.215168	68
0.806	0.361049	69	0.187166	78	0.201452	73	0.211405	75	0.216001	68
0.807	0.361049	69	0.188211	78	0.203933	73	0.211947	75	0.216854	68
0.808	0.361049	69	0.189472	78	0.206549	73	0.21253	75	0.217728	68
0.809	0.361049	69	0.190938	77	0.209289	73	0.213152	75	0.218621	68
0.81	0.361049	69	0.192596	77	0.212145	73	0.213812	74	0.219533	68
0.811	0.361049	69	0.194437	76	0.215106	73	0.214509	74	0.220463	68
0.812	0.361049	69	0.196447	76	0.218164	73	0.215241	74	0.22141	68
0.813	0.361049	69	0.198616	76	0.221309	73	0.216007	74	0.222373	68
0.814	0.361049	69	0.200932	76	0.224534	73	0.216805	74	0.223352	68
0.815	0.361049	69	0.203385	76	0.227832	73	0.217634	74	0.224345	69
0.816	0.361049	69	0.205963	76	0.231194	73	0.218494	74	0.225353	69
0.817	0.361049	69	0.208656	76	0.193109	74	0.219381	74	0.226374	70
0.818	0.361049	69	0.211454	76	0.192801	74	0.220296	74	0.227408	70
0.819	0.361049	69	0.214349	74	0.192697	74	0.221238	74	0.228455	70
0.82	0.361049	69	0.217329	74	0.192792	74	0.222204	74	0.229513	70
0.821	0.361049	69	0.220388	74	0.19308	74	0.223194	74	0.230581	70
0.822	0.361049	69	0.206077	78	0.193557	74	0.224206	74	0.231661	70
0.823	0.361049	69	0.203799	78	0.194215	76	0.22524	74	0.232749	70
0.824	0.361049	69	0.201765	78	0.195047	76	0.226294	74	0.233847	70
0.825	0.361049	69	0.199974	78	0.196048	74	0.227368	74	0.234954	70
0.826	0.361049	69	0.198425	78	0.197208	74	0.228459	74	0.236069	70
0.827	0.361049	69	0.197118	78	0.198521	74	0.229568	74	0.237191	70
0.828	0.361049	69	0.196049	78	0.199979	74	0.230694	74	0.23832	71
0.829	0.361049	69	0.195215	78	0.201574	74	0.231834	74	0.239455	71
0.83	0.361049	69	0.194612	78	0.203298	74	0.232989	74	0.240597	71
0.831	0.361049	69	0.194236	78	0.205145	74	0.234157	74	0.241744	71
0.832	0.361049	69	0.19408	78	0.207105	74	0.235338	74	0.242896	71
0.833	0.361049	69	0.19414	78	0.209173	74	0.236531	74	0.244053	71
0.834	0.361049	69	0.194406	78	0.211339	73	0.237734	74	0.245214	71
0.835	0.361049	69	0.194873	78	0.213598	73	0.238947	74	0.246378	71
0.836	0.361049	69	0.195532	78	0.215943	73	0.24017	74	0.247546	71
0.837	0.361049	69	0.196376	78	0.218366	73	0.241401	74	0.248717	71
0.838	0.361049	69	0.197394	76	0.220861	73	0.242641	74	0.24989	71
0.839	0.361049	69	0.198579	76	0.223422	73	0.243887	74	0.251065	71
0.84	0.361049	69	0.199921	76	0.226044	73	0.245139	74	0.252242	71
0.841	0.361049	69	0.201412	76	0.22872	73	0.246398	74	0.253421	71
0.842	0.361049	69	0.203043	76	0.231445	73	0.247661	74	0.2546	71
0.843	0.361049	69	0.204804	76	0.234214	73	0.248929	74	0.255781	71
0.844	0.361049	69	0.206687	76	0.237021	73	0.250201	74	0.256961	71
0.845	0.361049	69	0.208684	76	0.239863	72	0.251477	74	0.258142	71
0.846	0.361049	69	0.210785	76	0.242735	72	0.252755	74	0.259322	71
0.847	0.361049	69	0.212982	75	0.245633	72	0.254035	74	0.260502	71
0.848	0.361049	69	0.215269	75	0.248553	72	0.255317	73	0.261681	71
0.849	0.361049	69	0.217636	75	0.212066	73	0.2566	73	0.262858	71
0.85	0.361049	69	0.220078	75	0.213675	73	0.257884	73	0.264035	71
0.851	0.361049	69	0.222586	75	0.215372	73	0.259169	72	0.265209	71
0.852	0.361049	69	0.225155	75	0.21715	72	0.260453	72	0.266382	71
0.853	0.361049	69	0.227777	75	0.219006	72	0.261737	72	0.267552	71
0.854	0.361049	69	0.230448	75	0.220933	72	0.263019	72	0.26872	71
0.855	0.361049	69	0.23316	75	0.222926	72	0.2643	72	0.269886	70
0.856	0.361049	69	0.23591	74	0.224981	71	0.26558	72	0.271048	70
0.857	0.361049	69	0.238691	74	0.227093	71	0.266857	72	0.272208	70
0.858	0.361049	69	0.241499	74	0.229256	71	0.268132	72	0.273364	70
0.859	0.361049	69	0.24433	74	0.231467	70	0.269404	72	0.274516	70
0.86	0.361049	69	0.247179	74	0.233721	70	0.270672	72	0.275665	70
0.861	0.361049	69	0.250042	74	0.236015	70	0.270106	71	0.27681	70
0.862	0.361049	69	0.252915	74	0.238343	70	0.271352	71	0.27795	70
0.863	0.361049	69	0.217463	74	0.240703	70	0.272595	71	0.279087	70
0.864	0.361049	69	0.228817	72	0.24309	70	0.273833	71	0.280219	70
0.865	0.361049	69	0.230232	72	0.245502	70	0.275067	71	0.281346	70
0.866	0.361049	69	0.231728	72	0.247935	70	0.276297	71	0.282468	70
0.867	0.361049	69	0.233299	72	0.250385	70	0.277522	71	0.283586	70
0.868	0.361049	69	0.213173	75	0.252851	70	0.278741	71	0.284698	70
0.869	0.361049	69	0.213246	74	0.226087	70	0.279956	71	0.285805	70
0.87	0.361049	69	0.213462	74	0.227768	69	0.281165	71	0.286907	70
0.871	0.361049	69	0.213816	74	0.229506	70	0.282368	71	0.288003	70
0.872	0.361049	69	0.214301	74	0.231297	70	0.283565	71	0.289093	70
0.873	0.361049	69	0.214914	74	0.233137	73	0.284756	71	0.290177	70
0.874	0.361049	69	0.215648	74	0.235021	72	0.285941	71	0.291256	70
0.875	0.361049	69	0.228259	73	0.236947	74	0.287119	71	0.292328	70
0.876	0.361049	69	0.228984	73	0.238911	74	0.28829	71	0.293394	69
0.877	0.361049	69	0.229811	73	0.24091	74	0.289454	71	0.294454	69
0.878	0.361049	69	0.230738	73	0.24294	74	0.290611	71	0.295508	69
0.879	0.361049	69	0.231759	73	0.244999	72	0.291761	71	0.296554	69
0.88	0.361049	69	0.232868	72	0.247082	72	0.292904	71	0.297595	69
0.881	0.361049	69	0.234062	72	0.249189	72	0.294039	71	0.298628	69
0.882	0.361049	69	0.235336	72	0.251315	70	0.295166	71	0.299655	69
0.883	0.361049	69	0.236684	72	0.234215	75	0.296285	71	0.300674	69
0.884	0.361049	69	0.238102	72	0.235785	75	0.297397	71	0.301687	69
0.885	0.361049	69	0.239587	72	0.2374	74	0.2985	71	0.302692	69
0.886	0.361049	69	0.241132	72	0.239058	72	0.299595	71	0.30369	69
0.887	0.361049	69	0.242734	72	0.240756	72	0.300682	71	0.304681	69
0.888	0.361049	69	0.24439	72	0.242491	70	0.30176	71	0.305665	69
0.889	0.361049	69	0.246094	72	0.24426	69	0.30283	71	0.306641	69
0.89	0.361049	69	0.247843	72	0.24606	69	0.303891	71	0.30761	69
0.891	0.361049	69	0.249633	72	0.247888	69	0.304943	71	0.308571	69
0.892	0.361049	69	0.25146	72	0.249741	69	0.305986	71	0.309524	69
0.893	0.361049	69	0.253322	71	0.251618	68	0.307021	71	0.310469	69
0.894	0.361049	69	0.255214	71	0.253515	68	0.308046	71	0.311407	69
0.895	0.361049	69	0.257133	71	0.255431	68	0.309063	71	0.312337	69
0.896	0.361049	69	0.259076	71	0.257362	68	0.31007	71	0.313259	69
0.897	0.361049	69	0.261041	71	0.259307	68	0.311068	71	0.314173	69
0.898	0.361049	69	0.263024	71	0.261263	68	0.312057	71	0.315079	69
0.899	0.361049	69	0.265022	71	0.263229	68	0.313036	71	0.315977	69
0.9	0.361049	69	0.267033	71	0.265203	68	0.314006	71	0.316866	69
0.901	0.361049	69	0.269055	72	0.267182	68	0.314967	71	0.317748	69
0.902	0.361049	69	0.271085	72	0.269165	68	0.315918	71	0.318621	70
0.903	0.361049	69	0.27312	72	0.271151	68	0.316859	71	0.319486	70
0.904	0.361049	69	0.275159	72	0.273136	69	0.317791	71	0.320343	70
0.905	0.361049	69	0.2772	72	0.275121	69	0.318713	71	0.321191	70
0.906	0.361049	69	0.27924	72	0.277103	69	0.319625	71	0.322031	70
0.907	0.361049	69	0.281278	72	0.279081	69	0.320527	71	0.322862	70
0.908	0.361049	69	0.283311	72	0.281054	70	0.32142	71	0.323685	70
0.909	0.361049	69	0.285339	72	0.283019	70	0.322303	71	0.3245	70
0.91	0.361049	69	0.28736	72	0.284977	70	0.323176	71	0.325305	70
0.911	0.361049	69	0.289371	72	0.286925	70	0.324039	71	0.326103	70
0.912	0.361049	69	0.291372	72	0.288863	70	0.324892	71	0.326741	69
0.913	0.361049	69	0.293361	72	0.29079	70	0.325735	71	0.327521	69
0.914	0.361049	69	0.295337	72	0.292704	70	0.326569	71	0.328292	69
0.915	0.361049	69	0.279302	72	0.294604	70	0.327392	71	0.329055	69
0.916	0.361049	69	0.279547	71	0.296489	70	0.328205	71	0.329808	69
0.917	0.361049	69	0.281414	71	0.298359	70	0.329008	71	0.330553	69
0.918	0.361049	69	0.283282	71	0.300213	70	0.329801	71	0.331289	69
0.919	0.361049	69	0.285147	71	0.301908	69	0.330584	71	0.332017	69
0.92	0.361049	69	0.287009	71	0.303726	69	0.331357	71	0.332735	69
0.921	0.361049	69	0.288865	71	0.290413	69	0.33212	71	0.333445	69
0.922	0.361049	69	0.290715	71	0.29221	69	0.332873	71	0.334146	69
0.923	0.361049	69	0.292557	71	0.293996	69	0.333615	71	0.334837	69
0.924	0.361049	69	0.29439	71	0.29577	69	0.334348	71	0.33552	69
0.925	0.361049	69	0.296212	71	0.297533	69	0.33507	71	0.336194	69
0.926	0.361049	69	0.298021	71	0.299282	69	0.335782	71	0.336859	69
0.927	0.361049	69	0.299818	71	0.301017	69	0.336484	71	0.337515	69
0.928	0.361049	69	0.301601	71	0.302737	69	0.337176	71	0.338163	69
0.929	0.361049	69	0.303368	71	0.304441	69	0.337858	71	0.338801	69
0.93	0.361049	69	0.305119	71	0.306129	69	0.338529	71	0.33943	69
0.931	0.361049	69	0.306853	71	0.3078	69	0.339191	71	0.34005	69
0.932	0.361049	69	0.308569	70	0.309453	69	0.339842	71	0.340661	69
0.933	0.361049	69	0.310265	70	0.311087	69	0.340483	71	0.341263	69
0.934	0.361049	69	0.311942	70	0.312702	69	0.341114	71	0.341856	69
0.935	0.361049	69	0.313598	70	0.314297	69	0.341735	70	0.34244	69
0.936	0.361049	69	0.315233	70	0.315871	69	0.342346	70	0.343015	69
0.937	0.361049	69	0.316846	70	0.317425	68	0.342946	70	0.343581	69
0.938	0.361049	69	0.318436	70	0.318957	68	0.343537	70	0.344138	69
0.939	0.361049	69	0.320003	70	0.320467	68	0.344117	70	0.344685	69
0.94	0.361049	69	0.321546	70	0.321954	68	0.344688	70	0.345224	69
0.941	0.361049	69	0.323064	70	0.323419	68	0.345248	70	0.345753	69
0.942	0.361049	69	0.324557	70	0.32486	68	0.345798	70	0.346274	69
0.943	0.361049	69	0.326025	70	0.326277	68	0.346338	70	0.346785	69
0.944	0.361049	69	0.327467	70	0.32767	68	0.346868	70	0.347287	69
0.945	0.361049	69	0.328883	70	0.329038	68	0.347389	70	0.347781	69
0.946	0.361049	69	0.330272	70	0.330381	68	0.347899	70	0.348265	69
0.947	0.361049	69	0.331633	70	0.331699	68	0.348399	70	0.34874	69
0.948	0.361049	69	0.332967	70	0.332991	68	0.348889	70	0.349205	69
0.949	0.361049	69	0.334273	70	0.334257	68	0.349369	70	0.349662	69
0.95	0.361049	69	0.335551	70	0.335497	68	0.349839	70	0.35011	69
0.951	0.361049	69	0.3368	70	0.33671	68	0.3503	70	0.350548	69
0.952	0.361049	69	0.338021	70	0.337896	68	0.35075	70	0.350978	69
0.953	0.361049	69	0.339212	70	0.339055	68	0.351191	70	0.351398	69
0.954	0.361049	69	0.340375	70	0.340187	68	0.351621	70	0.35181	69
0.955	0.361049	69	0.341507	70	0.341291	68	0.352042	70	0.352212	69
0.956	0.361049	69	0.342611	70	0.342368	68	0.352453	70	0.352605	69
0.957	0.361049	69	0.343684	70	0.343416	68	0.352854	70	0.352989	69
0.958	0.361049	69	0.344727	70	0.344436	68	0.353246	70	0.353364	69
0.959	0.361049	69	0.34574	70	0.345428	68	0.353627	70	0.35373	69
0.96	0.361049	69	0.346722	70	0.346391	68	0.353999	70	0.354087	69
0.961	0.361049	69	0.347674	70	0.347326	68	0.354362	70	0.354435	69
0.962	0.361049	69	0.348596	70	0.348231	68	0.354714	70	0.354774	69
0.963	0.361049	69	0.349486	70	0.349108	69	0.355057	70	0.355104	69
0.964	0.361049	69	0.350346	70	0.349956	69	0.35539	70	0.355424	69
0.965	0.361049	69	0.351175	70	0.350774	69	0.355714	70	0.355736	69
0.966	0.361049	69	0.351974	70	0.351563	69	0.356028	70	0.356039	69
0.967	0.361049	69	0.352741	70	0.352323	69	0.356332	70	0.356333	69
0.968	0.361049	69	0.346306	70	0.353053	69	0.356627	70	0.356617	69
0.969	0.361049	69	0.347227	70	0.346969	69	0.356913	70	0.356893	69
0.97	0.361049	69	0.34812	70	0.34785	69	0.357189	70	0.35716	69
0.971	0.361049	69	0.348984	70	0.348705	69	0.357455	70	0.357418	69
0.972	0.361049	69	0.349819	70	0.349531	69	0.357712	70	0.357666	69
0.973	0.361049	69	0.350625	70	0.35033	69	0.35796	70	0.357906	69
0.974	0.361049	69	0.351402	70	0.351101	69	0.358198	70	0.358137	69
0.975	0.361049	69	0.352149	70	0.351843	69	0.358276	69	0.358359	69
0.976	0.361049	69	0.352867	70	0.352558	69	0.358495	69	0.358572	69
0.977	0.361049	69	0.353555	70	0.353244	69	0.358705	69	0.358777	69
0.978	0.361049	69	0.354214	70	0.353901	69	0.358907	69	0.358972	69
0.979	0.361049	69	0.354843	70	0.35453	69	0.359098	69	0.359158	69
0.98	0.361049	69	0.355442	70	0.35513	69	0.359281	69	0.359336	69
0.981	0.361049	69	0.356012	70	0.355702	69	0.359454	69	0.359505	69
0.982	0.361049	69	0.356552	70	0.356245	69	0.359619	69	0.359665	69
0.983	0.361049	69	0.357062	70	0.356758	69	0.359774	69	0.359816	69
0.984	0.361049	69	0.357543	70	0.357243	69	0.35992	69	0.359958	69
0.985	0.361049	69	0.357993	70	0.357699	69	0.360057	69	0.360092	69
0.986	0.361049	69	0.358414	70	0.358126	69	0.360185	69	0.360216	69
0.987	0.361049	69	0.358805	70	0.358524	69	0.360304	69	0.360332	69
0.988	0.361049	69	0.359014	69	0.358893	69	0.360414	69	0.360439	69
0.989	0.361049	69	0.359346	69	0.359232	69	0.360516	69	0.360538	69
0.99	0.361049	69	0.359648	69	0.359543	69	0.360608	69	0.360628	69
0.991	0.361049	69	0.35992	69	0.359824	69	0.360691	69	0.360709	69
0.992	0.361049	69	0.360163	69	0.360077	69	0.360766	69	0.360781	69
0.993	0.361049	69	0.360376	69	0.3603	69	0.360832	69	0.360845	69
0.994	0.361049	69	0.36056	69	0.360494	69	0.360889	69	0.3609	69
0.995	0.361049	69	0.360715	69	0.360659	69	0.360937	69	0.360946	69
0.996	0.361049	69	0.36084	69	0.360795	69	0.360977	69	0.360984	69
0.997	0.361049	69	0.360936	69	0.360902	69	0.361008	69	0.361013	69
0.998	0.361049	69	0.361002	69	0.36098	69	0.36103	69	0.361033	69
0.999	0.361049	69	0.36104	69	0.361029	69	0.361044	69	0.361045	69
1	0.361049	69	0.361049	69	0.361049	69	-nan(ind)	138	-nan(ind)	138
