t	norma	normb	norm
0.001	0.0186878	0.0643593	0.000300599
0.002	2.42608	7.78347	0.000300599
0.003	1.46617	4.1633	0.000300599
0.004	0.930559	2.62509	0.000300599
0.005	0.446401	1.25261	0.000300599
0.006	0.00226572	0.00325737	0.000300599
0.007	0.422073	1.15867	0.000300599
0.008	0.821026	2.24274	0.000300599
0.009	1.20228	3.26429	0.000300599
0.01	1.56864	4.23248	0.000300599
0.011	1.92218	5.15422	0.000300599
0.012	0.936035	2.34693	0.000300599
0.013	0.772871	1.92694	0.000300599
0.014	0.615641	1.5267	0.000300599
0.015	0.463772	1.1443	0.000300599
0.016	0.316784	0.778157	0.000300599
0.017	0.174275	0.426905	0.000300599
0.018	0.0360319	0.0893886	0.000300599
0.019	0.098637	0.235423	0.000300599
0.02	0.229591	0.548392	0.000300599
0.021	0.357187	0.850306	0.000300599
0.022	0.481621	1.14185	0.000300599
0.023	0.603069	1.42365	0.000300599
0.024	0.721686	1.69624	0.000300599
0.025	0.837612	1.96014	0.000300599
0.026	0.950972	2.21578	0.000300599
0.027	1.06188	2.46358	0.000300599
0.028	1.17044	2.70392	0.000300599
0.029	1.30603	2.8666	0.000300599
0.03	1.24537	2.72294	0.000300599
0.031	1.18589	2.58306	0.000300599
0.032	1.12754	2.44679	0.000300599
0.033	1.07027	2.31397	0.000300599
0.034	1.01404	2.18447	0.000300599
0.035	0.958807	2.05812	0.000300599
0.036	0.904546	1.93483	0.000300599
0.037	0.851218	1.81445	0.000300599
0.038	0.798791	1.69689	0.000300599
0.039	0.747238	1.58203	0.000300599
0.04	0.69653	1.46978	0.000300599
0.041	0.646641	1.36004	0.000300599
0.042	0.597548	1.25274	0.000300599
0.043	0.549227	1.14779	0.000300599
0.044	0.501657	1.0451	0.000300599
0.045	0.454817	0.94461	0.000300599
0.046	0.408689	0.846248	0.000300599
0.047	0.363253	0.749948	0.000300599
0.048	0.318493	0.655647	0.000300599
0.049	0.274391	0.563284	0.000300599
0.05	0.230932	0.472804	0.000300599
0.051	0.188101	0.384153	0.000300599
0.052	0.145884	0.297278	0.000300599
0.053	0.104266	0.212131	0.000300599
0.054	0.0632343	0.128665	0.000300599
0.055	0.0228426	0.0468533	0.000300599
0.056	0.0171188	0.0334045	0.000300599
0.057	0.0564641	0.112092	0.000300599
0.058	0.0952703	0.189267	0.000300599
0.059	0.133548	0.264969	0.000300599
0.06	0.171308	0.339235	0.000300599
0.061	0.208559	0.412098	0.000300599
0.062	0.245312	0.483594	0.000300599
0.063	0.281575	0.553755	0.000300599
0.064	0.317358	0.622611	0.000300599
0.065	0.352669	0.690193	0.000300599
0.066	0.387516	0.756531	0.000300599
0.067	0.421908	0.821653	0.000300599
0.068	0.455851	0.885585	0.000300599
0.069	0.489355	0.948354	0.000300599
0.07	0.522425	1.00998	0.000300599
0.071	0.55507	1.0705	0.000300599
0.072	0.587296	1.12993	0.000300599
0.073	0.619109	1.18829	0.000300599
0.074	0.650516	1.24561	0.000300599
0.075	0.681524	1.30191	0.000300599
0.076	0.712138	1.3572	0.000300599
0.077	0.742365	1.41151	0.000300599
0.078	0.772211	1.46487	0.000300599
0.079	0.80168	1.51727	0.000300599
0.08	0.830778	1.56876	0.000300599
0.081	0.859512	1.61934	0.000300599
0.082	0.887886	1.66903	0.000300599
0.083	0.915904	1.71785	0.000300599
0.084	0.943573	1.76581	0.000300599
0.085	0.970898	1.81294	0.000300599
0.086	0.997881	1.85924	0.000300599
0.087	1.02453	1.90474	0.000300599
0.088	1.05085	1.94944	0.000300599
0.089	1.07684	1.99337	0.000300599
0.09	1.10251	2.03653	0.000300599
0.091	1.12786	2.07894	0.000300599
0.092	1.15289	2.12061	0.000300599
0.093	1.17762	2.16156	0.000300599
0.094	1.20204	2.2018	0.000300599
0.095	1.22616	2.24134	0.000300599
0.096	1.24998	2.28019	0.000300599
0.097	1.27351	2.31837	0.000300599
0.098	1.29675	2.35589	0.000300599
0.099	1.3197	2.39275	0.000300599
0.1	1.34236	2.42898	0.000300599
0.101	1.36475	2.46457	0.000300599
0.102	1.38686	2.49955	0.000300599
0.103	1.4087	2.53391	0.000300599
0.104	1.43026	2.56768	0.000300599
0.105	1.45156	2.60086	0.000300599
0.106	1.4726	2.63346	0.000300599
0.107	1.49337	2.66549	0.000300599
0.108	1.51389	2.69696	0.000300599
0.109	1.53416	2.72788	0.000300599
0.11	1.55417	2.75826	0.000300599
0.111	1.57394	2.7881	0.000300599
0.112	1.59346	2.81742	0.000300599
0.113	1.61273	2.84622	0.000300599
0.114	1.63177	2.87451	0.000300599
0.115	1.65057	2.9023	0.000300599
0.116	1.66913	2.9296	0.000300599
0.117	1.68747	2.95641	0.000300599
0.118	1.70557	2.98275	0.000300599
0.119	1.72345	3.00862	0.000300599
0.12	1.7411	3.03402	0.000300599
0.121	1.75853	3.05897	0.000300599
0.122	1.77574	3.08346	0.000300599
0.123	1.79273	3.10752	0.000300599
0.124	1.80951	3.13114	0.000300599
0.125	1.82608	3.15433	0.000300599
0.126	1.84244	3.1771	0.000300599
0.127	1.85859	3.19945	0.000300599
0.128	1.87454	3.22139	0.000300599
0.129	1.89028	3.24293	0.000300599
0.13	1.90582	3.26408	0.000300599
0.131	1.92116	3.28483	0.000300599
0.132	1.93631	3.30519	0.000300599
0.133	1.95126	3.32517	0.000300599
0.134	1.96601	3.34478	0.000300599
0.135	1.98058	3.36402	0.000300599
0.136	1.37283	2.2525	0.000300599
0.137	1.36067	2.22932	0.000300599
0.138	1.34858	2.20635	0.000300599
0.139	1.33658	2.18358	0.000300599
0.14	1.32465	2.16101	0.000300599
0.141	1.3128	2.13864	0.000300599
0.142	1.30103	2.11647	0.000300599
0.143	1.28933	2.09449	0.000300599
0.144	1.2777	2.0727	0.000300599
0.145	1.26615	2.05111	0.000300599
0.146	1.25468	2.0297	0.000300599
0.147	1.24328	2.00848	0.000300599
0.148	1.23194	1.98745	0.000300599
0.149	1.22069	1.96659	0.000300599
0.15	1.2095	1.94592	0.000300599
0.151	1.19838	1.92542	0.000300599
0.152	1.18734	1.9051	0.000300599
0.153	1.17636	1.88496	0.000300599
0.154	1.16545	1.86499	0.000300599
0.155	1.15461	1.84518	0.000300599
0.156	1.14384	1.82555	0.000300599
0.157	1.13314	1.80608	0.000300599
0.158	1.1225	1.78678	0.000300599
0.159	1.11193	1.76764	0.000300599
0.16	1.10143	1.74866	0.000300599
0.161	1.09099	1.72985	0.000300599
0.162	1.08062	1.71119	0.000300599
0.163	1.07031	1.69269	0.000300599
0.164	1.06007	1.67434	0.000300599
0.165	1.04989	1.65614	0.000300599
0.166	1.03977	1.6381	0.000300599
0.167	1.02971	1.62021	0.000300599
0.168	1.01972	1.60247	0.000300599
0.169	1.00979	1.58487	0.000300599
0.17	0.999919	1.56742	0.000300599
0.171	0.99011	1.55012	0.000300599
0.172	0.980361	1.53295	0.000300599
0.173	0.970673	1.51593	0.000300599
0.174	0.961044	1.49905	0.000300599
0.175	0.951475	1.48231	0.000300599
0.176	0.941964	1.4657	0.000300599
0.177	0.932511	1.44923	0.000300599
0.178	0.923117	1.4329	0.000300599
0.179	0.91378	1.4167	0.000300599
0.18	0.9045	1.40063	0.000300599
0.181	0.895277	1.38469	0.000300599
0.182	0.88611	1.36888	0.000300599
0.183	0.876999	1.3532	0.000300599
0.184	0.867944	1.33765	0.000300599
0.185	0.858944	1.32222	0.000300599
0.186	0.849999	1.30692	0.000300599
0.187	0.841109	1.29174	0.000300599
0.188	0.832273	1.27668	0.000300599
0.189	0.82349	1.26174	0.000300599
0.19	0.814761	1.24693	0.000300599
0.191	0.806085	1.23223	0.000300599
0.192	0.797462	1.21765	0.000300599
0.193	0.788891	1.20319	0.000300599
0.194	0.780372	1.18885	0.000300599
0.195	0.771905	1.17461	0.000300599
0.196	0.763489	1.1605	0.000300599
0.197	0.755124	1.14649	0.000300599
0.198	0.74681	1.1326	0.000300599
0.199	0.738547	1.11881	0.000300599
0.2	0.730333	1.10514	0.000300599
0.201	0.722169	1.09158	0.000300599
0.202	0.714055	1.07812	0.000300599
0.203	0.705989	1.06477	0.000300599
0.204	0.697973	1.05152	0.000300599
0.205	0.690005	1.03838	0.000300599
0.206	0.682085	1.02535	0.000300599
0.207	0.674213	1.01242	0.000300599
0.208	0.666389	0.999585	0.000300599
0.209	0.658612	0.986856	0.000300599
0.21	0.650882	0.974226	0.000300599
0.211	0.643199	0.961697	0.000300599
0.212	0.635562	0.949265	0.000300599
0.213	0.627972	0.936932	0.000300599
0.214	0.620427	0.924695	0.000300599
0.215	0.612928	0.912555	0.000300599
0.216	0.605474	0.900509	0.000300599
0.217	0.598066	0.888559	0.000300599
0.218	0.590701	0.876701	0.000300599
0.219	0.583382	0.864937	0.000300599
0.22	0.576107	0.853265	0.000300599
0.221	0.568875	0.841684	0.000300599
0.222	0.561688	0.830193	0.000300599
0.223	0.554544	0.818793	0.000300599
0.224	0.547443	0.807481	0.000300599
0.225	0.540385	0.796257	0.000300599
0.226	0.533369	0.785122	0.000300599
0.227	0.526396	0.774073	0.000300599
0.228	0.519466	0.76311	0.000300599
0.229	0.512577	0.752232	0.000300599
0.23	0.50573	0.741439	0.000300599
0.231	0.498924	0.73073	0.000300599
0.232	0.492159	0.720105	0.000300599
0.233	0.485436	0.709562	0.000300599
0.234	0.478753	0.699101	0.000300599
0.235	0.472111	0.688721	0.000300599
0.236	0.465509	0.678422	0.000300599
0.237	0.458947	0.668203	0.000300599
0.238	0.452425	0.658064	0.000300599
0.239	0.445942	0.648003	0.000300599
0.24	0.439498	0.63802	0.000300599
0.241	0.433094	0.628114	0.000300599
0.242	0.426729	0.618286	0.000300599
0.243	0.420402	0.608533	0.000300599
0.244	0.414114	0.598857	0.000300599
0.245	0.407864	0.589255	0.000300599
0.246	0.401652	0.579728	0.000300599
0.247	0.395478	0.570274	0.000300599
0.248	0.389341	0.560894	0.000300599
0.249	0.383242	0.551587	0.000300599
0.25	0.37718	0.542351	0.000300599
0.251	0.371155	0.533188	0.000300599
0.252	0.365167	0.524095	0.000300599
0.253	0.359215	0.515073	0.000300599
0.254	0.3533	0.50612	0.000300599
0.255	0.34742	0.497237	0.000300599
0.256	0.341577	0.488423	0.000300599
0.257	0.33577	0.479677	0.000300599
0.258	0.329998	0.470999	0.000300599
0.259	0.324261	0.462389	0.000300599
0.26	0.31856	0.453845	0.000300599
0.261	0.312893	0.445367	0.000300599
0.262	0.307261	0.436955	0.000300599
0.263	0.301664	0.428608	0.000300599
0.264	0.296102	0.420326	0.000300599
0.265	0.290573	0.412108	0.000300599
0.266	0.285079	0.403954	0.000300599
0.267	0.279618	0.395863	0.000300599
0.268	0.274191	0.387835	0.000300599
0.269	0.268798	0.379869	0.000300599
0.27	0.263438	0.371966	0.000300599
0.271	0.258111	0.364123	0.000300599
0.272	0.252817	0.356342	0.000300599
0.273	0.247555	0.348621	0.000300599
0.274	0.242327	0.34096	0.000300599
0.275	0.23713	0.333359	0.000300599
0.276	0.231966	0.325817	0.000300599
0.277	0.226834	0.318334	0.000300599
0.278	0.221734	0.310908	0.000300599
0.279	0.216666	0.303541	0.000300599
0.28	0.211629	0.296231	0.000300599
0.281	0.206624	0.288979	0.000300599
0.282	0.20165	0.281782	0.000300599
0.283	0.196707	0.274642	0.000300599
0.284	0.191795	0.267558	0.000300599
0.285	0.186913	0.260529	0.000300599
0.286	0.182062	0.253556	0.000300599
0.287	0.177242	0.246636	0.000300599
0.288	0.172452	0.239771	0.000300599
0.289	0.167692	0.23296	0.000300599
0.29	0.162962	0.226202	0.000300599
0.291	0.158262	0.219497	0.000300599
0.292	0.153591	0.212845	0.000300599
0.293	0.14895	0.206245	0.000300599
0.294	0.144338	0.199696	0.000300599
0.295	0.139755	0.1932	0.000300599
0.296	0.135202	0.186754	0.000300599
0.297	0.130677	0.180359	0.000300599
0.298	0.126181	0.174015	0.000300599
0.299	0.121713	0.167721	0.000300599
0.3	0.117274	0.161476	0.000300599
0.301	0.112864	0.155281	0.000300599
0.302	0.108481	0.149134	0.000300599
0.303	0.104127	0.143037	0.000300599
0.304	0.0997998	0.136987	0.000300599
0.305	0.0955008	0.130986	0.000300599
0.306	0.0912294	0.125032	0.000300599
0.307	0.0869853	0.119126	0.000300599
0.308	0.0827686	0.113266	0.000300599
0.309	0.078579	0.107453	0.000300599
0.31	0.0744166	0.101687	0.000300599
0.311	0.0702808	0.0959663	0.000300599
0.312	0.0661719	0.0902914	0.000300599
0.313	0.0620896	0.0846619	0.000300599
0.314	0.0580336	0.0790773	0.000300599
0.315	0.0540041	0.0735376	0.000300599
0.316	0.0500008	0.0680422	0.000300599
0.317	0.0460236	0.062591	0.000300599
0.318	0.0420722	0.0571835	0.000300599
0.319	0.0381468	0.0518196	0.000300599
0.32	0.0342469	0.0464987	0.000300599
0.321	0.0303726	0.0412209	0.000300599
0.322	0.0265238	0.0359856	0.000300599
0.323	0.0227003	0.0307928	0.000300599
0.324	0.0189025	0.0256427	0.000300599
0.325	0.0151313	0.0205359	0.000300599
0.326	0.0113874	0.015473	0.000300599
0.327	0.00767151	0.0104543	0.000300599
0.328	0.00398443	0.00548043	0.000300599
0.329	0.000440325	0.000663066	0.000300599
0.33	0.0033668	0.00439708	0.000300599
0.331	0.00699245	0.00926171	0.000300599
0.332	0.0105939	0.0140865	0.000300599
0.333	0.0141713	0.0188719	0.000300599
0.334	0.0177248	0.0236179	0.000300599
0.335	0.0212544	0.028325	0.000300599
0.336	0.0247603	0.0329933	0.000300599
0.337	0.0282426	0.0376232	0.000300599
0.338	0.0317014	0.0422148	0.000300599
0.339	0.0351368	0.0467684	0.000300599
0.34	0.0385491	0.0512845	0.000300599
0.341	0.0419381	0.055763	0.000300599
0.342	0.0453042	0.0602044	0.000300599
0.343	0.0486473	0.0646087	0.000300599
0.344	0.0519676	0.0689764	0.000300599
0.345	0.0552653	0.0733076	0.000300599
0.346	0.0585404	0.0776026	0.000300599
0.347	0.061793	0.0818617	0.000300599
0.348	0.0650232	0.0860849	0.000300599
0.349	0.0682313	0.0902727	0.000300599
0.35	0.0714171	0.0944252	0.000300599
0.351	0.074581	0.0985427	0.000300599
0.352	0.0777228	0.102625	0.000300599
0.353	0.0808429	0.106673	0.000300599
0.354	0.0839413	0.110687	0.000300599
0.355	0.0870181	0.114667	0.000300599
0.356	0.0900733	0.118613	0.000300599
0.357	0.0931072	0.122525	0.000300599
0.358	0.0961197	0.126403	0.000300599
0.359	0.099111	0.130249	0.000300599
0.36	0.102081	0.134061	0.000300599
0.361	0.105031	0.13784	0.000300599
0.362	0.107959	0.141587	0.000300599
0.363	0.110867	0.145302	0.000300599
0.364	0.113754	0.148984	0.000300599
0.365	0.11662	0.152635	0.000300599
0.366	0.119466	0.156254	0.000300599
0.367	0.122291	0.159841	0.000300599
0.368	0.125096	0.163397	0.000300599
0.369	0.127881	0.166921	0.000300599
0.37	0.130646	0.170415	0.000300599
0.371	0.133391	0.173878	0.000300599
0.372	0.136116	0.177311	0.000300599
0.373	0.138821	0.180713	0.000300599
0.374	0.141506	0.184085	0.000300599
0.375	0.144172	0.187427	0.000300599
0.376	0.146818	0.190739	0.000300599
0.377	0.149445	0.194022	0.000300599
0.378	0.152052	0.197275	0.000300599
0.379	0.154641	0.200499	0.000300599
0.38	0.15721	0.203695	0.000300599
0.381	0.159759	0.206861	0.000300599
0.382	0.16229	0.209999	0.000300599
0.383	0.164802	0.213108	0.000300599
0.384	0.167296	0.216189	0.000300599
0.385	0.16977	0.219242	0.000300599
0.386	0.172226	0.222267	0.000300599
0.387	0.174663	0.225264	0.000300599
0.388	0.177082	0.228234	0.000300599
0.389	0.179483	0.231176	0.000300599
0.39	0.181865	0.234091	0.000300599
0.391	0.184229	0.23698	0.000300599
0.392	0.186575	0.239841	0.000300599
0.393	0.188903	0.242675	0.000300599
0.394	0.191213	0.245483	0.000300599
0.395	0.193505	0.248265	0.000300599
0.396	0.195779	0.251021	0.000300599
0.397	0.198036	0.25375	0.000300599
0.398	0.200275	0.256454	0.000300599
0.399	0.202496	0.259132	0.000300599
0.4	0.2047	0.261784	0.000300599
0.401	0.206887	0.264411	0.000300599
0.402	0.209056	0.267013	0.000300599
0.403	0.211208	0.269589	0.000300599
0.404	0.213343	0.272141	0.000300599
0.405	0.215461	0.274668	0.000300599
0.406	0.217562	0.277171	0.000300599
0.407	0.219647	0.279649	0.000300599
0.408	0.221714	0.282103	0.000300599
0.409	0.223765	0.284532	0.000300599
0.41	0.225799	0.286938	0.000300599
0.411	0.227816	0.28932	0.000300599
0.412	0.229817	0.291678	0.000300599
0.413	0.231801	0.294012	0.000300599
0.414	0.23377	0.296323	0.000300599
0.415	0.235722	0.298611	0.000300599
0.416	0.237657	0.300876	0.000300599
0.417	0.239577	0.303118	0.000300599
0.418	0.24148	0.305337	0.000300599
0.419	0.243368	0.307533	0.000300599
0.42	0.245239	0.309707	0.000300599
0.421	0.247095	0.311859	0.000300599
0.422	0.248935	0.313988	0.000300599
0.423	0.25076	0.316095	0.000300599
0.424	0.252569	0.31818	0.000300599
0.425	0.254362	0.320243	0.000300599
0.426	0.25614	0.322285	0.000300599
0.427	0.257902	0.324305	0.000300599
0.428	0.259649	0.326303	0.000300599
0.429	0.261381	0.32828	0.000300599
0.43	0.263098	0.330236	0.000300599
0.431	0.264799	0.332171	0.000300599
0.432	0.266486	0.334085	0.000300599
0.433	0.268157	0.335978	0.000300599
0.434	0.269814	0.337851	0.000300599
0.435	0.271455	0.339703	0.000300599
0.436	0.273082	0.341534	0.000300599
0.437	0.274695	0.343345	0.000300599
0.438	0.276292	0.345136	0.000300599
0.439	0.277876	0.346907	0.000300599
0.44	0.279444	0.348659	0.000300599
0.441	0.280998	0.35039	0.000300599
0.442	0.282538	0.352101	0.000300599
0.443	0.284063	0.353794	0.000300599
0.444	0.285575	0.355466	0.000300599
0.445	0.287072	0.357119	0.000300599
0.446	0.288555	0.358753	0.000300599
0.447	0.290023	0.360368	0.000300599
0.448	0.291478	0.361964	0.000300599
0.449	0.292919	0.363541	0.000300599
0.45	0.294346	0.3651	0.000300599
0.451	0.29576	0.366639	0.000300599
0.452	0.297159	0.368161	0.000300599
0.453	0.298545	0.369663	0.000300599
0.454	0.299918	0.371148	0.000300599
0.455	0.301276	0.372614	0.000300599
0.456	0.302622	0.374062	0.000300599
0.457	0.303953	0.375493	0.000300599
0.458	0.305272	0.376905	0.000300599
0.459	0.306577	0.3783	0.000300599
0.46	0.307869	0.379677	0.000300599
0.461	0.309148	0.381036	0.000300599
0.462	0.310413	0.382378	0.000300599
0.463	0.311666	0.383703	0.000300599
0.464	0.312905	0.38501	0.000300599
0.465	0.314132	0.3863	0.000300599
0.466	0.315346	0.387574	0.000300599
0.467	0.316546	0.38883	0.000300599
0.468	0.317734	0.39007	0.000300599
0.469	0.31891	0.391292	0.000300599
0.47	0.320072	0.392499	0.000300599
0.471	0.321223	0.393688	0.000300599
0.472	0.32236	0.394862	0.000300599
0.473	0.323485	0.396019	0.000300599
0.474	0.324598	0.397159	0.000300599
0.475	0.325698	0.398284	0.000300599
0.476	0.326786	0.399393	0.000300599
0.477	0.327861	0.400485	0.000300599
0.478	0.328925	0.401562	0.000300599
0.479	0.329976	0.402623	0.000300599
0.48	0.331015	0.403669	0.000300599
0.481	0.332042	0.404698	0.000300599
0.482	0.333057	0.405713	0.000300599
0.483	0.33406	0.406712	0.000300599
0.484	0.335052	0.407695	0.000300599
0.485	0.336031	0.408664	0.000300599
0.486	0.336999	0.409617	0.000300599
0.487	0.337955	0.410556	0.000300599
0.488	0.338899	0.411479	0.000300599
0.489	0.339831	0.412388	0.000300599
0.49	0.340752	0.413282	0.000300599
0.491	0.341662	0.414161	0.000300599
0.492	0.34256	0.415026	0.000300599
0.493	0.343446	0.415876	0.000300599
0.494	0.344321	0.416712	0.000300599
0.495	0.345185	0.417533	0.000300599
0.496	0.346038	0.418341	0.000300599
0.497	0.346879	0.419134	0.000300599
0.498	0.347709	0.419913	0.000300599
0.499	0.348528	0.420678	0.000300599
0.5	0.349336	0.421429	0.000300599
0.501	0.350133	0.422166	0.000300599
0.502	0.350919	0.42289	0.000300599
0.503	0.351694	0.4236	0.000300599
0.504	0.352459	0.424297	0.000300599
0.505	0.353212	0.424979	0.000300599
0.506	0.353954	0.425649	0.000300599
0.507	0.354686	0.426305	0.000300599
0.508	0.355407	0.426948	0.000300599
0.509	0.356118	0.427578	0.000300599
0.51	0.356818	0.428195	0.000300599
0.511	0.357507	0.428798	0.000300599
0.512	0.358186	0.429389	0.000300599
0.513	0.358854	0.429967	0.000300599
0.514	0.359512	0.430532	0.000300599
0.515	0.36016	0.431084	0.000300599
0.516	0.360797	0.431624	0.000300599
0.517	0.361424	0.432151	0.000300599
0.518	0.362041	0.432665	0.000300599
0.519	0.362647	0.433167	0.000300599
0.52	0.363244	0.433657	0.000300599
0.521	0.36383	0.434135	0.000300599
0.522	0.364406	0.4346	0.000300599
0.523	0.364973	0.435053	0.000300599
0.524	0.365529	0.435495	0.000300599
0.525	0.366075	0.435924	0.000300599
0.526	0.366612	0.436341	0.000300599
0.527	0.367139	0.436746	0.000300599
0.528	0.367656	0.43714	0.000300599
0.529	0.368163	0.437522	0.000300599
0.53	0.36866	0.437892	0.000300599
0.531	0.369148	0.438251	0.000300599
0.532	0.369626	0.438598	0.000300599
0.533	0.370095	0.438934	0.000300599
0.534	0.370554	0.439258	0.000300599
0.535	0.371003	0.439571	0.000300599
0.536	0.371444	0.439873	0.000300599
0.537	0.371874	0.440163	0.000300599
0.538	0.372296	0.440443	0.000300599
0.539	0.372708	0.440711	0.000300599
0.54	0.37311	0.440969	0.000300599
0.541	0.373504	0.441215	0.000300599
0.542	0.373888	0.441451	0.000300599
0.543	0.374263	0.441676	0.000300599
0.544	0.374629	0.44189	0.000300599
0.545	0.374986	0.442094	0.000300599
0.546	0.375334	0.442287	0.000300599
0.547	0.375673	0.442469	0.000300599
0.548	0.376003	0.442641	0.000300599
0.549	0.376324	0.442802	0.000300599
0.55	0.376636	0.442954	0.000300599
0.551	0.376939	0.443094	0.000300599
0.552	0.377234	0.443225	0.000300599
0.553	0.377519	0.443345	0.000300599
0.554	0.377796	0.443456	0.000300599
0.555	0.378064	0.443556	0.000300599
0.556	0.378324	0.443646	0.000300599
0.557	0.378575	0.443726	0.000300599
0.558	0.378817	0.443797	0.000300599
0.559	0.379051	0.443857	0.000300599
0.56	0.379276	0.443908	0.000300599
0.561	0.379493	0.443949	0.000300599
0.562	0.379702	0.443981	0.000300599
0.563	0.379902	0.444003	0.000300599
0.564	0.380093	0.444015	0.000300599
0.565	0.380276	0.444018	0.000300599
0.566	0.380451	0.444011	0.000300599
0.567	0.380618	0.443995	0.000300599
0.568	0.380777	0.44397	0.000300599
0.569	0.380927	0.443935	0.000300599
0.57	0.381069	0.443891	0.000300599
0.571	0.381203	0.443838	0.000300599
0.572	0.381329	0.443776	0.000300599
0.573	0.381447	0.443705	0.000300599
0.574	0.381557	0.443625	0.000300599
0.575	0.381659	0.443535	0.000300599
0.576	0.381753	0.443437	0.000300599
0.577	0.381839	0.443331	0.000300599
0.578	0.381918	0.443215	0.000300599
0.579	0.381988	0.44309	0.000300599
0.58	0.382051	0.442957	0.000300599
0.581	0.382106	0.442816	0.000300599
0.582	0.382153	0.442665	0.000300599
0.583	0.382192	0.442506	0.000300599
0.584	0.382224	0.442339	0.000300599
0.585	0.382248	0.442163	0.000300599
0.586	0.382265	0.441979	0.000300599
0.587	0.382274	0.441786	0.000300599
0.588	0.382275	0.441585	0.000300599
0.589	0.382269	0.441376	0.000300599
0.59	0.382255	0.441159	0.000300599
0.591	0.382234	0.440933	0.000300599
0.592	0.382206	0.440699	0.000300599
0.593	0.38217	0.440458	0.000300599
0.594	0.382127	0.440208	0.000300599
0.595	0.382077	0.43995	0.000300599
0.596	0.382019	0.439685	0.000300599
0.597	0.381954	0.439411	0.000300599
0.598	0.381882	0.43913	0.000300599
0.599	0.381803	0.438841	0.000300599
0.6	0.381716	0.438544	0.000300599
0.601	0.381622	0.43824	0.000300599
0.602	0.381522	0.437927	0.000300599
0.603	0.381414	0.437608	0.000300599
0.604	0.381299	0.43728	0.000300599
0.605	0.381177	0.436945	0.000300599
0.606	0.381049	0.436603	0.000300599
0.607	0.380913	0.436253	0.000300599
0.608	0.38077	0.435896	0.000300599
0.609	0.380621	0.435532	0.000300599
0.61	0.380464	0.43516	0.000300599
0.611	0.380301	0.434781	0.000300599
0.612	0.380131	0.434394	0.000300599
0.613	0.379954	0.434001	0.000300599
0.614	0.379771	0.4336	0.000300599
0.615	0.379581	0.433193	0.000300599
0.616	0.379384	0.432778	0.000300599
0.617	0.37918	0.432356	0.000300599
0.618	0.37897	0.431927	0.000300599
0.619	0.378753	0.431492	0.000300599
0.62	0.37853	0.431049	0.000300599
0.621	0.3783	0.4306	0.000300599
0.622	0.378064	0.430144	0.000300599
0.623	0.377821	0.429681	0.000300599
0.624	0.377572	0.429211	0.000300599
0.625	0.377316	0.428735	0.000300599
0.626	0.377054	0.428251	0.000300599
0.627	0.376786	0.427762	0.000300599
0.628	0.376511	0.427266	0.000300599
0.629	0.37623	0.426763	0.000300599
0.63	0.375942	0.426254	0.000300599
0.631	0.375649	0.425738	0.000300599
0.632	0.375349	0.425216	0.000300599
0.633	0.375043	0.424687	0.000300599
0.634	0.374731	0.424152	0.000300599
0.635	0.374412	0.423611	0.000300599
0.636	0.374088	0.423064	0.000300599
0.637	0.373757	0.42251	0.000300599
0.638	0.238899	0.269689	0.000300599
0.639	0.23733	0.267807	0.000300599
0.64	0.235767	0.265933	0.000300599
0.641	0.234211	0.264069	0.000300599
0.642	0.232662	0.262214	0.000300599
0.643	0.23112	0.260369	0.000300599
0.644	0.229585	0.258532	0.000300599
0.645	0.228057	0.256705	0.000300599
0.646	0.226535	0.254887	0.000300599
0.647	0.225019	0.253078	0.000300599
0.648	0.223511	0.251279	0.000300599
0.649	0.222009	0.249488	0.000300599
0.65	0.220514	0.247706	0.000300599
0.651	0.219025	0.245933	0.000300599
0.652	0.217543	0.24417	0.000300599
0.653	0.216068	0.242415	0.000300599
0.654	0.214599	0.240669	0.000300599
0.655	0.213136	0.238932	0.000300599
0.656	0.21168	0.237203	0.000300599
0.657	0.210231	0.235484	0.000300599
0.658	0.208788	0.233773	0.000300599
0.659	0.207352	0.232071	0.000300599
0.66	0.205922	0.230378	0.000300599
0.661	0.204498	0.228693	0.000300599
0.662	0.203081	0.227017	0.000300599
0.663	0.20167	0.225349	0.000300599
0.664	0.200266	0.22369	0.000300599
0.665	0.198868	0.22204	0.000300599
0.666	0.197476	0.220398	0.000300599
0.667	0.196091	0.218764	0.000300599
0.668	0.194712	0.217139	0.000300599
0.669	0.193339	0.215522	0.000300599
0.67	0.191973	0.213914	0.000300599
0.671	0.190613	0.212314	0.000300599
0.672	0.189259	0.210722	0.000300599
0.673	0.187911	0.209139	0.000300599
0.674	0.18657	0.207564	0.000300599
0.675	0.185234	0.205996	0.000300599
0.676	0.183905	0.204438	0.000300599
0.677	0.182582	0.202887	0.000300599
0.678	0.181265	0.201344	0.000300599
0.679	0.179954	0.19981	0.000300599
0.68	0.17865	0.198283	0.000300599
0.681	0.177351	0.196765	0.000300599
0.682	0.176058	0.195254	0.000300599
0.683	0.174772	0.193752	0.000300599
0.684	0.173491	0.192257	0.000300599
0.685	0.172217	0.19077	0.000300599
0.686	0.170948	0.189292	0.000300599
0.687	0.169686	0.187821	0.000300599
0.688	0.168429	0.186357	0.000300599
0.689	0.167179	0.184902	0.000300599
0.69	0.165934	0.183454	0.000300599
0.691	0.164695	0.182014	0.000300599
0.692	0.163463	0.180582	0.000300599
0.693	0.162236	0.179158	0.000300599
0.694	0.161014	0.177741	0.000300599
0.695	0.159799	0.176331	0.000300599
0.696	0.15859	0.17493	0.000300599
0.697	0.157386	0.173535	0.000300599
0.698	0.156188	0.172149	0.000300599
0.699	0.154996	0.17077	0.000300599
0.7	0.15381	0.169398	0.000300599
0.701	0.15263	0.168034	0.000300599
0.702	0.151455	0.166677	0.000300599
0.703	0.150286	0.165327	0.000300599
0.704	0.149123	0.163985	0.000300599
0.705	0.147965	0.162651	0.000300599
0.706	0.146813	0.161323	0.000300599
0.707	0.145667	0.160003	0.000300599
0.708	0.144526	0.15869	0.000300599
0.709	0.143391	0.157384	0.000300599
0.71	0.142261	0.156086	0.000300599
0.711	0.141138	0.154794	0.000300599
0.712	0.140019	0.15351	0.000300599
0.713	0.138907	0.152233	0.000300599
0.714	0.1378	0.150963	0.000300599
0.715	0.136698	0.1497	0.000300599
0.716	0.135602	0.148444	0.000300599
0.717	0.134511	0.147196	0.000300599
0.718	0.133426	0.145954	0.000300599
0.719	0.132347	0.144719	0.000300599
0.72	0.131272	0.143491	0.000300599
0.721	0.130204	0.14227	0.000300599
0.722	0.12914	0.141056	0.000300599
0.723	0.128082	0.139848	0.000300599
0.724	0.12703	0.138648	0.000300599
0.725	0.125983	0.137454	0.000300599
0.726	0.124941	0.136267	0.000300599
0.727	0.123905	0.135087	0.000300599
0.728	0.122874	0.133914	0.000300599
0.729	0.121848	0.132747	0.000300599
0.73	0.120828	0.131587	0.000300599
0.731	0.119813	0.130434	0.000300599
0.732	0.118803	0.129287	0.000300599
0.733	0.117798	0.128147	0.000300599
0.734	0.116799	0.127013	0.000300599
0.735	0.115805	0.125886	0.000300599
0.736	0.114816	0.124766	0.000300599
0.737	0.113832	0.123652	0.000300599
0.738	0.112854	0.122545	0.000300599
0.739	0.111881	0.121444	0.000300599
0.74	0.110913	0.120349	0.000300599
0.741	0.10995	0.119261	0.000300599
0.742	0.108992	0.11818	0.000300599
0.743	0.108039	0.117105	0.000300599
0.744	0.107092	0.116036	0.000300599
0.745	0.106149	0.114973	0.000300599
0.746	0.105212	0.113917	0.000300599
0.747	0.10428	0.112867	0.000300599
0.748	0.103352	0.111823	0.000300599
0.749	0.10243	0.110786	0.000300599
0.75	0.101513	0.109754	0.000300599
0.751	0.100601	0.108729	0.000300599
0.752	0.0996936	0.10771	0.000300599
0.753	0.0987914	0.106698	0.000300599
0.754	0.0978942	0.105691	0.000300599
0.755	0.0970019	0.10469	0.000300599
0.756	0.0961146	0.103696	0.000300599
0.757	0.0952323	0.102707	0.000300599
0.758	0.0943549	0.101725	0.000300599
0.759	0.0934824	0.100749	0.000300599
0.76	0.0926148	0.0997786	0.000300599
0.761	0.091752	0.0988142	0.000300599
0.762	0.0908941	0.0978558	0.000300599
0.763	0.0900411	0.0969033	0.000300599
0.764	0.0891929	0.0959567	0.000300599
0.765	0.0883495	0.095016	0.000300599
0.766	0.087511	0.0940812	0.000300599
0.767	0.0866773	0.0931523	0.000300599
0.768	0.0858483	0.0922291	0.000300599
0.769	0.0850241	0.0913118	0.000300599
0.77	0.0842047	0.0904002	0.000300599
0.771	0.08339	0.0894944	0.000300599
0.772	0.08258	0.0885943	0.000300599
0.773	0.0817748	0.0877	0.000300599
0.774	0.0809744	0.0868113	0.000300599
0.775	0.0801786	0.0859284	0.000300599
0.776	0.0793875	0.0850511	0.000300599
0.777	0.078601	0.0841794	0.000300599
0.778	0.0778193	0.0833134	0.000300599
0.779	0.0770421	0.0824529	0.000300599
0.78	0.0762696	0.081598	0.000300599
0.781	0.0755017	0.0807487	0.000300599
0.782	0.0747384	0.0799049	0.000300599
0.783	0.0739798	0.0790667	0.000300599
0.784	0.0732257	0.078234	0.000300599
0.785	0.0724762	0.0774067	0.000300599
0.786	0.0717313	0.0765849	0.000300599
0.787	0.0709909	0.0757685	0.000300599
0.788	0.070255	0.0749576	0.000300599
0.789	0.0695237	0.074152	0.000300599
0.79	0.0687968	0.0733518	0.000300599
0.791	0.0680745	0.072557	0.000300599
0.792	0.0673567	0.0717675	0.000300599
0.793	0.0666433	0.0709834	0.000300599
0.794	0.0659345	0.0702046	0.000300599
0.795	0.06523	0.0694311	0.000300599
0.796	0.06453	0.0686628	0.000300599
0.797	0.0638344	0.0678998	0.000300599
0.798	0.0631433	0.067142	0.000300599
0.799	0.0624566	0.0663894	0.000300599
0.8	0.0617742	0.065642	0.000300599
0.801	0.0610962	0.0648998	0.000300599
0.802	0.0604225	0.0641627	0.000300599
0.803	0.0597533	0.0634308	0.000300599
0.804	0.0590884	0.062704	0.000300599
0.805	0.0584279	0.0619823	0.000300599
0.806	0.0577716	0.0612657	0.000300599
0.807	0.0571197	0.0605542	0.000300599
0.808	0.0564721	0.0598477	0.000300599
0.809	0.0558287	0.0591462	0.000300599
0.81	0.0551896	0.0584498	0.000300599
0.811	0.0545548	0.0577583	0.000300599
0.812	0.0539242	0.0570718	0.000300599
0.813	0.0532979	0.0563903	0.000300599
0.814	0.0526758	0.0557137	0.000300599
0.815	0.0520579	0.0550421	0.000300599
0.816	0.0514443	0.0543753	0.000300599
0.817	0.0508349	0.0537135	0.000300599
0.818	0.0502296	0.0530565	0.000300599
0.819	0.0496285	0.0524044	0.000300599
0.82	0.0490316	0.0517571	0.000300599
0.821	0.0484388	0.0511146	0.000300599
0.822	0.0478501	0.050477	0.000300599
0.823	0.0472656	0.0498441	0.000300599
0.824	0.0466853	0.049216	0.000300599
0.825	0.046109	0.0485926	0.000300599
0.826	0.0455368	0.047974	0.000300599
0.827	0.0449687	0.0473601	0.000300599
0.828	0.0444046	0.0467509	0.000300599
0.829	0.0438447	0.0461464	0.000300599
0.83	0.0432887	0.0455466	0.000300599
0.831	0.0427369	0.0449514	0.000300599
0.832	0.0421891	0.0443608	0.000300599
0.833	0.0416453	0.0437749	0.000300599
0.834	0.0411055	0.0431936	0.000300599
0.835	0.0405697	0.0426169	0.000300599
0.836	0.0400379	0.0420447	0.000300599
0.837	0.03951	0.0414771	0.000300599
0.838	0.0389862	0.0409141	0.000300599
0.839	0.0384663	0.0403555	0.000300599
0.84	0.0379503	0.0398015	0.000300599
0.841	0.0374383	0.039252	0.000300599
0.842	0.0369302	0.0387069	0.000300599
0.843	0.036426	0.0381663	0.000300599
0.844	0.0359257	0.0376302	0.000300599
0.845	0.0354293	0.0370984	0.000300599
0.846	0.0349369	0.0365712	0.000300599
0.847	0.0344483	0.0360483	0.000300599
0.848	0.0339635	0.0355298	0.000300599
0.849	0.0334826	0.0350156	0.000300599
0.85	0.0330055	0.0345058	0.000300599
0.851	0.0325323	0.0340003	0.000300599
0.852	0.0320629	0.0334992	0.000300599
0.853	0.0315974	0.0330024	0.000300599
0.854	0.0311356	0.0325099	0.000300599
0.855	0.0306776	0.0320217	0.000300599
0.856	0.0302234	0.0315377	0.000300599
0.857	0.0297729	0.0310579	0.000300599
0.858	0.0293262	0.0305824	0.000300599
0.859	0.0288833	0.0301111	0.000300599
0.86	0.0284442	0.0296441	0.000300599
0.861	0.0280088	0.0291812	0.000300599
0.862	0.027577	0.0287225	0.000300599
0.863	0.027149	0.0282679	0.000300599
0.864	0.0267247	0.0278175	0.000300599
0.865	0.0263041	0.0273711	0.000300599
0.866	0.0258872	0.026929	0.000300599
0.867	0.0254739	0.026491	0.000300599
0.868	0.0250644	0.026057	0.000300599
0.869	0.0246585	0.0256271	0.000300599
0.87	0.0242562	0.0252013	0.000300599
0.871	0.0238575	0.0247795	0.000300599
0.872	0.0234624	0.0243616	0.000300599
0.873	0.023071	0.0239479	0.000300599
0.874	0.0226832	0.0235382	0.000300599
0.875	0.0222991	0.0231325	0.000300599
0.876	0.0219185	0.0227307	0.000300599
0.877	0.0215414	0.0223329	0.000300599
0.878	0.021168	0.021939	0.000300599
0.879	0.0207981	0.0215491	0.000300599
0.88	0.0204317	0.0211631	0.000300599
0.881	0.0200688	0.0207809	0.000300599
0.882	0.0197095	0.0204027	0.000300599
0.883	0.0193538	0.0200284	0.000300599
0.884	0.0190016	0.019658	0.000300599
0.885	0.0186529	0.0192914	0.000300599
0.886	0.0183076	0.0189287	0.000300599
0.887	0.0179658	0.0185697	0.000300599
0.888	0.0176275	0.0182145	0.000300599
0.889	0.0172927	0.0178632	0.000300599
0.89	0.0169613	0.0175157	0.000300599
0.891	0.0166334	0.0171719	0.000300599
0.892	0.0163089	0.0168319	0.000300599
0.893	0.0159879	0.0164957	0.000300599
0.894	0.0156703	0.0161632	0.000300599
0.895	0.0153561	0.0158344	0.000300599
0.896	0.0150453	0.0155094	0.000300599
0.897	0.0147379	0.015188	0.000300599
0.898	0.0144339	0.0148703	0.000300599
0.899	0.0141332	0.0145563	0.000300599
0.9	0.013836	0.014246	0.000300599
0.901	0.0135421	0.0139392	0.000300599
0.902	0.0132515	0.0136362	0.000300599
0.903	0.0129643	0.0133367	0.000300599
0.904	0.0126804	0.0130409	0.000300599
0.905	0.0123998	0.0127487	0.000300599
0.906	0.0121226	0.0124601	0.000300599
0.907	0.0118487	0.012175	0.000300599
0.908	0.0115781	0.0118935	0.000300599
0.909	0.0113108	0.0116156	0.000300599
0.91	0.0110467	0.0113412	0.000300599
0.911	0.010786	0.0110703	0.000300599
0.912	0.0105285	0.0108029	0.000300599
0.913	0.0102743	0.0105391	0.000300599
0.914	0.0100233	0.0102787	0.000300599
0.915	0.0097756	0.0100218	0.000300599
0.916	0.00953113	0.00976841	0.000300599
0.917	0.0092899	0.00951846	0.000300599
0.918	0.00905188	0.00927195	0.000300599
0.919	0.0088171	0.00902889	0.000300599
0.92	0.00858547	0.00878921	0.000300599
0.921	0.008357	0.00855288	0.000300599
0.922	0.00813176	0.00832001	0.000300599
0.923	0.00790972	0.00809056	0.000300599
0.924	0.00769087	0.00786448	0.000300599
0.925	0.00747519	0.00764178	0.000300599
0.926	0.00726266	0.00742242	0.000300599
0.927	0.00705326	0.00720639	0.000300599
0.928	0.00684699	0.0069937	0.000300599
0.929	0.00664389	0.00678433	0.000300599
0.93	0.0064439	0.00657828	0.000300599
0.931	0.00624705	0.00637555	0.000300599
0.932	0.00605324	0.00617605	0.000300599
0.933	0.00586253	0.00597981	0.000300599
0.934	0.00567495	0.00578688	0.000300599
0.935	0.00549046	0.00559721	0.000300599
0.936	0.00530905	0.00541079	0.000300599
0.937	0.0051307	0.00522758	0.000300599
0.938	0.00495538	0.00504757	0.000300599
0.939	0.00478311	0.00487077	0.000300599
0.94	0.0046139	0.0046972	0.000300599
0.941	0.00444768	0.00452676	0.000300599
0.942	0.00428449	0.00435949	0.000300599
0.943	0.00412431	0.00419538	0.000300599
0.944	0.00396714	0.00403442	0.000300599
0.945	0.00381296	0.00387661	0.000300599
0.946	0.00366183	0.00372197	0.000300599
0.947	0.00351365	0.00357042	0.000300599
0.948	0.00336846	0.00342199	0.000300599
0.949	0.00322624	0.00327666	0.000300599
0.95	0.00308695	0.00313438	0.000300599
0.951	0.0029506	0.00299517	0.000300599
0.952	0.00281723	0.00285906	0.000300599
0.953	0.00268677	0.00272603	0.000300599
0.954	0.00255926	0.00259613	0.000300599
0.955	0.00243477	0.00246931	0.000300599
0.956	0.00231323	0.00234555	0.000300599
0.957	0.00219461	0.00222481	0.000300599
0.958	0.00207895	0.00210709	0.000300599
0.959	0.0019662	0.00199237	0.000300599
0.96	0.00185638	0.00188068	0.000300599
0.961	0.00174948	0.00177199	0.000300599
0.962	0.00164554	0.00166628	0.000300599
0.963	0.00154453	0.00156359	0.000300599
0.964	0.00144649	0.00146406	0.000300599
0.965	0.00135141	0.0013676	0.000300599
0.966	0.0012593	0.00127416	0.000300599
0.967	0.0011701	0.00118372	0.000300599
0.968	0.00108379	0.00109622	0.000300599
0.969	0.0010004	0.00101174	0.000300599
0.97	0.000920052	0.000930404	0.000300599
0.971	0.000842789	0.00085212	0.000300599
0.972	0.00076853	0.000776946	0.000300599
0.973	0.000697339	0.000704956	0.000300599
0.974	0.000629244	0.000636127	0.000300599
0.975	0.000564344	0.000570422	0.000300599
0.976	0.000502767	0.000508199	0.000300599
0.977	0.000444408	0.000449271	0.000300599
0.978	0.00038966	0.000393924	0.000300599
0.979	0.00033856	0.000342314	0.000300599
0.98	0.000291398	0.000294678	0.000300599
0.981	0.000248572	0.000251383	0.000300599
0.982	0.000210661	0.000213009	0.000300599
0.983	0.00017875	0.000180614	0.000300599
0.984	0.000155267	0.000156553	0.000300599
0.985	0.000140724	0.000141564	0.000300599
0.986	0.000137275	0.000137515	0.000300599
0.987	0.000143974	0.00014396	0.000300599
0.988	0.000156118	0.000155933	0.000300599
0.989	0.000171518	0.000171332	0.000300599
0.99	0.000188723	0.000188508	0.000300599
0.991	0.000206717	0.000206538	0.000300599
0.992	0.000224479	0.000224342	0.000300599
0.993	0.000241173	0.000241066	0.000300599
0.994	0.00025643	0.000256359	0.000300599
0.995	0.000269832	0.000269794	0.000300599
0.996	0.000281167	0.000281145	0.000300599
0.997	0.00029021	0.000290199	0.000300599
0.998	0.000296663	0.000296663	0.000300599
0.999	0.000300599	0.000300596	0.000300599
1	nan	nan	0.000300599
