t	norma	normb	norm
0.001	1.95675	0.359918	0.0530631
0.002	6.3696	49.9795	0.0530631
0.003	4.42064	24.9752	0.0530631
0.004	3.16561	15.491	0.0530631
0.005	2.06684	7.2639	0.0530631
0.006	1.08961	0.0495528	0.0530631
0.007	1.77003	6.63471	0.0530631
0.008	2.50641	12.65	0.0530631
0.009	3.21437	18.1859	0.0530631
0.01	3.8937	23.3141	0.0530631
0.011	4.54717	28.0897	0.0530631
0.012	2.6877	12.3927	0.0530631
0.013	2.32911	10.0873	0.0530631
0.014	1.98737	7.92342	0.0530631
0.015	1.66091	5.88642	0.0530631
0.016	1.34846	3.96392	0.0530631
0.017	1.04903	2.14546	0.0530631
0.018	0.763427	0.423488	0.0530631
0.019	0.82188	1.21436	0.0530631
0.02	1.05423	2.77035	0.0530631
0.021	1.2844	4.25203	0.0530631
0.022	1.50994	5.66472	0.0530631
0.023	1.7304	7.0132	0.0530631
0.024	1.94553	8.30168	0.0530631
0.025	2.15553	9.53401	0.0530631
0.026	2.36049	10.7136	0.0530631
0.027	2.56059	11.8437	0.0530631
0.028	2.75609	12.927	0.0530631
0.029	3.06566	13.4081	0.0530631
0.03	2.93514	12.6764	0.0530631
0.031	2.80785	11.9698	0.0530631
0.032	2.68354	11.287	0.0530631
0.033	2.56208	10.6267	0.0530631
0.034	2.44335	9.98789	0.0530631
0.035	2.32719	9.36946	0.0530631
0.036	2.21365	8.77052	0.0530631
0.037	2.10247	8.19012	0.0530631
0.038	1.99359	7.62745	0.0530631
0.039	1.88698	7.08176	0.0530631
0.04	1.78256	6.55227	0.0530631
0.041	1.6802	6.03834	0.0530631
0.042	1.57989	5.5393	0.0530631
0.043	1.48153	5.05458	0.0530631
0.044	1.3851	4.58356	0.0530631
0.045	1.29052	4.12577	0.0530631
0.046	1.19777	3.68066	0.0530631
0.047	1.10682	3.24779	0.0530631
0.048	1.01756	2.82668	0.0530631
0.049	0.930006	2.41691	0.0530631
0.05	0.844105	2.0181	0.0530631
0.051	0.759786	1.62983	0.0530631
0.052	0.677038	1.25177	0.0530631
0.053	0.595867	0.883552	0.0530631
0.054	0.516165	0.525005	0.0530631
0.055	0.439237	0.176188	0.0530631
0.056	0.408197	0.165292	0.0530631
0.057	0.4742	0.497278	0.0530631
0.058	0.542254	0.82093	0.0530631
0.059	0.610174	1.13649	0.0530631
0.06	0.677543	1.44421	0.0530631
0.061	0.744128	1.74436	0.0530631
0.062	0.809981	2.03712	0.0530631
0.063	0.875011	2.32274	0.0530631
0.064	0.939195	2.60143	0.0530631
0.065	1.0025	2.87338	0.0530631
0.066	1.06501	3.13878	0.0530631
0.067	1.12666	3.39784	0.0530631
0.068	1.18746	3.65069	0.0530631
0.069	1.24742	3.89756	0.0530631
0.07	1.30663	4.13858	0.0530631
0.071	1.36502	4.37392	0.0530631
0.072	1.42262	4.60373	0.0530631
0.073	1.47944	4.82816	0.0530631
0.074	1.53549	5.04733	0.0530631
0.075	1.59083	5.26143	0.0530631
0.076	1.64541	5.47055	0.0530631
0.077	1.69925	5.67481	0.0530631
0.078	1.75236	5.87435	0.0530631
0.079	1.80482	6.06931	0.0530631
0.08	1.85658	6.25977	0.0530631
0.081	1.90762	6.44586	0.0530631
0.082	1.95797	6.62768	0.0530631
0.083	2.00769	6.80534	0.0530631
0.084	2.05671	6.97894	0.0530631
0.085	2.10516	7.14856	0.0530631
0.086	2.15291	7.31433	0.0530631
0.087	2.20004	7.47631	0.0530631
0.088	2.24659	7.63462	0.0530631
0.089	2.29258	7.78931	0.0530631
0.09	2.33799	7.94048	0.0530631
0.091	2.38283	8.08821	0.0530631
0.092	2.42706	8.23258	0.0530631
0.093	2.47073	8.37367	0.0530631
0.094	2.51384	8.51155	0.0530631
0.095	2.55641	8.64628	0.0530631
0.096	2.59839	8.77795	0.0530631
0.097	2.63988	8.90662	0.0530631
0.098	2.68078	9.03235	0.0530631
0.099	2.72117	9.15521	0.0530631
0.1	2.76101	9.27527	0.0530631
0.101	2.80045	9.39257	0.0530631
0.102	2.83942	9.50718	0.0530631
0.103	2.87788	9.61917	0.0530631
0.104	2.91589	9.72857	0.0530631
0.105	2.95335	9.83546	0.0530631
0.106	2.9904	9.93988	0.0530631
0.107	3.02695	10.0419	0.0530631
0.108	3.06304	10.1415	0.0530631
0.109	3.09868	10.2388	0.0530631
0.11	3.13385	10.3339	0.0530631
0.111	3.16858	10.4267	0.0530631
0.112	3.20289	10.5173	0.0530631
0.113	3.23678	10.6058	0.0530631
0.114	3.27031	10.6922	0.0530631
0.115	3.30343	10.7766	0.0530631
0.116	3.33614	10.8589	0.0530631
0.117	3.3684	10.9393	0.0530631
0.118	3.40028	11.0178	0.0530631
0.119	3.43175	11.0943	0.0530631
0.12	3.46282	11.169	0.0530631
0.121	3.49349	11.2419	0.0530631
0.122	3.52377	11.313	0.0530631
0.123	3.55374	11.3824	0.0530631
0.124	3.58333	11.45	0.0530631
0.125	3.61258	11.516	0.0530631
0.126	3.64147	11.5803	0.0530631
0.127	3.66999	11.643	0.0530631
0.128	3.69815	11.7041	0.0530631
0.129	3.72593	11.7636	0.0530631
0.13	3.75342	11.8217	0.0530631
0.131	3.78055	11.8782	0.0530631
0.132	3.80733	11.9332	0.0530631
0.133	3.83377	11.9868	0.0530631
0.134	3.85989	12.039	0.0530631
0.135	3.88575	12.0898	0.0530631
0.136	2.73779	8.03223	0.0530631
0.137	2.71361	7.93812	0.0530631
0.138	2.68958	7.84506	0.0530631
0.139	2.66573	7.75304	0.0530631
0.14	2.64212	7.66202	0.0530631
0.141	2.61872	7.57203	0.0530631
0.142	2.59545	7.48303	0.0530631
0.143	2.57235	7.39499	0.0530631
0.144	2.54943	7.30792	0.0530631
0.145	2.52661	7.2218	0.0530631
0.146	2.50399	7.13664	0.0530631
0.147	2.48151	7.05236	0.0530631
0.148	2.45917	6.96901	0.0530631
0.149	2.43699	6.88657	0.0530631
0.15	2.41496	6.80501	0.0530631
0.151	2.39308	6.72433	0.0530631
0.152	2.37137	6.6445	0.0530631
0.153	2.34982	6.56551	0.0530631
0.154	2.32841	6.48737	0.0530631
0.155	2.3072	6.41007	0.0530631
0.156	2.28609	6.33357	0.0530631
0.157	2.26512	6.25787	0.0530631
0.158	2.24433	6.18297	0.0530631
0.159	2.22363	6.10887	0.0530631
0.16	2.20309	6.03554	0.0530631
0.161	2.18269	5.96297	0.0530631
0.162	2.16243	5.89115	0.0530631
0.163	2.14228	5.82008	0.0530631
0.164	2.12231	5.74975	0.0530631
0.165	2.10244	5.68013	0.0530631
0.166	2.08271	5.61122	0.0530631
0.167	2.06308	5.54305	0.0530631
0.168	2.04362	5.47555	0.0530631
0.169	2.02431	5.40874	0.0530631
0.17	2.00511	5.34261	0.0530631
0.171	1.98605	5.27718	0.0530631
0.172	1.96709	5.2124	0.0530631
0.173	1.94827	5.14827	0.0530631
0.174	1.92956	5.08479	0.0530631
0.175	1.911	5.02195	0.0530631
0.176	1.89255	4.95972	0.0530631
0.177	1.87421	4.89815	0.0530631
0.178	1.85595	4.83719	0.0530631
0.179	1.83784	4.77683	0.0530631
0.18	1.81986	4.71707	0.0530631
0.181	1.80201	4.65792	0.0530631
0.182	1.78425	4.59932	0.0530631
0.183	1.76662	4.54133	0.0530631
0.184	1.74906	4.48391	0.0530631
0.185	1.73164	4.42705	0.0530631
0.186	1.71439	4.37076	0.0530631
0.187	1.6972	4.31502	0.0530631
0.188	1.68013	4.25984	0.0530631
0.189	1.6632	4.20519	0.0530631
0.19	1.64634	4.15106	0.0530631
0.191	1.62959	4.09748	0.0530631
0.192	1.61296	4.04441	0.0530631
0.193	1.59639	3.99186	0.0530631
0.194	1.57993	3.93981	0.0530631
0.195	1.56364	3.88828	0.0530631
0.196	1.54744	3.83726	0.0530631
0.197	1.53135	3.78672	0.0530631
0.198	1.51537	3.73667	0.0530631
0.199	1.49947	3.68711	0.0530631
0.2	1.48367	3.63802	0.0530631
0.201	1.46801	3.58939	0.0530631
0.202	1.45245	3.54124	0.0530631
0.203	1.43698	3.49356	0.0530631
0.204	1.42162	3.44632	0.0530631
0.205	1.40633	3.39954	0.0530631
0.206	1.39115	3.35319	0.0530631
0.207	1.37603	3.30729	0.0530631
0.208	1.36104	3.26184	0.0530631
0.209	1.34613	3.21682	0.0530631
0.21	1.33127	3.17223	0.0530631
0.211	1.31655	3.12806	0.0530631
0.212	1.30196	3.0843	0.0530631
0.213	1.28743	3.04096	0.0530631
0.214	1.27297	2.99804	0.0530631
0.215	1.25863	2.95551	0.0530631
0.216	1.24438	2.91339	0.0530631
0.217	1.23023	2.87167	0.0530631
0.218	1.21619	2.83033	0.0530631
0.219	1.20222	2.78939	0.0530631
0.22	1.1883	2.74883	0.0530631
0.221	1.17449	2.70865	0.0530631
0.222	1.16074	2.66883	0.0530631
0.223	1.14708	2.6294	0.0530631
0.224	1.13349	2.59034	0.0530631
0.225	1.12	2.55165	0.0530631
0.226	1.10658	2.51332	0.0530631
0.227	1.09326	2.47534	0.0530631
0.228	1.08005	2.43771	0.0530631
0.229	1.06693	2.40042	0.0530631
0.23	1.05392	2.36351	0.0530631
0.231	1.04097	2.32692	0.0530631
0.232	1.0281	2.29067	0.0530631
0.233	1.01532	2.25475	0.0530631
0.234	1.00262	2.21918	0.0530631
0.235	0.989978	2.18391	0.0530631
0.236	0.977406	2.149	0.0530631
0.237	0.964924	2.11441	0.0530631
0.238	0.952541	2.08014	0.0530631
0.239	0.94023	2.04617	0.0530631
0.24	0.927991	2.01252	0.0530631
0.241	0.915835	1.97919	0.0530631
0.242	0.903748	1.94617	0.0530631
0.243	0.891735	1.91344	0.0530631
0.244	0.879786	1.881	0.0530631
0.245	0.867925	1.84887	0.0530631
0.246	0.856134	1.81704	0.0530631
0.247	0.844419	1.78549	0.0530631
0.248	0.832793	1.75424	0.0530631
0.249	0.821245	1.72327	0.0530631
0.25	0.809752	1.69259	0.0530631
0.251	0.798354	1.6622	0.0530631
0.252	0.787026	1.63209	0.0530631
0.253	0.775794	1.60226	0.0530631
0.254	0.764617	1.57269	0.0530631
0.255	0.753494	1.54338	0.0530631
0.256	0.742431	1.51435	0.0530631
0.257	0.731439	1.48558	0.0530631
0.258	0.720533	1.45708	0.0530631
0.259	0.709708	1.42884	0.0530631
0.26	0.698959	1.40086	0.0530631
0.261	0.688265	1.37315	0.0530631
0.262	0.677661	1.34566	0.0530631
0.263	0.667143	1.31844	0.0530631
0.264	0.656648	1.29146	0.0530631
0.265	0.646248	1.26473	0.0530631
0.266	0.635894	1.23825	0.0530631
0.267	0.625599	1.21199	0.0530631
0.268	0.615379	1.18599	0.0530631
0.269	0.605263	1.16025	0.0530631
0.27	0.59521	1.13474	0.0530631
0.271	0.585215	1.10946	0.0530631
0.272	0.57529	1.08442	0.0530631
0.273	0.565432	1.0596	0.0530631
0.274	0.555653	1.03502	0.0530631
0.275	0.545909	1.01066	0.0530631
0.276	0.536242	0.986522	0.0530631
0.277	0.526635	0.962617	0.0530631
0.278	0.51708	0.938919	0.0530631
0.279	0.507616	0.915438	0.0530631
0.28	0.498236	0.892184	0.0530631
0.281	0.488924	0.869143	0.0530631
0.282	0.479652	0.846316	0.0530631
0.283	0.470452	0.823703	0.0530631
0.284	0.461325	0.801302	0.0530631
0.285	0.452262	0.779104	0.0530631
0.286	0.443257	0.757095	0.0530631
0.287	0.434319	0.735292	0.0530631
0.288	0.425447	0.713702	0.0530631
0.289	0.416648	0.692334	0.0530631
0.29	0.407893	0.671156	0.0530631
0.291	0.399231	0.650188	0.0530631
0.292	0.390648	0.629417	0.0530631
0.293	0.38212	0.608835	0.0530631
0.294	0.373658	0.588433	0.0530631
0.295	0.365261	0.568235	0.0530631
0.296	0.35693	0.548241	0.0530631
0.297	0.348667	0.528414	0.0530631
0.298	0.34045	0.508812	0.0530631
0.299	0.332342	0.489406	0.0530631
0.3	0.32429	0.470183	0.0530631
0.301	0.31629	0.451145	0.0530631
0.302	0.308376	0.432298	0.0530631
0.303	0.300564	0.413619	0.0530631
0.304	0.292823	0.395147	0.0530631
0.305	0.285143	0.376876	0.0530631
0.306	0.277506	0.358796	0.0530631
0.307	0.269972	0.340878	0.0530631
0.308	0.262566	0.323165	0.0530631
0.309	0.255245	0.305654	0.0530631
0.31	0.24803	0.288351	0.0530631
0.311	0.240875	0.27123	0.0530631
0.312	0.233812	0.254318	0.0530631
0.313	0.226827	0.237601	0.0530631
0.314	0.219912	0.221111	0.0530631
0.315	0.213063	0.204835	0.0530631
0.316	0.206298	0.188785	0.0530631
0.317	0.199602	0.172977	0.0530631
0.318	0.192983	0.157437	0.0530631
0.319	0.186417	0.142172	0.0530631
0.32	0.17994	0.127176	0.0530631
0.321	0.173539	0.112532	0.0530631
0.322	0.167226	0.0982644	0.0530631
0.323	0.16098	0.0844393	0.0530631
0.324	0.154804	0.0711554	0.0530631
0.325	0.148692	0.0585543	0.0530631
0.326	0.142675	0.0468731	0.0530631
0.327	0.136768	0.0366424	0.0530631
0.328	0.131078	0.0295188	0.0530631
0.329	0.125986	0.026891	0.0530631
0.33	0.127985	0.0401027	0.0530631
0.331	0.134716	0.0546414	0.0530631
0.332	0.141471	0.0690495	0.0530631
0.333	0.1482	0.0833206	0.0530631
0.334	0.154901	0.0974536	0.0530631
0.335	0.161585	0.111441	0.0530631
0.336	0.168244	0.125315	0.0530631
0.337	0.174867	0.139065	0.0530631
0.338	0.181459	0.152671	0.0530631
0.339	0.188011	0.166155	0.0530631
0.34	0.194551	0.179513	0.0530631
0.341	0.201063	0.192734	0.0530631
0.342	0.20753	0.20583	0.0530631
0.343	0.213953	0.218804	0.0530631
0.344	0.220342	0.23165	0.0530631
0.345	0.226698	0.244381	0.0530631
0.346	0.23301	0.256991	0.0530631
0.347	0.239297	0.269469	0.0530631
0.348	0.245546	0.281825	0.0530631
0.349	0.251754	0.294064	0.0530631
0.35	0.257911	0.306183	0.0530631
0.351	0.264031	0.318187	0.0530631
0.352	0.270116	0.330067	0.0530631
0.353	0.276163	0.341846	0.0530631
0.354	0.28216	0.353504	0.0530631
0.355	0.288135	0.365056	0.0530631
0.356	0.29407	0.376488	0.0530631
0.357	0.299956	0.387816	0.0530631
0.358	0.305803	0.39902	0.0530631
0.359	0.311624	0.410117	0.0530631
0.36	0.317407	0.421103	0.0530631
0.361	0.323156	0.431984	0.0530631
0.362	0.328877	0.442752	0.0530631
0.363	0.334552	0.453438	0.0530631
0.364	0.340194	0.464007	0.0530631
0.365	0.345784	0.474459	0.0530631
0.366	0.351341	0.484812	0.0530631
0.367	0.356871	0.49506	0.0530631
0.368	0.362365	0.505203	0.0530631
0.369	0.367812	0.515259	0.0530631
0.37	0.373218	0.525206	0.0530631
0.371	0.378592	0.535047	0.0530631
0.372	0.383939	0.544779	0.0530631
0.373	0.389265	0.554415	0.0530631
0.374	0.394546	0.56397	0.0530631
0.375	0.399788	0.573432	0.0530631
0.376	0.404985	0.582792	0.0530631
0.377	0.410153	0.592045	0.0530631
0.378	0.415301	0.601215	0.0530631
0.379	0.420412	0.610292	0.0530631
0.38	0.425481	0.619264	0.0530631
0.381	0.430512	0.628142	0.0530631
0.382	0.435511	0.63693	0.0530631
0.383	0.440466	0.645638	0.0530631
0.384	0.445392	0.654251	0.0530631
0.385	0.450283	0.662774	0.0530631
0.386	0.455147	0.671205	0.0530631
0.387	0.459975	0.67954	0.0530631
0.388	0.46477	0.68778	0.0530631
0.389	0.469533	0.695945	0.0530631
0.39	0.474252	0.704036	0.0530631
0.391	0.478945	0.712038	0.0530631
0.392	0.483607	0.719955	0.0530631
0.393	0.488234	0.727785	0.0530631
0.394	0.492834	0.735526	0.0530631
0.395	0.497408	0.743187	0.0530631
0.396	0.501944	0.750765	0.0530631
0.397	0.506443	0.758251	0.0530631
0.398	0.510899	0.765672	0.0530631
0.399	0.515328	0.772996	0.0530631
0.4	0.51974	0.78025	0.0530631
0.401	0.524127	0.787432	0.0530631
0.402	0.52847	0.794525	0.0530631
0.403	0.532779	0.80155	0.0530631
0.404	0.537066	0.808488	0.0530631
0.405	0.54132	0.815339	0.0530631
0.406	0.545546	0.82211	0.0530631
0.407	0.549731	0.828814	0.0530631
0.408	0.553884	0.835454	0.0530631
0.409	0.558012	0.842006	0.0530631
0.41	0.562104	0.848483	0.0530631
0.411	0.566176	0.854894	0.0530631
0.412	0.57021	0.861233	0.0530631
0.413	0.574202	0.867497	0.0530631
0.414	0.57818	0.873689	0.0530631
0.415	0.582131	0.879818	0.0530631
0.416	0.586041	0.885864	0.0530631
0.417	0.589927	0.89184	0.0530631
0.418	0.593782	0.897739	0.0530631
0.419	0.597605	0.903571	0.0530631
0.42	0.601391	0.909339	0.0530631
0.421	0.60515	0.91504	0.0530631
0.422	0.608892	0.92068	0.0530631
0.423	0.612607	0.92625	0.0530631
0.424	0.616297	0.931754	0.0530631
0.425	0.619948	0.937187	0.0530631
0.426	0.623575	0.942546	0.0530631
0.427	0.627177	0.947841	0.0530631
0.428	0.63074	0.953087	0.0530631
0.429	0.634278	0.958261	0.0530631
0.43	0.637793	0.963362	0.0530631
0.431	0.641273	0.968413	0.0530631
0.432	0.644728	0.973397	0.0530631
0.433	0.648156	0.978319	0.0530631
0.434	0.651548	0.983171	0.0530631
0.435	0.654911	0.987958	0.0530631
0.436	0.658245	0.992696	0.0530631
0.437	0.661562	0.997376	0.0530631
0.438	0.664859	1.00199	0.0530631
0.439	0.668127	1.00655	0.0530631
0.44	0.671365	1.01104	0.0530631
0.441	0.674591	1.01546	0.0530631
0.442	0.67778	1.01984	0.0530631
0.443	0.680933	1.02416	0.0530631
0.444	0.684052	1.02841	0.0530631
0.445	0.687151	1.03261	0.0530631
0.446	0.690226	1.03675	0.0530631
0.447	0.693267	1.04084	0.0530631
0.448	0.696296	1.04487	0.0530631
0.449	0.6993	1.04884	0.0530631
0.45	0.702271	1.05276	0.0530631
0.451	0.705214	1.05664	0.0530631
0.452	0.708131	1.06045	0.0530631
0.453	0.711021	1.06421	0.0530631
0.454	0.713889	1.06791	0.0530631
0.455	0.716729	1.07157	0.0530631
0.456	0.719543	1.07518	0.0530631
0.457	0.722323	1.07873	0.0530631
0.458	0.725084	1.08222	0.0530631
0.459	0.727824	1.08565	0.0530631
0.46	0.730535	1.08903	0.0530631
0.461	0.733223	1.09237	0.0530631
0.462	0.735889	1.09566	0.0530631
0.463	0.738533	1.0989	0.0530631
0.464	0.741156	1.10209	0.0530631
0.465	0.743753	1.10523	0.0530631
0.466	0.746322	1.10831	0.0530631
0.467	0.74886	1.11135	0.0530631
0.468	0.751372	1.11434	0.0530631
0.469	0.753873	1.11728	0.0530631
0.47	0.756339	1.12016	0.0530631
0.471	0.75879	1.12301	0.0530631
0.472	0.76121	1.12582	0.0530631
0.473	0.763601	1.12858	0.0530631
0.474	0.76597	1.13129	0.0530631
0.475	0.768322	1.13395	0.0530631
0.476	0.770656	1.13657	0.0530631
0.477	0.772962	1.13914	0.0530631
0.478	0.775244	1.14166	0.0530631
0.479	0.777509	1.14414	0.0530631
0.48	0.779752	1.14656	0.0530631
0.481	0.781961	1.14895	0.0530631
0.482	0.784145	1.15131	0.0530631
0.483	0.786303	1.15361	0.0530631
0.484	0.788443	1.15587	0.0530631
0.485	0.790565	1.15809	0.0530631
0.486	0.792661	1.16026	0.0530631
0.487	0.79473	1.1624	0.0530631
0.488	0.796768	1.1645	0.0530631
0.489	0.798779	1.16654	0.0530631
0.49	0.800782	1.16854	0.0530631
0.491	0.802772	1.17051	0.0530631
0.492	0.804738	1.17243	0.0530631
0.493	0.806682	1.17431	0.0530631
0.494	0.808596	1.17615	0.0530631
0.495	0.810486	1.17796	0.0530631
0.496	0.812358	1.17972	0.0530631
0.497	0.8142	1.18145	0.0530631
0.498	0.816023	1.18314	0.0530631
0.499	0.817833	1.18479	0.0530631
0.5	0.819618	1.1864	0.0530631
0.501	0.821379	1.18797	0.0530631
0.502	0.823119	1.1895	0.0530631
0.503	0.824841	1.191	0.0530631
0.504	0.826547	1.19245	0.0530631
0.505	0.828231	1.19387	0.0530631
0.506	0.829887	1.19525	0.0530631
0.507	0.831523	1.1966	0.0530631
0.508	0.833134	1.1979	0.0530631
0.509	0.834729	1.19917	0.0530631
0.51	0.836302	1.2004	0.0530631
0.511	0.837845	1.2016	0.0530631
0.512	0.839358	1.20277	0.0530631
0.513	0.840862	1.2039	0.0530631
0.514	0.842353	1.20499	0.0530631
0.515	0.843822	1.20606	0.0530631
0.516	0.845275	1.2071	0.0530631
0.517	0.846701	1.20809	0.0530631
0.518	0.848112	1.20905	0.0530631
0.519	0.849504	1.20997	0.0530631
0.52	0.850871	1.21086	0.0530631
0.521	0.852215	1.21172	0.0530631
0.522	0.85355	1.21255	0.0530631
0.523	0.854863	1.21334	0.0530631
0.524	0.856156	1.2141	0.0530631
0.525	0.85742	1.21483	0.0530631
0.526	0.85866	1.21552	0.0530631
0.527	0.85989	1.21618	0.0530631
0.528	0.861102	1.2168	0.0530631
0.529	0.862288	1.2174	0.0530631
0.53	0.863455	1.21797	0.0530631
0.531	0.864596	1.21851	0.0530631
0.532	0.865714	1.21902	0.0530631
0.533	0.866822	1.21949	0.0530631
0.534	0.867907	1.21993	0.0530631
0.535	0.868974	1.22034	0.0530631
0.536	0.87003	1.22073	0.0530631
0.537	0.871076	1.22108	0.0530631
0.538	0.872094	1.2214	0.0530631
0.539	0.873088	1.2217	0.0530631
0.54	0.874063	1.22197	0.0530631
0.541	0.875017	1.22221	0.0530631
0.542	0.875948	1.22242	0.0530631
0.543	0.876862	1.22261	0.0530631
0.544	0.877762	1.22276	0.0530631
0.545	0.87864	1.22288	0.0530631
0.546	0.879504	1.22298	0.0530631
0.547	0.88035	1.22305	0.0530631
0.548	0.881176	1.22308	0.0530631
0.549	0.88199	1.22309	0.0530631
0.55	0.882786	1.22308	0.0530631
0.551	0.883561	1.22304	0.0530631
0.552	0.884318	1.22297	0.0530631
0.553	0.885066	1.22288	0.0530631
0.554	0.885791	1.22276	0.0530631
0.555	0.886491	1.22262	0.0530631
0.556	0.88717	1.22246	0.0530631
0.557	0.887834	1.22227	0.0530631
0.558	0.888482	1.22205	0.0530631
0.559	0.889112	1.2218	0.0530631
0.56	0.88972	1.22152	0.0530631
0.561	0.890307	1.22122	0.0530631
0.562	0.890883	1.22089	0.0530631
0.563	0.891436	1.22055	0.0530631
0.564	0.891972	1.22018	0.0530631
0.565	0.892502	1.21978	0.0530631
0.566	0.893021	1.21936	0.0530631
0.567	0.893515	1.21891	0.0530631
0.568	0.893988	1.21844	0.0530631
0.569	0.894453	1.21795	0.0530631
0.57	0.894897	1.21744	0.0530631
0.571	0.895319	1.21689	0.0530631
0.572	0.895724	1.21633	0.0530631
0.573	0.896113	1.21575	0.0530631
0.574	0.896482	1.21514	0.0530631
0.575	0.896833	1.21451	0.0530631
0.576	0.897165	1.21385	0.0530631
0.577	0.897475	1.21317	0.0530631
0.578	0.897774	1.21246	0.0530631
0.579	0.898067	1.21173	0.0530631
0.58	0.898346	1.21099	0.0530631
0.581	0.898602	1.21023	0.0530631
0.582	0.898836	1.20944	0.0530631
0.583	0.899048	1.20863	0.0530631
0.584	0.899249	1.2078	0.0530631
0.585	0.899436	1.20694	0.0530631
0.586	0.899604	1.20607	0.0530631
0.587	0.899764	1.20518	0.0530631
0.588	0.899911	1.20428	0.0530631
0.589	0.900046	1.20335	0.0530631
0.59	0.900158	1.2024	0.0530631
0.591	0.900247	1.20143	0.0530631
0.592	0.900327	1.20043	0.0530631
0.593	0.900387	1.19941	0.0530631
0.594	0.900433	1.19838	0.0530631
0.595	0.900465	1.19732	0.0530631
0.596	0.900478	1.19624	0.0530631
0.597	0.900472	1.19515	0.0530631
0.598	0.900445	1.19403	0.0530631
0.599	0.900409	1.1929	0.0530631
0.6	0.900362	1.19175	0.0530631
0.601	0.900306	1.19058	0.0530631
0.602	0.900235	1.18938	0.0530631
0.603	0.900146	1.18817	0.0530631
0.604	0.900037	1.18693	0.0530631
0.605	0.89991	1.18569	0.0530631
0.606	0.89977	1.18443	0.0530631
0.607	0.89961	1.18315	0.0530631
0.608	0.899437	1.18185	0.0530631
0.609	0.899253	1.18054	0.0530631
0.61	0.899061	1.1792	0.0530631
0.611	0.898845	1.17785	0.0530631
0.612	0.898611	1.17648	0.0530631
0.613	0.898357	1.17509	0.0530631
0.614	0.898091	1.17369	0.0530631
0.615	0.897814	1.17226	0.0530631
0.616	0.897527	1.17082	0.0530631
0.617	0.897232	1.16937	0.0530631
0.618	0.896918	1.1679	0.0530631
0.619	0.896591	1.16641	0.0530631
0.62	0.89625	1.1649	0.0530631
0.621	0.895893	1.16338	0.0530631
0.622	0.895517	1.16184	0.0530631
0.623	0.895125	1.16028	0.0530631
0.624	0.89472	1.15871	0.0530631
0.625	0.894301	1.15712	0.0530631
0.626	0.893867	1.15552	0.0530631
0.627	0.893416	1.1539	0.0530631
0.628	0.892964	1.15227	0.0530631
0.629	0.892494	1.15062	0.0530631
0.63	0.892007	1.14896	0.0530631
0.631	0.891497	1.14727	0.0530631
0.632	0.89097	1.14558	0.0530631
0.633	0.890433	1.14387	0.0530631
0.634	0.889882	1.14214	0.0530631
0.635	0.88932	1.1404	0.0530631
0.636	0.888744	1.13865	0.0530631
0.637	0.888151	1.13688	0.0530631
0.638	0.533467	0.683802	0.0530631
0.639	0.530265	0.678769	0.0530631
0.64	0.527074	0.673763	0.0530631
0.641	0.523892	0.668778	0.0530631
0.642	0.520727	0.663818	0.0530631
0.643	0.51758	0.658895	0.0530631
0.644	0.514451	0.654003	0.0530631
0.645	0.511336	0.649137	0.0530631
0.646	0.508231	0.644302	0.0530631
0.647	0.505138	0.639491	0.0530631
0.648	0.502061	0.634711	0.0530631
0.649	0.498987	0.629955	0.0530631
0.65	0.495921	0.625226	0.0530631
0.651	0.492865	0.620524	0.0530631
0.652	0.489823	0.61585	0.0530631
0.653	0.486804	0.61121	0.0530631
0.654	0.483797	0.606594	0.0530631
0.655	0.48081	0.60201	0.0530631
0.656	0.477838	0.597448	0.0530631
0.657	0.47488	0.592902	0.0530631
0.658	0.471932	0.588377	0.0530631
0.659	0.468991	0.583888	0.0530631
0.66	0.466057	0.579425	0.0530631
0.661	0.463138	0.574994	0.0530631
0.662	0.460241	0.570586	0.0530631
0.663	0.457349	0.566198	0.0530631
0.664	0.454465	0.561837	0.0530631
0.665	0.451594	0.557499	0.0530631
0.666	0.448741	0.553181	0.0530631
0.667	0.445899	0.548893	0.0530631
0.668	0.443075	0.544645	0.0530631
0.669	0.440265	0.540423	0.0530631
0.67	0.437469	0.536225	0.0530631
0.671	0.434684	0.53205	0.0530631
0.672	0.431906	0.527904	0.0530631
0.673	0.429145	0.523783	0.0530631
0.674	0.426397	0.519686	0.0530631
0.675	0.423654	0.515607	0.0530631
0.676	0.420922	0.511556	0.0530631
0.677	0.418207	0.507531	0.0530631
0.678	0.415498	0.503531	0.0530631
0.679	0.412796	0.49956	0.0530631
0.68	0.410106	0.495613	0.0530631
0.681	0.407427	0.491688	0.0530631
0.682	0.404766	0.487787	0.0530631
0.683	0.402119	0.483911	0.0530631
0.684	0.399483	0.480056	0.0530631
0.685	0.396858	0.476219	0.0530631
0.686	0.394244	0.472408	0.0530631
0.687	0.391647	0.46862	0.0530631
0.688	0.389062	0.464857	0.0530631
0.689	0.386488	0.461115	0.0530631
0.69	0.383927	0.457394	0.0530631
0.691	0.381384	0.453702	0.0530631
0.692	0.37885	0.450031	0.0530631
0.693	0.37633	0.446377	0.0530631
0.694	0.373819	0.442742	0.0530631
0.695	0.371322	0.439141	0.0530631
0.696	0.368834	0.435567	0.0530631
0.697	0.366352	0.432015	0.0530631
0.698	0.363878	0.42849	0.0530631
0.699	0.36142	0.424988	0.0530631
0.7	0.358974	0.421506	0.0530631
0.701	0.356535	0.41804	0.0530631
0.702	0.354114	0.414597	0.0530631
0.703	0.351705	0.411169	0.0530631
0.704	0.34931	0.407763	0.0530631
0.705	0.346928	0.404382	0.0530631
0.706	0.344555	0.401026	0.0530631
0.707	0.342191	0.397694	0.0530631
0.708	0.339842	0.394385	0.0530631
0.709	0.337498	0.391092	0.0530631
0.71	0.335163	0.387817	0.0530631
0.711	0.332843	0.384559	0.0530631
0.712	0.330536	0.381331	0.0530631
0.713	0.32824	0.378128	0.0530631
0.714	0.325953	0.374939	0.0530631
0.715	0.323672	0.37176	0.0530631
0.716	0.321402	0.368602	0.0530631
0.717	0.319149	0.365469	0.0530631
0.718	0.316913	0.362354	0.0530631
0.719	0.314683	0.359263	0.0530631
0.72	0.312461	0.356203	0.0530631
0.721	0.31025	0.353167	0.0530631
0.722	0.308055	0.350152	0.0530631
0.723	0.305867	0.347157	0.0530631
0.724	0.303684	0.34418	0.0530631
0.725	0.301521	0.341222	0.0530631
0.726	0.299374	0.338284	0.0530631
0.727	0.297239	0.335366	0.0530631
0.728	0.29512	0.332467	0.0530631
0.729	0.293003	0.329585	0.0530631
0.73	0.2909	0.326722	0.0530631
0.731	0.288808	0.323883	0.0530631
0.732	0.286726	0.321057	0.0530631
0.733	0.284652	0.31825	0.0530631
0.734	0.28259	0.315461	0.0530631
0.735	0.280539	0.3127	0.0530631
0.736	0.278494	0.309958	0.0530631
0.737	0.276462	0.307233	0.0530631
0.738	0.274439	0.304526	0.0530631
0.739	0.27243	0.301839	0.0530631
0.74	0.270434	0.299177	0.0530631
0.741	0.268448	0.296533	0.0530631
0.742	0.266472	0.293904	0.0530631
0.743	0.264502	0.291293	0.0530631
0.744	0.262534	0.288698	0.0530631
0.745	0.260582	0.286119	0.0530631
0.746	0.258647	0.283554	0.0530631
0.747	0.256728	0.281007	0.0530631
0.748	0.254812	0.278484	0.0530631
0.749	0.252907	0.27598	0.0530631
0.75	0.251012	0.273494	0.0530631
0.751	0.249119	0.271026	0.0530631
0.752	0.247231	0.268576	0.0530631
0.753	0.245358	0.266141	0.0530631
0.754	0.2435	0.263724	0.0530631
0.755	0.241659	0.261326	0.0530631
0.756	0.23983	0.258949	0.0530631
0.757	0.238016	0.256589	0.0530631
0.758	0.236218	0.254247	0.0530631
0.759	0.234427	0.251922	0.0530631
0.76	0.232646	0.249616	0.0530631
0.761	0.23087	0.247328	0.0530631
0.762	0.229095	0.245054	0.0530631
0.763	0.22733	0.242792	0.0530631
0.764	0.22558	0.240554	0.0530631
0.765	0.223846	0.238334	0.0530631
0.766	0.222122	0.236134	0.0530631
0.767	0.220406	0.233952	0.0530631
0.768	0.218699	0.231776	0.0530631
0.769	0.217004	0.229615	0.0530631
0.77	0.215321	0.227472	0.0530631
0.771	0.213639	0.225347	0.0530631
0.772	0.211968	0.223237	0.0530631
0.773	0.210308	0.22115	0.0530631
0.774	0.208657	0.219076	0.0530631
0.775	0.207013	0.21702	0.0530631
0.776	0.205379	0.214978	0.0530631
0.777	0.203759	0.212951	0.0530631
0.778	0.202157	0.21094	0.0530631
0.779	0.200563	0.208939	0.0530631
0.78	0.198981	0.206953	0.0530631
0.781	0.197407	0.204981	0.0530631
0.782	0.195839	0.203038	0.0530631
0.783	0.194286	0.20112	0.0530631
0.784	0.192738	0.199212	0.0530631
0.785	0.191202	0.19731	0.0530631
0.786	0.189669	0.195428	0.0530631
0.787	0.188141	0.193566	0.0530631
0.788	0.186623	0.191715	0.0530631
0.789	0.185124	0.189877	0.0530631
0.79	0.183635	0.188046	0.0530631
0.791	0.18215	0.18623	0.0530631
0.792	0.180684	0.184441	0.0530631
0.793	0.179228	0.182668	0.0530631
0.794	0.177778	0.180913	0.0530631
0.795	0.176333	0.179165	0.0530631
0.796	0.174904	0.177431	0.0530631
0.797	0.173486	0.175713	0.0530631
0.798	0.172076	0.174014	0.0530631
0.799	0.17067	0.172326	0.0530631
0.8	0.169271	0.170657	0.0530631
0.801	0.167885	0.168997	0.0530631
0.802	0.166512	0.167349	0.0530631
0.803	0.165149	0.165719	0.0530631
0.804	0.163797	0.164102	0.0530631
0.805	0.16245	0.162496	0.0530631
0.806	0.161115	0.160911	0.0530631
0.807	0.159788	0.159339	0.0530631
0.808	0.158475	0.15778	0.0530631
0.809	0.157165	0.156234	0.0530631
0.81	0.155861	0.154702	0.0530631
0.811	0.154562	0.153184	0.0530631
0.812	0.153281	0.151679	0.0530631
0.813	0.15201	0.150191	0.0530631
0.814	0.15074	0.148716	0.0530631
0.815	0.149478	0.14726	0.0530631
0.816	0.148232	0.145823	0.0530631
0.817	0.146999	0.144393	0.0530631
0.818	0.145777	0.142974	0.0530631
0.819	0.144564	0.141566	0.0530631
0.82	0.143362	0.14017	0.0530631
0.821	0.142176	0.138791	0.0530631
0.822	0.140998	0.137422	0.0530631
0.823	0.139824	0.136068	0.0530631
0.824	0.138657	0.134726	0.0530631
0.825	0.137496	0.133389	0.0530631
0.826	0.136336	0.132065	0.0530631
0.827	0.135179	0.130755	0.0530631
0.828	0.134033	0.129462	0.0530631
0.829	0.132899	0.128194	0.0530631
0.83	0.131777	0.126933	0.0530631
0.831	0.130665	0.125687	0.0530631
0.832	0.129563	0.124459	0.0530631
0.833	0.128465	0.123244	0.0530631
0.834	0.127378	0.122042	0.0530631
0.835	0.126302	0.120844	0.0530631
0.836	0.125231	0.119653	0.0530631
0.837	0.124183	0.118475	0.0530631
0.838	0.123149	0.117304	0.0530631
0.839	0.122126	0.116147	0.0530631
0.84	0.121107	0.115003	0.0530631
0.841	0.120091	0.113873	0.0530631
0.842	0.119083	0.112751	0.0530631
0.843	0.118081	0.111642	0.0530631
0.844	0.11708	0.110545	0.0530631
0.845	0.116085	0.109461	0.0530631
0.846	0.115102	0.108394	0.0530631
0.847	0.114127	0.10734	0.0530631
0.848	0.113162	0.106303	0.0530631
0.849	0.11221	0.105287	0.0530631
0.85	0.111269	0.104276	0.0530631
0.851	0.110337	0.103273	0.0530631
0.852	0.109419	0.102282	0.0530631
0.853	0.108507	0.101298	0.0530631
0.854	0.1076	0.100321	0.0530631
0.855	0.106702	0.0993598	0.0530631
0.856	0.105808	0.0984121	0.0530631
0.857	0.10492	0.0974678	0.0530631
0.858	0.104041	0.0965341	0.0530631
0.859	0.103178	0.0956139	0.0530631
0.86	0.102328	0.0947088	0.0530631
0.861	0.10148	0.0938151	0.0530631
0.862	0.100639	0.0929307	0.0530631
0.863	0.0997983	0.0920553	0.0530631
0.864	0.0989718	0.091196	0.0530631
0.865	0.0981593	0.0903446	0.0530631
0.866	0.0973555	0.089508	0.0530631
0.867	0.0965593	0.0886821	0.0530631
0.868	0.0957704	0.0878647	0.0530631
0.869	0.0949892	0.0870536	0.0530631
0.87	0.094211	0.0862574	0.0530631
0.871	0.09344	0.0854741	0.0530631
0.872	0.0926777	0.0847025	0.0530631
0.873	0.0919246	0.0839363	0.0530631
0.874	0.0911903	0.0831784	0.0530631
0.875	0.0904647	0.0824323	0.0530631
0.876	0.089741	0.0817009	0.0530631
0.877	0.0890254	0.0809805	0.0530631
0.878	0.0883169	0.0802769	0.0530631
0.879	0.0876102	0.0795857	0.0530631
0.88	0.086914	0.0788957	0.0530631
0.881	0.0862291	0.078213	0.0530631
0.882	0.0855487	0.0775409	0.0530631
0.883	0.0848888	0.0768773	0.0530631
0.884	0.0842431	0.0762229	0.0530631
0.885	0.0835959	0.0755802	0.0530631
0.886	0.0829557	0.0749494	0.0530631
0.887	0.0823143	0.0743235	0.0530631
0.888	0.0816774	0.0737124	0.0530631
0.889	0.0810495	0.0731135	0.0530631
0.89	0.0804339	0.072526	0.0530631
0.891	0.0798311	0.0719483	0.0530631
0.892	0.0792429	0.0713742	0.0530631
0.893	0.078665	0.0708098	0.0530631
0.894	0.0780943	0.0702599	0.0530631
0.895	0.0775279	0.0697154	0.0530631
0.896	0.0769706	0.0691768	0.0530631
0.897	0.0764146	0.0686496	0.0530631
0.898	0.0758657	0.0681333	0.0530631
0.899	0.0753284	0.0676277	0.0530631
0.9	0.0747998	0.0671383	0.0530631
0.901	0.0742796	0.0666539	0.0530631
0.902	0.0737709	0.066179	0.0530631
0.903	0.0732783	0.0657101	0.0530631
0.904	0.0728004	0.0652487	0.0530631
0.905	0.0723344	0.0647992	0.0530631
0.906	0.0718696	0.0643608	0.0530631
0.907	0.0714111	0.0639342	0.0530631
0.908	0.0709554	0.0635173	0.0530631
0.909	0.0705075	0.0631089	0.0530631
0.91	0.0700628	0.0627097	0.0530631
0.911	0.0696233	0.0623218	0.0530631
0.912	0.0691974	0.0619385	0.0530631
0.913	0.0687838	0.061574	0.0530631
0.914	0.0683771	0.0612248	0.0530631
0.915	0.0679791	0.0608862	0.0530631
0.916	0.067584	0.0605574	0.0530631
0.917	0.0671942	0.0602411	0.0530631
0.918	0.066812	0.0599255	0.0530631
0.919	0.0664395	0.0596209	0.0530631
0.92	0.0660683	0.0593198	0.0530631
0.921	0.0657001	0.0590202	0.0530631
0.922	0.0653495	0.0587272	0.0530631
0.923	0.0650029	0.05845	0.0530631
0.924	0.06466	0.0581875	0.0530631
0.925	0.0643216	0.057936	0.0530631
0.926	0.0639889	0.057684	0.0530631
0.927	0.0636612	0.0574345	0.0530631
0.928	0.0633372	0.0571906	0.0530631
0.929	0.0630152	0.056955	0.0530631
0.93	0.0627018	0.0567326	0.0530631
0.931	0.0623963	0.0565134	0.0530631
0.932	0.0620918	0.0562939	0.0530631
0.933	0.0617875	0.0560782	0.0530631
0.934	0.0614962	0.0558756	0.0530631
0.935	0.0612134	0.0556772	0.0530631
0.936	0.0609379	0.0554841	0.0530631
0.937	0.0606599	0.0552916	0.0530631
0.938	0.0603912	0.055107	0.0530631
0.939	0.0601261	0.0549273	0.0530631
0.94	0.0598666	0.0547619	0.0530631
0.941	0.0596151	0.0545972	0.0530631
0.942	0.0593675	0.0544451	0.0530631
0.943	0.0591258	0.0542952	0.0530631
0.944	0.0588882	0.0541471	0.0530631
0.945	0.0586561	0.0540005	0.0530631
0.946	0.0584256	0.0538571	0.0530631
0.947	0.0582022	0.0537158	0.0530631
0.948	0.0579826	0.0535774	0.0530631
0.949	0.0577653	0.0534433	0.0530631
0.95	0.0575541	0.0533143	0.0530631
0.951	0.0573465	0.0531892	0.0530631
0.952	0.057141	0.0530704	0.0530631
0.953	0.0569394	0.0529628	0.0530631
0.954	0.0567474	0.0528597	0.0530631
0.955	0.0565586	0.0527596	0.0530631
0.956	0.0563735	0.0526628	0.0530631
0.957	0.056196	0.0525698	0.0530631
0.958	0.0560233	0.0524802	0.0530631
0.959	0.0558534	0.0523953	0.0530631
0.96	0.0556848	0.0523147	0.0530631
0.961	0.0555186	0.0522388	0.0530631
0.962	0.0553553	0.052167	0.0530631
0.963	0.0551986	0.052101	0.0530631
0.964	0.0550475	0.0520387	0.0530631
0.965	0.0549067	0.0519826	0.0530631
0.966	0.0547735	0.0519301	0.0530631
0.967	0.0546454	0.0518842	0.0530631
0.968	0.0545224	0.0518425	0.0530631
0.969	0.0544029	0.051807	0.0530631
0.97	0.0542868	0.0517748	0.0530631
0.971	0.054175	0.051748	0.0530631
0.972	0.0540689	0.0517301	0.0530631
0.973	0.0539673	0.0517167	0.0530631
0.974	0.0538706	0.0517091	0.0530631
0.975	0.0537824	0.0517082	0.0530631
0.976	0.0537014	0.051715	0.0530631
0.977	0.0536254	0.0517291	0.0530631
0.978	0.0535589	0.05175	0.0530631
0.979	0.0535025	0.0517846	0.0530631
0.98	0.0534624	0.0518325	0.0530631
0.981	0.0534315	0.051887	0.0530631
0.982	0.0534062	0.0519458	0.0530631
0.983	0.0533853	0.0520084	0.0530631
0.984	0.0533663	0.0520732	0.0530631
0.985	0.0533511	0.052143	0.0530631
0.986	0.0533384	0.0522127	0.0530631
0.987	0.0533243	0.0522827	0.0530631
0.988	0.0533087	0.0523509	0.0530631
0.989	0.0532928	0.0524191	0.0530631
0.99	0.0532781	0.0524855	0.0530631
0.991	0.0532631	0.0525489	0.0530631
0.992	0.053246	0.05261	0.0530631
0.993	0.0532275	0.0526697	0.0530631
0.994	0.0532054	0.0527285	0.0530631
0.995	0.0531797	0.0527843	0.0530631
0.996	0.0531541	0.0528385	0.0530631
0.997	0.0531246	0.0528874	0.0530631
0.998	0.053094	0.0529361	0.0530631
0.999	0.0530631	0.0529842	0.0530631
1	nan	nan	0.0530631
