t	norma	normb	norm
0.001	0.00703679	0.0121436	6.29147e-05
0.002	0.823973	1.44091	6.29147e-05
0.003	0.482335	0.798232	6.29147e-05
0.004	0.303786	0.501736	6.29147e-05
0.005	0.144724	0.238759	6.29147e-05
0.006	0.000690585	0.000594345	6.29147e-05
0.007	0.134568	0.219621	6.29147e-05
0.008	0.260157	0.424138	6.29147e-05
0.009	0.378544	0.615934	6.29147e-05
0.01	0.49079	0.796852	6.29147e-05
0.011	0.597696	0.968289	6.29147e-05
0.012	0.289546	0.453994	6.29147e-05
0.013	0.238098	0.37249	6.29147e-05
0.014	0.188915	0.294923	6.29147e-05
0.015	0.141776	0.220914	6.29147e-05
0.016	0.0964983	0.150142	6.29147e-05
0.017	0.0529417	0.0823349	6.29147e-05
0.018	0.0110355	0.0172667	6.29147e-05
0.019	0.0296116	0.0452873	6.29147e-05
0.02	0.0687948	0.105483	6.29147e-05
0.021	0.106709	0.163484	6.29147e-05
0.022	0.143433	0.219428	6.29147e-05
0.023	0.179036	0.27344	6.29147e-05
0.024	0.213581	0.325631	6.29147e-05
0.025	0.247123	0.3761	6.29147e-05
0.026	0.279714	0.424939	6.29147e-05
0.027	0.3114	0.472229	6.29147e-05
0.028	0.342223	0.518047	6.29147e-05
0.029	0.383	0.564852	6.29147e-05
0.03	0.364403	0.536505	6.29147e-05
0.031	0.346242	0.508909	6.29147e-05
0.032	0.328499	0.48203	6.29147e-05
0.033	0.311157	0.455836	6.29147e-05
0.034	0.294198	0.430297	6.29147e-05
0.035	0.277607	0.405387	6.29147e-05
0.036	0.261371	0.38108	6.29147e-05
0.037	0.245475	0.357353	6.29147e-05
0.038	0.229908	0.334182	6.29147e-05
0.039	0.214657	0.311548	6.29147e-05
0.04	0.199712	0.28943	6.29147e-05
0.041	0.185063	0.26781	6.29147e-05
0.042	0.170699	0.246672	6.29147e-05
0.043	0.156612	0.225998	6.29147e-05
0.044	0.142793	0.205773	6.29147e-05
0.045	0.129233	0.185982	6.29147e-05
0.046	0.115925	0.166612	6.29147e-05
0.047	0.102862	0.14765	6.29147e-05
0.048	0.0900365	0.129083	6.29147e-05
0.049	0.0774417	0.110898	6.29147e-05
0.05	0.0650714	0.0930857	6.29147e-05
0.051	0.0529199	0.0756341	6.29147e-05
0.052	0.0409833	0.0585332	6.29147e-05
0.053	0.0292583	0.0417732	6.29147e-05
0.054	0.0177417	0.0253446	6.29147e-05
0.055	0.00643804	0.00924429	6.29147e-05
0.056	0.00475574	0.00655374	6.29147e-05
0.057	0.0157095	0.0220403	6.29147e-05
0.058	0.0264804	0.0372291	6.29147e-05
0.059	0.0370727	0.0521278	6.29147e-05
0.06	0.0474905	0.0667436	6.29147e-05
0.061	0.0577377	0.0810835	6.29147e-05
0.062	0.0678182	0.0951544	6.29147e-05
0.063	0.0777356	0.108963	6.29147e-05
0.064	0.0874935	0.122514	6.29147e-05
0.065	0.0970952	0.135816	6.29147e-05
0.066	0.106544	0.148873	6.29147e-05
0.067	0.115843	0.161691	6.29147e-05
0.068	0.124996	0.174275	6.29147e-05
0.069	0.134005	0.186632	6.29147e-05
0.07	0.142874	0.198764	6.29147e-05
0.071	0.151604	0.210679	6.29147e-05
0.072	0.1602	0.22238	6.29147e-05
0.073	0.168662	0.233872	6.29147e-05
0.074	0.176995	0.245159	6.29147e-05
0.075	0.1852	0.256246	6.29147e-05
0.076	0.193279	0.267137	6.29147e-05
0.077	0.201236	0.277835	6.29147e-05
0.078	0.209072	0.288346	6.29147e-05
0.079	0.21679	0.298672	6.29147e-05
0.08	0.224391	0.308817	6.29147e-05
0.081	0.231878	0.318785	6.29147e-05
0.082	0.239253	0.32858	6.29147e-05
0.083	0.246518	0.338204	6.29147e-05
0.084	0.253674	0.347661	6.29147e-05
0.085	0.260723	0.356954	6.29147e-05
0.086	0.267668	0.366087	6.29147e-05
0.087	0.274509	0.375062	6.29147e-05
0.088	0.28125	0.383882	6.29147e-05
0.089	0.287891	0.39255	6.29147e-05
0.09	0.294434	0.40107	6.29147e-05
0.091	0.30088	0.409443	6.29147e-05
0.092	0.307232	0.417672	6.29147e-05
0.093	0.31349	0.42576	6.29147e-05
0.094	0.319657	0.43371	6.29147e-05
0.095	0.325733	0.441523	6.29147e-05
0.096	0.33172	0.449203	6.29147e-05
0.097	0.337619	0.456752	6.29147e-05
0.098	0.343433	0.464171	6.29147e-05
0.099	0.349161	0.471464	6.29147e-05
0.1	0.354806	0.478632	6.29147e-05
0.101	0.360369	0.485678	6.29147e-05
0.102	0.36585	0.492603	6.29147e-05
0.103	0.371252	0.49941	6.29147e-05
0.104	0.376575	0.5061	6.29147e-05
0.105	0.38182	0.512676	6.29147e-05
0.106	0.386989	0.519139	6.29147e-05
0.107	0.392083	0.525492	6.29147e-05
0.108	0.397102	0.531736	6.29147e-05
0.109	0.402048	0.537873	6.29147e-05
0.11	0.406923	0.543904	6.29147e-05
0.111	0.411726	0.549832	6.29147e-05
0.112	0.416459	0.555658	6.29147e-05
0.113	0.421123	0.561383	6.29147e-05
0.114	0.425719	0.56701	6.29147e-05
0.115	0.430248	0.57254	6.29147e-05
0.116	0.434711	0.577974	6.29147e-05
0.117	0.439108	0.583314	6.29147e-05
0.118	0.443441	0.588561	6.29147e-05
0.119	0.447711	0.593717	6.29147e-05
0.12	0.451917	0.598783	6.29147e-05
0.121	0.456062	0.603761	6.29147e-05
0.122	0.460147	0.608652	6.29147e-05
0.123	0.464171	0.613457	6.29147e-05
0.124	0.468135	0.618178	6.29147e-05
0.125	0.472041	0.622815	6.29147e-05
0.126	0.47589	0.627371	6.29147e-05
0.127	0.479681	0.631846	6.29147e-05
0.128	0.483416	0.636242	6.29147e-05
0.129	0.487095	0.64056	6.29147e-05
0.13	0.49072	0.6448	6.29147e-05
0.131	0.494291	0.648965	6.29147e-05
0.132	0.497808	0.653055	6.29147e-05
0.133	0.501273	0.657071	6.29147e-05
0.134	0.504685	0.661014	6.29147e-05
0.135	0.508047	0.664887	6.29147e-05
0.136	0.360485	0.462563	6.29147e-05
0.137	0.357063	0.457852	6.29147e-05
0.138	0.353668	0.453182	6.29147e-05
0.139	0.350298	0.448554	6.29147e-05
0.14	0.346955	0.443966	6.29147e-05
0.141	0.343636	0.439418	6.29147e-05
0.142	0.340343	0.434909	6.29147e-05
0.143	0.337075	0.430439	6.29147e-05
0.144	0.333831	0.426008	6.29147e-05
0.145	0.330612	0.421616	6.29147e-05
0.146	0.327416	0.417261	6.29147e-05
0.147	0.324245	0.412943	6.29147e-05
0.148	0.321098	0.408662	6.29147e-05
0.149	0.317974	0.404417	6.29147e-05
0.15	0.314873	0.400209	6.29147e-05
0.151	0.311795	0.396037	6.29147e-05
0.152	0.30874	0.391899	6.29147e-05
0.153	0.305707	0.387797	6.29147e-05
0.154	0.302697	0.383729	6.29147e-05
0.155	0.299709	0.379696	6.29147e-05
0.156	0.296743	0.375696	6.29147e-05
0.157	0.293799	0.37173	6.29147e-05
0.158	0.290876	0.367796	6.29147e-05
0.159	0.287975	0.363896	6.29147e-05
0.16	0.285094	0.360028	6.29147e-05
0.161	0.282235	0.356192	6.29147e-05
0.162	0.279396	0.352388	6.29147e-05
0.163	0.276578	0.348615	6.29147e-05
0.164	0.273781	0.344874	6.29147e-05
0.165	0.271003	0.341163	6.29147e-05
0.166	0.268246	0.337482	6.29147e-05
0.167	0.265508	0.333832	6.29147e-05
0.168	0.26279	0.330212	6.29147e-05
0.169	0.260091	0.326621	6.29147e-05
0.17	0.257412	0.32306	6.29147e-05
0.171	0.254752	0.319527	6.29147e-05
0.172	0.252111	0.316023	6.29147e-05
0.173	0.249489	0.312548	6.29147e-05
0.174	0.246885	0.309101	6.29147e-05
0.175	0.2443	0.305681	6.29147e-05
0.176	0.241733	0.302289	6.29147e-05
0.177	0.239184	0.298925	6.29147e-05
0.178	0.236654	0.295587	6.29147e-05
0.179	0.234141	0.292277	6.29147e-05
0.18	0.231646	0.288992	6.29147e-05
0.181	0.229169	0.285735	6.29147e-05
0.182	0.226709	0.282503	6.29147e-05
0.183	0.224266	0.279297	6.29147e-05
0.184	0.22184	0.276116	6.29147e-05
0.185	0.219432	0.272961	6.29147e-05
0.186	0.21704	0.269831	6.29147e-05
0.187	0.214665	0.266726	6.29147e-05
0.188	0.212307	0.263645	6.29147e-05
0.189	0.209965	0.260589	6.29147e-05
0.19	0.207639	0.257556	6.29147e-05
0.191	0.205329	0.254548	6.29147e-05
0.192	0.203036	0.251564	6.29147e-05
0.193	0.200759	0.248603	6.29147e-05
0.194	0.198497	0.245665	6.29147e-05
0.195	0.196251	0.24275	6.29147e-05
0.196	0.194021	0.239858	6.29147e-05
0.197	0.191806	0.236989	6.29147e-05
0.198	0.189606	0.234142	6.29147e-05
0.199	0.187421	0.231318	6.29147e-05
0.2	0.185252	0.228516	6.29147e-05
0.201	0.183098	0.225735	6.29147e-05
0.202	0.180958	0.222976	6.29147e-05
0.203	0.178833	0.220239	6.29147e-05
0.204	0.176723	0.217523	6.29147e-05
0.205	0.174627	0.214828	6.29147e-05
0.206	0.172546	0.212154	6.29147e-05
0.207	0.170479	0.2095	6.29147e-05
0.208	0.168426	0.206867	6.29147e-05
0.209	0.166387	0.204255	6.29147e-05
0.21	0.164362	0.201663	6.29147e-05
0.211	0.162351	0.199091	6.29147e-05
0.212	0.160354	0.196538	6.29147e-05
0.213	0.15837	0.194006	6.29147e-05
0.214	0.1564	0.191493	6.29147e-05
0.215	0.154444	0.188999	6.29147e-05
0.216	0.152501	0.186524	6.29147e-05
0.217	0.150571	0.184069	6.29147e-05
0.218	0.148654	0.181632	6.29147e-05
0.219	0.14675	0.179214	6.29147e-05
0.22	0.144859	0.176815	6.29147e-05
0.221	0.142982	0.174434	6.29147e-05
0.222	0.141116	0.172071	6.29147e-05
0.223	0.139264	0.169726	6.29147e-05
0.224	0.137424	0.1674	6.29147e-05
0.225	0.135597	0.165091	6.29147e-05
0.226	0.133782	0.1628	6.29147e-05
0.227	0.131979	0.160526	6.29147e-05
0.228	0.130189	0.158269	6.29147e-05
0.229	0.128411	0.15603	6.29147e-05
0.23	0.126645	0.153808	6.29147e-05
0.231	0.124891	0.151603	6.29147e-05
0.232	0.123149	0.149415	6.29147e-05
0.233	0.121418	0.147243	6.29147e-05
0.234	0.1197	0.145088	6.29147e-05
0.235	0.117993	0.142949	6.29147e-05
0.236	0.116297	0.140827	6.29147e-05
0.237	0.114613	0.138721	6.29147e-05
0.238	0.112941	0.136631	6.29147e-05
0.239	0.111279	0.134556	6.29147e-05
0.24	0.10963	0.132498	6.29147e-05
0.241	0.107991	0.130455	6.29147e-05
0.242	0.106363	0.128427	6.29147e-05
0.243	0.104746	0.126415	6.29147e-05
0.244	0.103141	0.124419	6.29147e-05
0.245	0.101546	0.122437	6.29147e-05
0.246	0.099962	0.120471	6.29147e-05
0.247	0.0983887	0.118519	6.29147e-05
0.248	0.0968261	0.116582	6.29147e-05
0.249	0.095274	0.11466	6.29147e-05
0.25	0.0937325	0.112753	6.29147e-05
0.251	0.0922014	0.11086	6.29147e-05
0.252	0.0906807	0.108981	6.29147e-05
0.253	0.0891703	0.107116	6.29147e-05
0.254	0.0876702	0.105266	6.29147e-05
0.255	0.0861802	0.10343	6.29147e-05
0.256	0.0847003	0.101607	6.29147e-05
0.257	0.0832304	0.0997988	6.29147e-05
0.258	0.0817705	0.098004	6.29147e-05
0.259	0.0803206	0.0962228	6.29147e-05
0.26	0.0788804	0.0944551	6.29147e-05
0.261	0.07745	0.0927008	6.29147e-05
0.262	0.0760294	0.0909597	6.29147e-05
0.263	0.0746184	0.089232	6.29147e-05
0.264	0.0732169	0.0875172	6.29147e-05
0.265	0.071825	0.0858155	6.29147e-05
0.266	0.0704426	0.0841268	6.29147e-05
0.267	0.0690695	0.0824508	6.29147e-05
0.268	0.0677058	0.0807875	6.29147e-05
0.269	0.0663514	0.0791369	6.29147e-05
0.27	0.0650062	0.0774988	6.29147e-05
0.271	0.0636701	0.0758732	6.29147e-05
0.272	0.0623432	0.0742599	6.29147e-05
0.273	0.0610253	0.0726588	6.29147e-05
0.274	0.0597164	0.07107	6.29147e-05
0.275	0.0584164	0.0694932	6.29147e-05
0.276	0.0571252	0.0679284	6.29147e-05
0.277	0.0558429	0.0663755	6.29147e-05
0.278	0.0545694	0.0648344	6.29147e-05
0.279	0.0533046	0.063305	6.29147e-05
0.28	0.0520484	0.0617873	6.29147e-05
0.281	0.0508008	0.0602812	6.29147e-05
0.282	0.0495618	0.0587866	6.29147e-05
0.283	0.0483312	0.0573033	6.29147e-05
0.284	0.0471091	0.0558314	6.29147e-05
0.285	0.0458954	0.0543707	6.29147e-05
0.286	0.04469	0.0529211	6.29147e-05
0.287	0.0434929	0.0514826	6.29147e-05
0.288	0.042304	0.0500552	6.29147e-05
0.289	0.0411233	0.0486386	6.29147e-05
0.29	0.0399507	0.0472329	6.29147e-05
0.291	0.0387862	0.0458379	6.29147e-05
0.292	0.0376297	0.0444537	6.29147e-05
0.293	0.0364812	0.04308	6.29147e-05
0.294	0.0353407	0.0417169	6.29147e-05
0.295	0.034208	0.0403642	6.29147e-05
0.296	0.0330832	0.039022	6.29147e-05
0.297	0.0319661	0.03769	6.29147e-05
0.298	0.0308568	0.0363683	6.29147e-05
0.299	0.0297551	0.0350568	6.29147e-05
0.3	0.0286612	0.0337554	6.29147e-05
0.301	0.0275748	0.032464	6.29147e-05
0.302	0.026496	0.0311826	6.29147e-05
0.303	0.0254246	0.029911	6.29147e-05
0.304	0.0243608	0.0286493	6.29147e-05
0.305	0.0233043	0.0273974	6.29147e-05
0.306	0.0222553	0.0261551	6.29147e-05
0.307	0.0212135	0.0249225	6.29147e-05
0.308	0.0201791	0.0236994	6.29147e-05
0.309	0.0191519	0.0224858	6.29147e-05
0.31	0.018132	0.0212817	6.29147e-05
0.311	0.0171192	0.0200869	6.29147e-05
0.312	0.0161135	0.0189014	6.29147e-05
0.313	0.015115	0.0177251	6.29147e-05
0.314	0.0141235	0.016558	6.29147e-05
0.315	0.0131391	0.0154	6.29147e-05
0.316	0.0121617	0.0142511	6.29147e-05
0.317	0.0111912	0.0131112	6.29147e-05
0.318	0.0102276	0.0119801	6.29147e-05
0.319	0.00927097	0.010858	6.29147e-05
0.32	0.00832114	0.00974465	6.29147e-05
0.321	0.00737813	0.00864007	6.29147e-05
0.322	0.0064419	0.00754422	6.29147e-05
0.323	0.00551241	0.00645707	6.29147e-05
0.324	0.00458963	0.0053786	6.29147e-05
0.325	0.00367351	0.00430876	6.29147e-05
0.326	0.0027649	0.00324752	6.29147e-05
0.327	0.00186445	0.00219485	6.29147e-05
0.328	0.000975885	0.0011518	6.29147e-05
0.329	0.000140074	0.000139723	6.29147e-05
0.33	0.000819926	0.000917272	6.29147e-05
0.331	0.00169815	0.00193756	6.29147e-05
0.332	0.00257003	0.00294971	6.29147e-05
0.333	0.00343563	0.0039538	6.29147e-05
0.334	0.00429499	0.00494987	6.29147e-05
0.335	0.0051481	0.00593796	6.29147e-05
0.336	0.00599504	0.00691815	6.29147e-05
0.337	0.00683584	0.00789048	6.29147e-05
0.338	0.00767051	0.00885499	6.29147e-05
0.339	0.00849909	0.00981174	6.29147e-05
0.34	0.00932165	0.0107608	6.29147e-05
0.341	0.0101382	0.0117022	6.29147e-05
0.342	0.0109488	0.012636	6.29147e-05
0.343	0.0117534	0.0135622	6.29147e-05
0.344	0.0125521	0.0144809	6.29147e-05
0.345	0.0133449	0.0153921	6.29147e-05
0.346	0.0141319	0.016296	6.29147e-05
0.347	0.0149131	0.0171925	6.29147e-05
0.348	0.0156885	0.0180816	6.29147e-05
0.349	0.0164582	0.0189635	6.29147e-05
0.35	0.0172221	0.0198382	6.29147e-05
0.351	0.0179804	0.0207057	6.29147e-05
0.352	0.018733	0.021566	6.29147e-05
0.353	0.01948	0.0224193	6.29147e-05
0.354	0.0202214	0.0232656	6.29147e-05
0.355	0.0209573	0.0241048	6.29147e-05
0.356	0.0216876	0.0249371	6.29147e-05
0.357	0.0224125	0.0257625	6.29147e-05
0.358	0.0231319	0.0265811	6.29147e-05
0.359	0.0238458	0.0273928	6.29147e-05
0.36	0.0245544	0.0281977	6.29147e-05
0.361	0.0252576	0.028996	6.29147e-05
0.362	0.0259554	0.0297875	6.29147e-05
0.363	0.0266479	0.0305724	6.29147e-05
0.364	0.0273352	0.0313507	6.29147e-05
0.365	0.0280172	0.0321224	6.29147e-05
0.366	0.0286939	0.0328876	6.29147e-05
0.367	0.0293655	0.0336464	6.29147e-05
0.368	0.0300319	0.0343987	6.29147e-05
0.369	0.0306931	0.0351446	6.29147e-05
0.37	0.0313493	0.0358841	6.29147e-05
0.371	0.0320003	0.0366174	6.29147e-05
0.372	0.0326463	0.0373443	6.29147e-05
0.373	0.0332873	0.038065	6.29147e-05
0.374	0.0339233	0.0387796	6.29147e-05
0.375	0.0345543	0.0394879	6.29147e-05
0.376	0.0351804	0.0401902	6.29147e-05
0.377	0.0358015	0.0408863	6.29147e-05
0.378	0.0364177	0.0415765	6.29147e-05
0.379	0.0370291	0.0422606	6.29147e-05
0.38	0.0376356	0.0429387	6.29147e-05
0.381	0.0382373	0.0436109	6.29147e-05
0.382	0.0388343	0.0442773	6.29147e-05
0.383	0.0394264	0.0449377	6.29147e-05
0.384	0.0400139	0.0455924	6.29147e-05
0.385	0.0405966	0.0462412	6.29147e-05
0.386	0.0411746	0.0468843	6.29147e-05
0.387	0.041748	0.0475217	6.29147e-05
0.388	0.0423167	0.0481534	6.29147e-05
0.389	0.0428808	0.0487795	6.29147e-05
0.39	0.0434404	0.0493999	6.29147e-05
0.391	0.0439954	0.0500148	6.29147e-05
0.392	0.0445458	0.0506241	6.29147e-05
0.393	0.0450917	0.051228	6.29147e-05
0.394	0.0456331	0.0518263	6.29147e-05
0.395	0.0461701	0.0524193	6.29147e-05
0.396	0.0467026	0.0530068	6.29147e-05
0.397	0.0472308	0.0535889	6.29147e-05
0.398	0.0477545	0.0541657	6.29147e-05
0.399	0.0482738	0.0547372	6.29147e-05
0.4	0.0487888	0.0553034	6.29147e-05
0.401	0.0492995	0.0558644	6.29147e-05
0.402	0.0498058	0.0564202	6.29147e-05
0.403	0.0503079	0.0569707	6.29147e-05
0.404	0.0508057	0.0575162	6.29147e-05
0.405	0.0512993	0.0580565	6.29147e-05
0.406	0.0517887	0.0585917	6.29147e-05
0.407	0.0522739	0.0591219	6.29147e-05
0.408	0.0527549	0.059647	6.29147e-05
0.409	0.0532318	0.0601672	6.29147e-05
0.41	0.0537046	0.0606824	6.29147e-05
0.411	0.0541732	0.0611927	6.29147e-05
0.412	0.0546378	0.061698	6.29147e-05
0.413	0.0550983	0.0621985	6.29147e-05
0.414	0.0555548	0.0626941	6.29147e-05
0.415	0.0560072	0.0631849	6.29147e-05
0.416	0.0564557	0.063671	6.29147e-05
0.417	0.0569001	0.0641522	6.29147e-05
0.418	0.0573407	0.0646288	6.29147e-05
0.419	0.0577773	0.0651006	6.29147e-05
0.42	0.0582099	0.0655678	6.29147e-05
0.421	0.0586387	0.0660303	6.29147e-05
0.422	0.0590636	0.0664882	6.29147e-05
0.423	0.0594847	0.0669415	6.29147e-05
0.424	0.0599019	0.0673902	6.29147e-05
0.425	0.0603153	0.0678344	6.29147e-05
0.426	0.0607249	0.0682741	6.29147e-05
0.427	0.0611307	0.0687093	6.29147e-05
0.428	0.0615328	0.0691401	6.29147e-05
0.429	0.0619311	0.0695664	6.29147e-05
0.43	0.0623258	0.0699883	6.29147e-05
0.431	0.0627167	0.0704059	6.29147e-05
0.432	0.063104	0.0708191	6.29147e-05
0.433	0.0634875	0.071228	6.29147e-05
0.434	0.0638675	0.0716325	6.29147e-05
0.435	0.0642438	0.0720328	6.29147e-05
0.436	0.0646165	0.0724289	6.29147e-05
0.437	0.0649857	0.0728207	6.29147e-05
0.438	0.0653513	0.0732083	6.29147e-05
0.439	0.0657133	0.0735918	6.29147e-05
0.44	0.0660718	0.0739711	6.29147e-05
0.441	0.0664268	0.0743462	6.29147e-05
0.442	0.0667783	0.0747173	6.29147e-05
0.443	0.0671263	0.0750843	6.29147e-05
0.444	0.0674708	0.0754472	6.29147e-05
0.445	0.0678119	0.0758061	6.29147e-05
0.446	0.0681496	0.076161	6.29147e-05
0.447	0.0684839	0.0765119	6.29147e-05
0.448	0.0688148	0.0768589	6.29147e-05
0.449	0.0691423	0.0772019	6.29147e-05
0.45	0.0694665	0.077541	6.29147e-05
0.451	0.0697873	0.0778763	6.29147e-05
0.452	0.0701048	0.0782076	6.29147e-05
0.453	0.070419	0.0785351	6.29147e-05
0.454	0.0707299	0.0788588	6.29147e-05
0.455	0.0710375	0.0791787	6.29147e-05
0.456	0.0713419	0.0794948	6.29147e-05
0.457	0.0716431	0.0798071	6.29147e-05
0.458	0.071941	0.0801157	6.29147e-05
0.459	0.0722357	0.0804206	6.29147e-05
0.46	0.0725272	0.0807218	6.29147e-05
0.461	0.0728156	0.0810193	6.29147e-05
0.462	0.0731008	0.0813132	6.29147e-05
0.463	0.0733829	0.0816035	6.29147e-05
0.464	0.0736618	0.0818901	6.29147e-05
0.465	0.0739376	0.0821732	6.29147e-05
0.466	0.0742103	0.0824527	6.29147e-05
0.467	0.07448	0.0827286	6.29147e-05
0.468	0.0747466	0.083001	6.29147e-05
0.469	0.0750101	0.0832699	6.29147e-05
0.47	0.0752706	0.0835354	6.29147e-05
0.471	0.0755281	0.0837973	6.29147e-05
0.472	0.0757826	0.0840559	6.29147e-05
0.473	0.0760341	0.0843109	6.29147e-05
0.474	0.0762826	0.0845626	6.29147e-05
0.475	0.0765281	0.0848109	6.29147e-05
0.476	0.0767708	0.0850559	6.29147e-05
0.477	0.0770104	0.0852975	6.29147e-05
0.478	0.0772472	0.0855357	6.29147e-05
0.479	0.0774811	0.0857707	6.29147e-05
0.48	0.0777121	0.0860024	6.29147e-05
0.481	0.0779402	0.0862307	6.29147e-05
0.482	0.0781655	0.0864559	6.29147e-05
0.483	0.0783879	0.0866778	6.29147e-05
0.484	0.0786075	0.0868965	6.29147e-05
0.485	0.0788242	0.087112	6.29147e-05
0.486	0.0790382	0.0873243	6.29147e-05
0.487	0.0792494	0.0875334	6.29147e-05
0.488	0.0794578	0.0877395	6.29147e-05
0.489	0.0796634	0.0879423	6.29147e-05
0.49	0.0798663	0.0881421	6.29147e-05
0.491	0.0800665	0.0883388	6.29147e-05
0.492	0.080264	0.0885324	6.29147e-05
0.493	0.0804587	0.088723	6.29147e-05
0.494	0.0806508	0.0889105	6.29147e-05
0.495	0.0808401	0.089095	6.29147e-05
0.496	0.0810268	0.0892765	6.29147e-05
0.497	0.0812109	0.089455	6.29147e-05
0.498	0.0813923	0.0896306	6.29147e-05
0.499	0.0815711	0.0898032	6.29147e-05
0.5	0.0817473	0.0899728	6.29147e-05
0.501	0.0819208	0.0901395	6.29147e-05
0.502	0.0820918	0.0903034	6.29147e-05
0.503	0.0822602	0.0904643	6.29147e-05
0.504	0.0824261	0.0906224	6.29147e-05
0.505	0.0825893	0.0907776	6.29147e-05
0.506	0.0827501	0.09093	6.29147e-05
0.507	0.0829083	0.0910796	6.29147e-05
0.508	0.083064	0.0912263	6.29147e-05
0.509	0.0832172	0.0913703	6.29147e-05
0.51	0.083368	0.0915115	6.29147e-05
0.511	0.0835162	0.0916499	6.29147e-05
0.512	0.083662	0.0917856	6.29147e-05
0.513	0.0838053	0.0919186	6.29147e-05
0.514	0.0839462	0.0920488	6.29147e-05
0.515	0.0840846	0.0921763	6.29147e-05
0.516	0.0842207	0.0923012	6.29147e-05
0.517	0.0843543	0.0924234	6.29147e-05
0.518	0.0844855	0.092543	6.29147e-05
0.519	0.0846144	0.0926599	6.29147e-05
0.52	0.0847409	0.0927742	6.29147e-05
0.521	0.084865	0.0928858	6.29147e-05
0.522	0.0849868	0.0929949	6.29147e-05
0.523	0.0851062	0.0931014	6.29147e-05
0.524	0.0852233	0.0932054	6.29147e-05
0.525	0.0853381	0.0933067	6.29147e-05
0.526	0.0854506	0.0934056	6.29147e-05
0.527	0.0855608	0.0935019	6.29147e-05
0.528	0.0856687	0.0935957	6.29147e-05
0.529	0.0857744	0.0936871	6.29147e-05
0.53	0.0858777	0.0937759	6.29147e-05
0.531	0.0859789	0.0938623	6.29147e-05
0.532	0.0860778	0.0939462	6.29147e-05
0.533	0.0861745	0.0940277	6.29147e-05
0.534	0.0862689	0.0941068	6.29147e-05
0.535	0.0863612	0.0941834	6.29147e-05
0.536	0.0864512	0.0942577	6.29147e-05
0.537	0.0865391	0.0943295	6.29147e-05
0.538	0.0866248	0.094399	6.29147e-05
0.539	0.0867083	0.0944662	6.29147e-05
0.54	0.0867897	0.094531	6.29147e-05
0.541	0.086869	0.0945934	6.29147e-05
0.542	0.0869461	0.0946535	6.29147e-05
0.543	0.0870211	0.0947114	6.29147e-05
0.544	0.0870939	0.0947669	6.29147e-05
0.545	0.0871647	0.0948202	6.29147e-05
0.546	0.0872334	0.0948711	6.29147e-05
0.547	0.0873	0.0949199	6.29147e-05
0.548	0.0873645	0.0949663	6.29147e-05
0.549	0.087427	0.0950106	6.29147e-05
0.55	0.0874874	0.0950526	6.29147e-05
0.551	0.0875458	0.0950925	6.29147e-05
0.552	0.0876021	0.0951301	6.29147e-05
0.553	0.0876564	0.0951655	6.29147e-05
0.554	0.0877087	0.0951988	6.29147e-05
0.555	0.087759	0.0952299	6.29147e-05
0.556	0.0878073	0.0952589	6.29147e-05
0.557	0.0878537	0.0952857	6.29147e-05
0.558	0.087898	0.0953104	6.29147e-05
0.559	0.0879404	0.095333	6.29147e-05
0.56	0.0879808	0.0953535	6.29147e-05
0.561	0.0880193	0.0953719	6.29147e-05
0.562	0.0880558	0.0953883	6.29147e-05
0.563	0.0880904	0.0954025	6.29147e-05
0.564	0.0881231	0.0954148	6.29147e-05
0.565	0.0881539	0.0954249	6.29147e-05
0.566	0.0881828	0.0954331	6.29147e-05
0.567	0.0882098	0.0954392	6.29147e-05
0.568	0.0882349	0.0954433	6.29147e-05
0.569	0.0882581	0.0954454	6.29147e-05
0.57	0.0882795	0.0954455	6.29147e-05
0.571	0.088299	0.0954437	6.29147e-05
0.572	0.0883166	0.0954399	6.29147e-05
0.573	0.0883325	0.0954341	6.29147e-05
0.574	0.0883465	0.0954264	6.29147e-05
0.575	0.0883586	0.0954167	6.29147e-05
0.576	0.088369	0.0954052	6.29147e-05
0.577	0.0883775	0.0953917	6.29147e-05
0.578	0.0883843	0.0953763	6.29147e-05
0.579	0.0883892	0.095359	6.29147e-05
0.58	0.0883924	0.0953399	6.29147e-05
0.581	0.0883939	0.0953188	6.29147e-05
0.582	0.0883935	0.095296	6.29147e-05
0.583	0.0883914	0.0952712	6.29147e-05
0.584	0.0883876	0.0952446	6.29147e-05
0.585	0.088382	0.0952162	6.29147e-05
0.586	0.0883747	0.095186	6.29147e-05
0.587	0.0883656	0.095154	6.29147e-05
0.588	0.0883549	0.0951201	6.29147e-05
0.589	0.0883424	0.0950845	6.29147e-05
0.59	0.0883283	0.0950471	6.29147e-05
0.591	0.0883124	0.0950079	6.29147e-05
0.592	0.0882949	0.094967	6.29147e-05
0.593	0.0882757	0.0949243	6.29147e-05
0.594	0.0882549	0.0948798	6.29147e-05
0.595	0.0882323	0.0948337	6.29147e-05
0.596	0.0882082	0.0947858	6.29147e-05
0.597	0.0881824	0.0947362	6.29147e-05
0.598	0.0881549	0.0946849	6.29147e-05
0.599	0.0881259	0.0946319	6.29147e-05
0.6	0.0880952	0.0945772	6.29147e-05
0.601	0.0880629	0.0945208	6.29147e-05
0.602	0.088029	0.0944628	6.29147e-05
0.603	0.0879935	0.0944031	6.29147e-05
0.604	0.0879564	0.0943417	6.29147e-05
0.605	0.0879177	0.0942788	6.29147e-05
0.606	0.0878775	0.0942142	6.29147e-05
0.607	0.0878357	0.0941479	6.29147e-05
0.608	0.0877923	0.0940801	6.29147e-05
0.609	0.0877474	0.0940106	6.29147e-05
0.61	0.0877009	0.0939396	6.29147e-05
0.611	0.0876529	0.0938669	6.29147e-05
0.612	0.0876034	0.0937927	6.29147e-05
0.613	0.0875523	0.093717	6.29147e-05
0.614	0.0874997	0.0936396	6.29147e-05
0.615	0.0874457	0.0935607	6.29147e-05
0.616	0.0873901	0.0934803	6.29147e-05
0.617	0.087333	0.0933983	6.29147e-05
0.618	0.0872744	0.0933148	6.29147e-05
0.619	0.0872144	0.0932298	6.29147e-05
0.62	0.0871529	0.0931432	6.29147e-05
0.621	0.0870899	0.0930552	6.29147e-05
0.622	0.0870254	0.0929657	6.29147e-05
0.623	0.0869595	0.0928747	6.29147e-05
0.624	0.0868922	0.0927822	6.29147e-05
0.625	0.0868234	0.0926882	6.29147e-05
0.626	0.0867532	0.0925928	6.29147e-05
0.627	0.0866815	0.0924959	6.29147e-05
0.628	0.0866085	0.0923975	6.29147e-05
0.629	0.086534	0.0922978	6.29147e-05
0.63	0.0864581	0.0921966	6.29147e-05
0.631	0.0863808	0.092094	6.29147e-05
0.632	0.0863021	0.0919899	6.29147e-05
0.633	0.086222	0.0918845	6.29147e-05
0.634	0.0861406	0.0917776	6.29147e-05
0.635	0.0860578	0.0916694	6.29147e-05
0.636	0.0859736	0.0915598	6.29147e-05
0.637	0.085888	0.0914488	6.29147e-05
0.638	0.0552107	0.0587492	6.29147e-05
0.639	0.0548411	0.0583436	6.29147e-05
0.64	0.0544732	0.0579399	6.29147e-05
0.641	0.0541069	0.0575382	6.29147e-05
0.642	0.0537423	0.0571384	6.29147e-05
0.643	0.0533794	0.0567407	6.29147e-05
0.644	0.0530182	0.0563449	6.29147e-05
0.645	0.0526586	0.055951	6.29147e-05
0.646	0.0523007	0.055559	6.29147e-05
0.647	0.0519444	0.055169	6.29147e-05
0.648	0.0515897	0.0547809	6.29147e-05
0.649	0.0512367	0.0543947	6.29147e-05
0.65	0.0508853	0.0540104	6.29147e-05
0.651	0.0505355	0.053628	6.29147e-05
0.652	0.0501874	0.0532475	6.29147e-05
0.653	0.0498409	0.0528689	6.29147e-05
0.654	0.049496	0.0524921	6.29147e-05
0.655	0.0491526	0.0521173	6.29147e-05
0.656	0.0488109	0.0517443	6.29147e-05
0.657	0.0484708	0.0513731	6.29147e-05
0.658	0.0481323	0.0510038	6.29147e-05
0.659	0.0477953	0.0506364	6.29147e-05
0.66	0.04746	0.0502707	6.29147e-05
0.661	0.0471262	0.049907	6.29147e-05
0.662	0.046794	0.049545	6.29147e-05
0.663	0.0464633	0.0491848	6.29147e-05
0.664	0.0461342	0.0488265	6.29147e-05
0.665	0.0458067	0.0484699	6.29147e-05
0.666	0.0454807	0.0481152	6.29147e-05
0.667	0.0451562	0.0477622	6.29147e-05
0.668	0.0448333	0.0474111	6.29147e-05
0.669	0.044512	0.0470617	6.29147e-05
0.67	0.0441921	0.0467141	6.29147e-05
0.671	0.0438738	0.0463682	6.29147e-05
0.672	0.043557	0.0460241	6.29147e-05
0.673	0.0432417	0.0456818	6.29147e-05
0.674	0.042928	0.0453412	6.29147e-05
0.675	0.0426157	0.0450023	6.29147e-05
0.676	0.042305	0.0446651	6.29147e-05
0.677	0.0419957	0.0443297	6.29147e-05
0.678	0.0416879	0.043996	6.29147e-05
0.679	0.0413816	0.0436641	6.29147e-05
0.68	0.0410768	0.0433338	6.29147e-05
0.681	0.0407735	0.0430052	6.29147e-05
0.682	0.0404717	0.0426784	6.29147e-05
0.683	0.0401713	0.0423532	6.29147e-05
0.684	0.0398724	0.0420297	6.29147e-05
0.685	0.0395749	0.0417078	6.29147e-05
0.686	0.0392789	0.0413877	6.29147e-05
0.687	0.0389844	0.0410692	6.29147e-05
0.688	0.0386913	0.0407524	6.29147e-05
0.689	0.0383996	0.0404372	6.29147e-05
0.69	0.0381094	0.0401236	6.29147e-05
0.691	0.0378206	0.0398118	6.29147e-05
0.692	0.0375332	0.0395015	6.29147e-05
0.693	0.0372473	0.0391929	6.29147e-05
0.694	0.0369627	0.0388859	6.29147e-05
0.695	0.0366796	0.0385805	6.29147e-05
0.696	0.0363979	0.0382767	6.29147e-05
0.697	0.0361176	0.0379745	6.29147e-05
0.698	0.0358388	0.0376739	6.29147e-05
0.699	0.0355613	0.037375	6.29147e-05
0.7	0.0352852	0.0370776	6.29147e-05
0.701	0.0350105	0.0367818	6.29147e-05
0.702	0.0347371	0.0364875	6.29147e-05
0.703	0.0344652	0.0361949	6.29147e-05
0.704	0.0341946	0.0359038	6.29147e-05
0.705	0.0339254	0.0356142	6.29147e-05
0.706	0.0336576	0.0353263	6.29147e-05
0.707	0.0333911	0.0350398	6.29147e-05
0.708	0.033126	0.034755	6.29147e-05
0.709	0.0328622	0.0344716	6.29147e-05
0.71	0.0325998	0.0341898	6.29147e-05
0.711	0.0323388	0.0339095	6.29147e-05
0.712	0.0320791	0.0336307	6.29147e-05
0.713	0.0318207	0.0333535	6.29147e-05
0.714	0.0315637	0.0330778	6.29147e-05
0.715	0.0313079	0.0328035	6.29147e-05
0.716	0.0310535	0.0325308	6.29147e-05
0.717	0.0308005	0.0322595	6.29147e-05
0.718	0.0305487	0.0319898	6.29147e-05
0.719	0.0302983	0.0317215	6.29147e-05
0.72	0.0300492	0.0314547	6.29147e-05
0.721	0.0298013	0.0311894	6.29147e-05
0.722	0.0295548	0.0309256	6.29147e-05
0.723	0.0293096	0.0306632	6.29147e-05
0.724	0.0290657	0.0304023	6.29147e-05
0.725	0.028823	0.0301428	6.29147e-05
0.726	0.0285817	0.0298848	6.29147e-05
0.727	0.0283416	0.0296282	6.29147e-05
0.728	0.0281028	0.0293731	6.29147e-05
0.729	0.0278653	0.0291194	6.29147e-05
0.73	0.0276291	0.0288671	6.29147e-05
0.731	0.0273941	0.0286163	6.29147e-05
0.732	0.0271603	0.0283668	6.29147e-05
0.733	0.0269279	0.0281188	6.29147e-05
0.734	0.0266967	0.0278722	6.29147e-05
0.735	0.0264667	0.027627	6.29147e-05
0.736	0.026238	0.0273832	6.29147e-05
0.737	0.0260105	0.0271407	6.29147e-05
0.738	0.0257843	0.0268997	6.29147e-05
0.739	0.0255593	0.0266601	6.29147e-05
0.74	0.0253356	0.0264218	6.29147e-05
0.741	0.025113	0.0261849	6.29147e-05
0.742	0.0248917	0.0259494	6.29147e-05
0.743	0.0246717	0.0257152	6.29147e-05
0.744	0.0244528	0.0254824	6.29147e-05
0.745	0.0242351	0.025251	6.29147e-05
0.746	0.0240187	0.0250209	6.29147e-05
0.747	0.0238034	0.0247921	6.29147e-05
0.748	0.0235894	0.0245647	6.29147e-05
0.749	0.0233766	0.0243386	6.29147e-05
0.75	0.0231649	0.0241139	6.29147e-05
0.751	0.0229545	0.0238905	6.29147e-05
0.752	0.0227452	0.0236684	6.29147e-05
0.753	0.0225371	0.0234476	6.29147e-05
0.754	0.0223302	0.0232281	6.29147e-05
0.755	0.0221245	0.02301	6.29147e-05
0.756	0.0219199	0.0227931	6.29147e-05
0.757	0.0217165	0.0225776	6.29147e-05
0.758	0.0215143	0.0223633	6.29147e-05
0.759	0.0213133	0.0221503	6.29147e-05
0.76	0.0211134	0.0219387	6.29147e-05
0.761	0.0209147	0.0217283	6.29147e-05
0.762	0.0207171	0.0215191	6.29147e-05
0.763	0.0205206	0.0213113	6.29147e-05
0.764	0.0203254	0.0211047	6.29147e-05
0.765	0.0201312	0.0208994	6.29147e-05
0.766	0.0199382	0.0206953	6.29147e-05
0.767	0.0197463	0.0204925	6.29147e-05
0.768	0.0195556	0.020291	6.29147e-05
0.769	0.019366	0.0200906	6.29147e-05
0.77	0.0191775	0.0198916	6.29147e-05
0.771	0.0189901	0.0196937	6.29147e-05
0.772	0.0188039	0.0194971	6.29147e-05
0.773	0.0186188	0.0193018	6.29147e-05
0.774	0.0184347	0.0191076	6.29147e-05
0.775	0.0182518	0.0189147	6.29147e-05
0.776	0.01807	0.018723	6.29147e-05
0.777	0.0178893	0.0185325	6.29147e-05
0.778	0.0177097	0.0183433	6.29147e-05
0.779	0.0175312	0.0181552	6.29147e-05
0.78	0.0173538	0.0179683	6.29147e-05
0.781	0.0171774	0.0177826	6.29147e-05
0.782	0.0170022	0.0175981	6.29147e-05
0.783	0.016828	0.0174148	6.29147e-05
0.784	0.016655	0.0172327	6.29147e-05
0.785	0.016483	0.0170518	6.29147e-05
0.786	0.016312	0.016872	6.29147e-05
0.787	0.0161422	0.0166934	6.29147e-05
0.788	0.0159734	0.016516	6.29147e-05
0.789	0.0158056	0.0163397	6.29147e-05
0.79	0.0156389	0.0161646	6.29147e-05
0.791	0.0154733	0.0159907	6.29147e-05
0.792	0.0153088	0.0158179	6.29147e-05
0.793	0.0151452	0.0156462	6.29147e-05
0.794	0.0149828	0.0154757	6.29147e-05
0.795	0.0148214	0.0153064	6.29147e-05
0.796	0.014661	0.0151382	6.29147e-05
0.797	0.0145016	0.0149711	6.29147e-05
0.798	0.0143433	0.0148051	6.29147e-05
0.799	0.014186	0.0146403	6.29147e-05
0.8	0.0140298	0.0144765	6.29147e-05
0.801	0.0138746	0.0143139	6.29147e-05
0.802	0.0137204	0.0141524	6.29147e-05
0.803	0.0135672	0.0139921	6.29147e-05
0.804	0.013415	0.0138328	6.29147e-05
0.805	0.0132639	0.0136746	6.29147e-05
0.806	0.0131137	0.0135175	6.29147e-05
0.807	0.0129646	0.0133616	6.29147e-05
0.808	0.0128165	0.0132067	6.29147e-05
0.809	0.0126694	0.0130529	6.29147e-05
0.81	0.0125232	0.0129002	6.29147e-05
0.811	0.0123781	0.0127485	6.29147e-05
0.812	0.012234	0.012598	6.29147e-05
0.813	0.0120908	0.0124485	6.29147e-05
0.814	0.0119487	0.0123	6.29147e-05
0.815	0.0118075	0.0121527	6.29147e-05
0.816	0.0116673	0.0120064	6.29147e-05
0.817	0.0115281	0.0118612	6.29147e-05
0.818	0.0113898	0.011717	6.29147e-05
0.819	0.0112526	0.0115739	6.29147e-05
0.82	0.0111163	0.0114318	6.29147e-05
0.821	0.010981	0.0112907	6.29147e-05
0.822	0.0108466	0.0111507	6.29147e-05
0.823	0.0107132	0.0110118	6.29147e-05
0.824	0.0105808	0.0108738	6.29147e-05
0.825	0.0104493	0.0107369	6.29147e-05
0.826	0.0103187	0.0106011	6.29147e-05
0.827	0.0101891	0.0104662	6.29147e-05
0.828	0.0100605	0.0103324	6.29147e-05
0.829	0.0099328	0.0101996	6.29147e-05
0.83	0.00980605	0.0100677	6.29147e-05
0.831	0.00968023	0.00993695	6.29147e-05
0.832	0.00955537	0.00980717	6.29147e-05
0.833	0.00943142	0.00967839	6.29147e-05
0.834	0.00930841	0.0095506	6.29147e-05
0.835	0.00918633	0.00942381	6.29147e-05
0.836	0.00906518	0.00929801	6.29147e-05
0.837	0.00894494	0.0091732	6.29147e-05
0.838	0.00882563	0.00904938	6.29147e-05
0.839	0.00870724	0.00892654	6.29147e-05
0.84	0.00858977	0.00880468	6.29147e-05
0.841	0.0084732	0.0086838	6.29147e-05
0.842	0.00835754	0.00856388	6.29147e-05
0.843	0.00824279	0.00844493	6.29147e-05
0.844	0.00812894	0.00832695	6.29147e-05
0.845	0.00801599	0.00820994	6.29147e-05
0.846	0.00790396	0.00809389	6.29147e-05
0.847	0.00779281	0.00797879	6.29147e-05
0.848	0.00768256	0.00786465	6.29147e-05
0.849	0.00757319	0.00775145	6.29147e-05
0.85	0.00746471	0.0076392	6.29147e-05
0.851	0.00735713	0.0075279	6.29147e-05
0.852	0.00725043	0.00741754	6.29147e-05
0.853	0.00714461	0.00730812	6.29147e-05
0.854	0.00703967	0.00719963	6.29147e-05
0.855	0.00693561	0.00709207	6.29147e-05
0.856	0.00683241	0.00698544	6.29147e-05
0.857	0.00673008	0.00687973	6.29147e-05
0.858	0.00662862	0.00677494	6.29147e-05
0.859	0.00652804	0.00667108	6.29147e-05
0.86	0.00642833	0.00656814	6.29147e-05
0.861	0.00632947	0.00646611	6.29147e-05
0.862	0.00623146	0.00636498	6.29147e-05
0.863	0.00613431	0.00626476	6.29147e-05
0.864	0.00603801	0.00616545	6.29147e-05
0.865	0.00594256	0.00606703	6.29147e-05
0.866	0.00584797	0.00596952	6.29147e-05
0.867	0.00575423	0.0058729	6.29147e-05
0.868	0.00566133	0.00577718	6.29147e-05
0.869	0.00556927	0.00568235	6.29147e-05
0.87	0.00547805	0.00558841	6.29147e-05
0.871	0.00538765	0.00549533	6.29147e-05
0.872	0.00529809	0.00540313	6.29147e-05
0.873	0.00520936	0.00531182	6.29147e-05
0.874	0.00512148	0.00522139	6.29147e-05
0.875	0.00503442	0.00513184	6.29147e-05
0.876	0.00494818	0.00504316	6.29147e-05
0.877	0.00486276	0.00495533	6.29147e-05
0.878	0.00477817	0.00486837	6.29147e-05
0.879	0.00469439	0.00478227	6.29147e-05
0.88	0.00461142	0.00469702	6.29147e-05
0.881	0.00452925	0.00461263	6.29147e-05
0.882	0.00444791	0.00452909	6.29147e-05
0.883	0.00436738	0.00444641	6.29147e-05
0.884	0.00428766	0.00436458	6.29147e-05
0.885	0.00420874	0.00428359	6.29147e-05
0.886	0.00413061	0.00420343	6.29147e-05
0.887	0.00405328	0.0041241	6.29147e-05
0.888	0.00397675	0.00404562	6.29147e-05
0.889	0.00390101	0.00396797	6.29147e-05
0.89	0.00382606	0.00389116	6.29147e-05
0.891	0.00375191	0.00381517	6.29147e-05
0.892	0.00367855	0.00374	6.29147e-05
0.893	0.00360597	0.00366566	6.29147e-05
0.894	0.00353418	0.00359214	6.29147e-05
0.895	0.00346317	0.00351944	6.29147e-05
0.896	0.00339293	0.00344754	6.29147e-05
0.897	0.00332346	0.00337646	6.29147e-05
0.898	0.00325477	0.00330618	6.29147e-05
0.899	0.00318686	0.00323672	6.29147e-05
0.9	0.00311972	0.00316806	6.29147e-05
0.901	0.00305333	0.00310019	6.29147e-05
0.902	0.00298772	0.00303313	6.29147e-05
0.903	0.00292287	0.00296685	6.29147e-05
0.904	0.00285878	0.00290137	6.29147e-05
0.905	0.00279546	0.00283669	6.29147e-05
0.906	0.00273288	0.00277279	6.29147e-05
0.907	0.00267107	0.00270968	6.29147e-05
0.908	0.00261	0.00264735	6.29147e-05
0.909	0.00254969	0.0025858	6.29147e-05
0.91	0.00249011	0.00252502	6.29147e-05
0.911	0.00243129	0.00246502	6.29147e-05
0.912	0.00237321	0.00240579	6.29147e-05
0.913	0.00231587	0.00234733	6.29147e-05
0.914	0.00225928	0.00228964	6.29147e-05
0.915	0.00220342	0.00223271	6.29147e-05
0.916	0.0021483	0.00217655	6.29147e-05
0.917	0.00209392	0.00212115	6.29147e-05
0.918	0.00204026	0.00206651	6.29147e-05
0.919	0.00198733	0.00201262	6.29147e-05
0.92	0.00193512	0.00195947	6.29147e-05
0.921	0.00188363	0.00190706	6.29147e-05
0.922	0.00183287	0.00185541	6.29147e-05
0.923	0.00178283	0.00180452	6.29147e-05
0.924	0.00173352	0.00175436	6.29147e-05
0.925	0.00168492	0.00170495	6.29147e-05
0.926	0.00163704	0.00165627	6.29147e-05
0.927	0.00158986	0.00160832	6.29147e-05
0.928	0.0015434	0.00156111	6.29147e-05
0.929	0.00149766	0.00151462	6.29147e-05
0.93	0.00145264	0.00146887	6.29147e-05
0.931	0.00140833	0.00142385	6.29147e-05
0.932	0.00136471	0.00137953	6.29147e-05
0.933	0.0013218	0.00133595	6.29147e-05
0.934	0.0012796	0.0012931	6.29147e-05
0.935	0.0012381	0.00125098	6.29147e-05
0.936	0.0011973	0.00120957	6.29147e-05
0.937	0.00115719	0.00116888	6.29147e-05
0.938	0.00111777	0.0011289	6.29147e-05
0.939	0.00107904	0.00108963	6.29147e-05
0.94	0.001041	0.00105107	6.29147e-05
0.941	0.00100364	0.00101321	6.29147e-05
0.942	0.00096697	0.000976046	6.29147e-05
0.943	0.000930977	0.000939583	6.29147e-05
0.944	0.000895662	0.000903817	6.29147e-05
0.945	0.000861038	0.000868751	6.29147e-05
0.946	0.000827118	0.000834384	6.29147e-05
0.947	0.000793874	0.000800707	6.29147e-05
0.948	0.000761312	0.000767748	6.29147e-05
0.949	0.00072943	0.000735491	6.29147e-05
0.95	0.00069822	0.000703922	6.29147e-05
0.951	0.000667685	0.000673041	6.29147e-05
0.952	0.000637827	0.000642854	6.29147e-05
0.953	0.000608633	0.000613339	6.29147e-05
0.954	0.00058013	0.000584506	6.29147e-05
0.955	0.000552299	0.000556354	6.29147e-05
0.956	0.000525134	0.000528895	6.29147e-05
0.957	0.000498628	0.00050212	6.29147e-05
0.958	0.000472785	0.00047602	6.29147e-05
0.959	0.000447617	0.000450593	6.29147e-05
0.96	0.000423135	0.000425859	6.29147e-05
0.961	0.000399323	0.000401817	6.29147e-05
0.962	0.000376175	0.000378452	6.29147e-05
0.963	0.000353706	0.000355751	6.29147e-05
0.964	0.000331911	0.000333748	6.29147e-05
0.965	0.000310772	0.00031243	6.29147e-05
0.966	0.000290324	0.000291796	6.29147e-05
0.967	0.000270559	0.000271852	6.29147e-05
0.968	0.000251475	0.000252596	6.29147e-05
0.969	0.000233075	0.00023405	6.29147e-05
0.97	0.000215399	0.00021621	6.29147e-05
0.971	0.000198432	0.000199089	6.29147e-05
0.972	0.000182199	0.000182709	6.29147e-05
0.973	0.000166708	0.000167094	6.29147e-05
0.974	0.000151961	0.000152231	6.29147e-05
0.975	0.000138007	0.000138178	6.29147e-05
0.976	0.000124884	0.000124958	6.29147e-05
0.977	0.000112644	0.000112632	6.29147e-05
0.978	0.000101395	0.000101308	6.29147e-05
0.979	9.13125e-05	9.11926e-05	6.29147e-05
0.98	8.26307e-05	8.24909e-05	6.29147e-05
0.981	7.50096e-05	7.48495e-05	6.29147e-05
0.982	6.82405e-05	6.80661e-05	6.29147e-05
0.983	6.22341e-05	6.20527e-05	6.29147e-05
0.984	5.69288e-05	5.67388e-05	6.29147e-05
0.985	5.22986e-05	5.20978e-05	6.29147e-05
0.986	4.83141e-05	4.8109e-05	6.29147e-05
0.987	4.50092e-05	4.48053e-05	6.29147e-05
0.988	4.24699e-05	4.22668e-05	6.29147e-05
0.989	4.09308e-05	4.07247e-05	6.29147e-05
0.99	4.12006e-05	4.10071e-05	6.29147e-05
0.991	4.33918e-05	4.32199e-05	6.29147e-05
0.992	4.63674e-05	4.62183e-05	6.29147e-05
0.993	4.96366e-05	4.95058e-05	6.29147e-05
0.994	5.29112e-05	5.28018e-05	6.29147e-05
0.995	5.59799e-05	5.58894e-05	6.29147e-05
0.996	5.85842e-05	5.85135e-05	6.29147e-05
0.997	6.06091e-05	6.05566e-05	6.29147e-05
0.998	6.20442e-05	6.20101e-05	6.29147e-05
0.999	6.29147e-05	6.28973e-05	6.29147e-05
1	nan	nan	6.29147e-05
