t	norma	normb	norm
0.001	0.106122	0.0482419	0.000919893
0.002	13.2057	6.00573	0.000919893
0.003	7.03031	3.43293	0.000919893
0.004	4.43818	2.1745	0.000919893
0.005	2.11951	1.03962	0.000919893
0.006	0.00568782	0.00890377	0.000919893
0.007	1.96856	0.98748	0.000919893
0.008	3.81299	1.91447	0.000919893
0.009	5.55499	2.79773	0.000919893
0.01	7.20967	3.64404	0.000919893
0.011	8.78846	4.45847	0.000919893
0.012	3.98255	2.10323	0.000919893
0.013	3.27166	1.73357	0.000919893
0.014	2.59341	1.37838	0.000919893
0.015	1.94468	1.03626	0.000919893
0.016	1.32283	0.706043	0.000919893
0.017	0.72562	0.386778	0.000919893
0.018	0.151163	0.0791813	0.000919893
0.019	0.402324	0.222365	0.000919893
0.02	0.936179	0.513532	0.000919893
0.021	1.45172	0.79654	0.000919893
0.022	1.95009	1.07188	0.000919893
0.023	2.4323	1.33998	0.000919893
0.024	2.89925	1.60123	0.000919893
0.025	3.35177	1.85597	0.000919893
0.026	3.79059	2.10453	0.000919893
0.027	4.21638	2.34719	0.000919893
0.028	4.62977	2.5842	0.000919893
0.029	4.88577	2.81582	0.000919893
0.03	4.64245	2.68235	0.000919893
0.031	4.4054	2.55171	0.000919893
0.032	4.17433	2.42379	0.000919893
0.033	3.949	2.29847	0.000919893
0.034	3.72914	2.17566	0.000919893
0.035	3.51454	2.05524	0.000919893
0.036	3.305	1.93714	0.000919893
0.037	3.1003	1.82126	0.000919893
0.038	2.90027	1.70754	0.000919893
0.039	2.70474	1.5959	0.000919893
0.04	2.51354	1.48627	0.000919893
0.041	2.32653	1.37858	0.000919893
0.042	2.14356	1.27278	0.000919893
0.043	1.96449	1.1688	0.000919893
0.044	1.7892	1.0666	0.000919893
0.045	1.61756	0.966124	0.000919893
0.046	1.44947	0.867319	0.000919893
0.047	1.28481	0.770142	0.000919893
0.048	1.12349	0.67455	0.000919893
0.049	0.965393	0.580499	0.000919893
0.05	0.810438	0.487953	0.000919893
0.051	0.658533	0.396872	0.000919893
0.052	0.509595	0.307221	0.000919893
0.053	0.363541	0.219019	0.000919893
0.054	0.220294	0.132348	0.000919893
0.055	0.0798364	0.0472916	0.000919893
0.056	0.0580718	0.0377583	0.000919893
0.057	0.193329	0.120749	0.000919893
0.058	0.326058	0.202497	0.000919893
0.059	0.45632	0.283027	0.000919893
0.06	0.584176	0.362365	0.000919893
0.061	0.709684	0.440536	0.000919893
0.062	0.832899	0.517564	0.000919893
0.063	0.953875	0.593472	0.000919893
0.064	1.07266	0.668281	0.000919893
0.065	1.18932	0.742014	0.000919893
0.066	1.30388	0.81469	0.000919893
0.067	1.4164	0.88633	0.000919893
0.068	1.52692	0.956952	0.000919893
0.069	1.63548	1.02658	0.000919893
0.07	1.74213	1.09522	0.000919893
0.071	1.84691	1.1629	0.000919893
0.072	1.94985	1.22963	0.000919893
0.073	2.051	1.29544	0.000919893
0.074	2.15039	1.36033	0.000919893
0.075	2.24806	1.42432	0.000919893
0.076	2.34403	1.48743	0.000919893
0.077	2.43836	1.54967	0.000919893
0.078	2.53105	1.61106	0.000919893
0.079	2.62216	1.6716	0.000919893
0.08	2.71171	1.73132	0.000919893
0.081	2.79972	1.79023	0.000919893
0.082	2.88623	1.84833	0.000919893
0.083	2.97127	1.90564	0.000919893
0.084	3.05486	1.96218	0.000919893
0.085	3.13704	2.01795	0.000919893
0.086	3.21782	2.07297	0.000919893
0.087	3.29723	2.12725	0.000919893
0.088	3.37529	2.1808	0.000919893
0.089	3.45204	2.23362	0.000919893
0.09	3.52749	2.28574	0.000919893
0.091	3.60166	2.33715	0.000919893
0.092	3.67459	2.38788	0.000919893
0.093	3.74628	2.43793	0.000919893
0.094	3.81676	2.4873	0.000919893
0.095	3.88606	2.53602	0.000919893
0.096	3.95419	2.58408	0.000919893
0.097	4.02117	2.6315	0.000919893
0.098	4.08703	2.67829	0.000919893
0.099	4.15177	2.72445	0.000919893
0.1	4.21542	2.76999	0.000919893
0.101	4.278	2.81493	0.000919893
0.102	4.33952	2.85926	0.000919893
0.103	4.4	2.903	0.000919893
0.104	4.45946	2.94616	0.000919893
0.105	4.51791	2.98874	0.000919893
0.106	4.57538	3.03075	0.000919893
0.107	4.63187	3.0722	0.000919893
0.108	4.6874	3.11309	0.000919893
0.109	4.74199	3.15344	0.000919893
0.11	4.79565	3.19324	0.000919893
0.111	4.84839	3.23251	0.000919893
0.112	4.90024	3.27125	0.000919893
0.113	4.9512	3.30947	0.000919893
0.114	5.00129	3.34718	0.000919893
0.115	5.05052	3.38438	0.000919893
0.116	5.0989	3.42108	0.000919893
0.117	5.14645	3.45728	0.000919893
0.118	5.19318	3.49299	0.000919893
0.119	5.2391	3.52822	0.000919893
0.12	5.28422	3.56297	0.000919893
0.121	5.32856	3.59725	0.000919893
0.122	5.37213	3.63106	0.000919893
0.123	5.41494	3.66441	0.000919893
0.124	5.457	3.69731	0.000919893
0.125	5.49832	3.72975	0.000919893
0.126	5.53891	3.76176	0.000919893
0.127	5.57878	3.79332	0.000919893
0.128	5.61795	3.82445	0.000919893
0.129	5.65642	3.85515	0.000919893
0.13	5.6942	3.88542	0.000919893
0.131	5.73131	3.91528	0.000919893
0.132	5.76775	3.94472	0.000919893
0.133	5.80353	3.97375	0.000919893
0.134	5.83866	4.00238	0.000919893
0.135	5.87316	4.03061	0.000919893
0.136	3.90428	2.74343	0.000919893
0.137	3.86464	2.71831	0.000919893
0.138	3.82536	2.69337	0.000919893
0.139	3.78641	2.6686	0.000919893
0.14	3.7478	2.64401	0.000919893
0.141	3.70952	2.61959	0.000919893
0.142	3.67157	2.59534	0.000919893
0.143	3.63395	2.57125	0.000919893
0.144	3.59665	2.54734	0.000919893
0.145	3.55966	2.52359	0.000919893
0.146	3.523	2.50001	0.000919893
0.147	3.48664	2.47658	0.000919893
0.148	3.45059	2.45332	0.000919893
0.149	3.41485	2.43022	0.000919893
0.15	3.3794	2.40728	0.000919893
0.151	3.34426	2.38449	0.000919893
0.152	3.30941	2.36186	0.000919893
0.153	3.27485	2.33939	0.000919893
0.154	3.24058	2.31706	0.000919893
0.155	3.2066	2.29489	0.000919893
0.156	3.1729	2.27287	0.000919893
0.157	3.13947	2.251	0.000919893
0.158	3.10633	2.22928	0.000919893
0.159	3.07346	2.2077	0.000919893
0.16	3.04086	2.18627	0.000919893
0.161	3.00853	2.16498	0.000919893
0.162	2.97646	2.14383	0.000919893
0.163	2.94466	2.12283	0.000919893
0.164	2.91311	2.10197	0.000919893
0.165	2.88183	2.08125	0.000919893
0.166	2.8508	2.06066	0.000919893
0.167	2.82002	2.04021	0.000919893
0.168	2.78949	2.0199	0.000919893
0.169	2.75921	1.99972	0.000919893
0.17	2.72917	1.97968	0.000919893
0.171	2.69938	1.95977	0.000919893
0.172	2.66982	1.93999	0.000919893
0.173	2.64051	1.92035	0.000919893
0.174	2.61143	1.90083	0.000919893
0.175	2.58258	1.88144	0.000919893
0.176	2.55397	1.86218	0.000919893
0.177	2.52558	1.84304	0.000919893
0.178	2.49742	1.82403	0.000919893
0.179	2.46948	1.80515	0.000919893
0.18	2.44177	1.78639	0.000919893
0.181	2.41428	1.76775	0.000919893
0.182	2.387	1.74924	0.000919893
0.183	2.35994	1.73084	0.000919893
0.184	2.3331	1.71257	0.000919893
0.185	2.30647	1.69441	0.000919893
0.186	2.28004	1.67638	0.000919893
0.187	2.25383	1.65846	0.000919893
0.188	2.22782	1.64066	0.000919893
0.189	2.20202	1.62297	0.000919893
0.19	2.17642	1.6054	0.000919893
0.191	2.15102	1.58794	0.000919893
0.192	2.12582	1.5706	0.000919893
0.193	2.10082	1.55336	0.000919893
0.194	2.07601	1.53624	0.000919893
0.195	2.0514	1.51923	0.000919893
0.196	2.02698	1.50233	0.000919893
0.197	2.00274	1.48554	0.000919893
0.198	1.9787	1.46886	0.000919893
0.199	1.95485	1.45229	0.000919893
0.2	1.93118	1.43582	0.000919893
0.201	1.90769	1.41946	0.000919893
0.202	1.88438	1.4032	0.000919893
0.203	1.86126	1.38705	0.000919893
0.204	1.83831	1.37101	0.000919893
0.205	1.81555	1.35506	0.000919893
0.206	1.79295	1.33922	0.000919893
0.207	1.77054	1.32348	0.000919893
0.208	1.74829	1.30785	0.000919893
0.209	1.72622	1.29231	0.000919893
0.21	1.70432	1.27687	0.000919893
0.211	1.68258	1.26153	0.000919893
0.212	1.66101	1.24629	0.000919893
0.213	1.63961	1.23115	0.000919893
0.214	1.61837	1.2161	0.000919893
0.215	1.5973	1.20115	0.000919893
0.216	1.57639	1.1863	0.000919893
0.217	1.55563	1.17154	0.000919893
0.218	1.53504	1.15688	0.000919893
0.219	1.5146	1.14231	0.000919893
0.22	1.49432	1.12783	0.000919893
0.221	1.4742	1.11345	0.000919893
0.222	1.45423	1.09916	0.000919893
0.223	1.43441	1.08496	0.000919893
0.224	1.41474	1.07085	0.000919893
0.225	1.39522	1.05683	0.000919893
0.226	1.37586	1.0429	0.000919893
0.227	1.35663	1.02906	0.000919893
0.228	1.33756	1.01531	0.000919893
0.229	1.31863	1.00165	0.000919893
0.23	1.29984	0.988071	0.000919893
0.231	1.2812	0.974582	0.000919893
0.232	1.2627	0.961179	0.000919893
0.233	1.24434	0.947861	0.000919893
0.234	1.22612	0.93463	0.000919893
0.235	1.20804	0.921482	0.000919893
0.236	1.19009	0.908419	0.000919893
0.237	1.17229	0.895439	0.000919893
0.238	1.15461	0.882543	0.000919893
0.239	1.13707	0.869728	0.000919893
0.24	1.11967	0.856996	0.000919893
0.241	1.10239	0.844346	0.000919893
0.242	1.08525	0.831776	0.000919893
0.243	1.06824	0.819287	0.000919893
0.244	1.05135	0.806878	0.000919893
0.245	1.0346	0.794548	0.000919893
0.246	1.01797	0.782298	0.000919893
0.247	1.00147	0.770126	0.000919893
0.248	0.985088	0.758032	0.000919893
0.249	0.968835	0.746016	0.000919893
0.25	0.952704	0.734076	0.000919893
0.251	0.936696	0.722214	0.000919893
0.252	0.920809	0.710427	0.000919893
0.253	0.905043	0.698717	0.000919893
0.254	0.889396	0.687081	0.000919893
0.255	0.873868	0.67552	0.000919893
0.256	0.858457	0.664034	0.000919893
0.257	0.843163	0.652621	0.000919893
0.258	0.827985	0.641282	0.000919893
0.259	0.812922	0.630016	0.000919893
0.26	0.797974	0.618823	0.000919893
0.261	0.783139	0.607701	0.000919893
0.262	0.768416	0.596651	0.000919893
0.263	0.753805	0.585673	0.000919893
0.264	0.739305	0.574765	0.000919893
0.265	0.724915	0.563928	0.000919893
0.266	0.710634	0.553161	0.000919893
0.267	0.696462	0.542464	0.000919893
0.268	0.682397	0.531836	0.000919893
0.269	0.668439	0.521276	0.000919893
0.27	0.654587	0.510785	0.000919893
0.271	0.640841	0.500362	0.000919893
0.272	0.627199	0.490007	0.000919893
0.273	0.613661	0.479718	0.000919893
0.274	0.600225	0.469497	0.000919893
0.275	0.586893	0.459342	0.000919893
0.276	0.573661	0.449253	0.000919893
0.277	0.560531	0.43923	0.000919893
0.278	0.5475	0.429271	0.000919893
0.279	0.534569	0.419378	0.000919893
0.28	0.521737	0.40955	0.000919893
0.281	0.509003	0.399785	0.000919893
0.282	0.496365	0.390085	0.000919893
0.283	0.483825	0.380447	0.000919893
0.284	0.47138	0.370873	0.000919893
0.285	0.459031	0.361362	0.000919893
0.286	0.446776	0.351912	0.000919893
0.287	0.434615	0.342525	0.000919893
0.288	0.422546	0.3332	0.000919893
0.289	0.410571	0.323936	0.000919893
0.29	0.398688	0.314732	0.000919893
0.291	0.386895	0.30559	0.000919893
0.292	0.375194	0.296507	0.000919893
0.293	0.363582	0.287485	0.000919893
0.294	0.35206	0.278522	0.000919893
0.295	0.340626	0.269618	0.000919893
0.296	0.329281	0.260774	0.000919893
0.297	0.318022	0.251987	0.000919893
0.298	0.306851	0.243259	0.000919893
0.299	0.295766	0.23459	0.000919893
0.3	0.284767	0.225977	0.000919893
0.301	0.273853	0.217422	0.000919893
0.302	0.263024	0.208924	0.000919893
0.303	0.252278	0.200483	0.000919893
0.304	0.241616	0.192098	0.000919893
0.305	0.231036	0.183769	0.000919893
0.306	0.220539	0.175496	0.000919893
0.307	0.210123	0.167278	0.000919893
0.308	0.199789	0.159115	0.000919893
0.309	0.189535	0.151007	0.000919893
0.31	0.179361	0.142954	0.000919893
0.311	0.169266	0.134955	0.000919893
0.312	0.15925	0.12701	0.000919893
0.313	0.149313	0.119119	0.000919893
0.314	0.139454	0.111281	0.000919893
0.315	0.129672	0.103498	0.000919893
0.316	0.119966	0.0957684	0.000919893
0.317	0.110337	0.0880923	0.000919893
0.318	0.100784	0.0804698	0.000919893
0.319	0.0913063	0.0729007	0.000919893
0.32	0.0819029	0.0653848	0.000919893
0.321	0.072574	0.0579222	0.000919893
0.322	0.0633188	0.0505125	0.000919893
0.323	0.0541372	0.043156	0.000919893
0.324	0.0450302	0.0358522	0.000919893
0.325	0.0359983	0.0286011	0.000919893
0.326	0.0270421	0.0214027	0.000919893
0.327	0.0181622	0.014289	0.000919893
0.328	0.0093631	0.00729496	0.000919893
0.329	0.000930603	0.00108391	0.000919893
0.33	0.00812563	0.00710975	0.000919893
0.331	0.0167386	0.0140841	0.000919893
0.332	0.0252826	0.02101	0.000919893
0.333	0.033758	0.0278879	0.000919893
0.334	0.0421654	0.034718	0.000919893
0.335	0.050505	0.0415002	0.000919893
0.336	0.0587774	0.0482352	0.000919893
0.337	0.0669832	0.054923	0.000919893
0.338	0.0751224	0.0615639	0.000919893
0.339	0.0831957	0.068158	0.000919893
0.34	0.0912038	0.0747061	0.000919893
0.341	0.0991466	0.0812079	0.000919893
0.342	0.107025	0.0876637	0.000919893
0.343	0.114839	0.0940739	0.000919893
0.344	0.122589	0.100439	0.000919893
0.345	0.130276	0.106758	0.000919893
0.346	0.1379	0.113033	0.000919893
0.347	0.145461	0.119263	0.000919893
0.348	0.15296	0.125448	0.000919893
0.349	0.160398	0.13159	0.000919893
0.35	0.167774	0.137687	0.000919893
0.351	0.175089	0.14374	0.000919893
0.352	0.182343	0.14975	0.000919893
0.353	0.189537	0.155717	0.000919893
0.354	0.196672	0.16164	0.000919893
0.355	0.203747	0.167521	0.000919893
0.356	0.210763	0.173358	0.000919893
0.357	0.21772	0.179154	0.000919893
0.358	0.224619	0.184907	0.000919893
0.359	0.23146	0.190618	0.000919893
0.36	0.238244	0.196288	0.000919893
0.361	0.244971	0.201915	0.000919893
0.362	0.25164	0.207502	0.000919893
0.363	0.258253	0.213047	0.000919893
0.364	0.264811	0.218552	0.000919893
0.365	0.271312	0.224015	0.000919893
0.366	0.277758	0.229438	0.000919893
0.367	0.284148	0.234821	0.000919893
0.368	0.290485	0.240164	0.000919893
0.369	0.296766	0.245467	0.000919893
0.37	0.302994	0.25073	0.000919893
0.371	0.309168	0.255953	0.000919893
0.372	0.315289	0.261138	0.000919893
0.373	0.321357	0.266283	0.000919893
0.374	0.327372	0.27139	0.000919893
0.375	0.333335	0.276457	0.000919893
0.376	0.339246	0.281486	0.000919893
0.377	0.345105	0.286477	0.000919893
0.378	0.350912	0.29143	0.000919893
0.379	0.356669	0.296345	0.000919893
0.38	0.362375	0.301222	0.000919893
0.381	0.368031	0.306062	0.000919893
0.382	0.373636	0.310864	0.000919893
0.383	0.379192	0.315629	0.000919893
0.384	0.384698	0.320357	0.000919893
0.385	0.390155	0.325048	0.000919893
0.386	0.395563	0.329703	0.000919893
0.387	0.400923	0.334322	0.000919893
0.388	0.406234	0.338904	0.000919893
0.389	0.411498	0.34345	0.000919893
0.39	0.416713	0.34796	0.000919893
0.391	0.421882	0.352434	0.000919893
0.392	0.427003	0.356873	0.000919893
0.393	0.432078	0.361277	0.000919893
0.394	0.437106	0.365645	0.000919893
0.395	0.442088	0.369979	0.000919893
0.396	0.447023	0.374278	0.000919893
0.397	0.451914	0.378542	0.000919893
0.398	0.456758	0.382771	0.000919893
0.399	0.461558	0.386967	0.000919893
0.4	0.466313	0.391128	0.000919893
0.401	0.471023	0.395255	0.000919893
0.402	0.475689	0.399349	0.000919893
0.403	0.480312	0.403409	0.000919893
0.404	0.48489	0.407435	0.000919893
0.405	0.489425	0.411428	0.000919893
0.406	0.493916	0.415388	0.000919893
0.407	0.498365	0.419315	0.000919893
0.408	0.502771	0.42321	0.000919893
0.409	0.507135	0.427071	0.000919893
0.41	0.511456	0.4309	0.000919893
0.411	0.515736	0.434697	0.000919893
0.412	0.519974	0.438462	0.000919893
0.413	0.52417	0.442195	0.000919893
0.414	0.528326	0.445896	0.000919893
0.415	0.53244	0.449565	0.000919893
0.416	0.536514	0.453203	0.000919893
0.417	0.540547	0.456809	0.000919893
0.418	0.54454	0.460384	0.000919893
0.419	0.548494	0.463928	0.000919893
0.42	0.552407	0.467441	0.000919893
0.421	0.556281	0.470924	0.000919893
0.422	0.560116	0.474375	0.000919893
0.423	0.563912	0.477797	0.000919893
0.424	0.567669	0.481188	0.000919893
0.425	0.571388	0.484549	0.000919893
0.426	0.575068	0.48788	0.000919893
0.427	0.578711	0.491181	0.000919893
0.428	0.582315	0.494452	0.000919893
0.429	0.585882	0.497694	0.000919893
0.43	0.589412	0.500906	0.000919893
0.431	0.592904	0.504089	0.000919893
0.432	0.59636	0.507243	0.000919893
0.433	0.599778	0.510368	0.000919893
0.434	0.603161	0.513464	0.000919893
0.435	0.606507	0.516531	0.000919893
0.436	0.609816	0.519569	0.000919893
0.437	0.613091	0.52258	0.000919893
0.438	0.616329	0.525562	0.000919893
0.439	0.619532	0.528515	0.000919893
0.44	0.6227	0.531441	0.000919893
0.441	0.625833	0.534339	0.000919893
0.442	0.628931	0.537209	0.000919893
0.443	0.631994	0.540051	0.000919893
0.444	0.635023	0.542866	0.000919893
0.445	0.638018	0.545654	0.000919893
0.446	0.640979	0.548414	0.000919893
0.447	0.643906	0.551147	0.000919893
0.448	0.6468	0.553853	0.000919893
0.449	0.64966	0.556533	0.000919893
0.45	0.652487	0.559185	0.000919893
0.451	0.655281	0.561811	0.000919893
0.452	0.658042	0.564411	0.000919893
0.453	0.66077	0.566984	0.000919893
0.454	0.663466	0.569531	0.000919893
0.455	0.66613	0.572052	0.000919893
0.456	0.668762	0.574547	0.000919893
0.457	0.671362	0.577016	0.000919893
0.458	0.673931	0.57946	0.000919893
0.459	0.676468	0.581878	0.000919893
0.46	0.678973	0.58427	0.000919893
0.461	0.681448	0.586637	0.000919893
0.462	0.683891	0.588979	0.000919893
0.463	0.686304	0.591296	0.000919893
0.464	0.688687	0.593588	0.000919893
0.465	0.691038	0.595855	0.000919893
0.466	0.69336	0.598097	0.000919893
0.467	0.695652	0.600314	0.000919893
0.468	0.697914	0.602507	0.000919893
0.469	0.700146	0.604676	0.000919893
0.47	0.702348	0.60682	0.000919893
0.471	0.704521	0.60894	0.000919893
0.472	0.706666	0.611037	0.000919893
0.473	0.708781	0.613109	0.000919893
0.474	0.710867	0.615157	0.000919893
0.475	0.712925	0.617182	0.000919893
0.476	0.714954	0.619183	0.000919893
0.477	0.716954	0.62116	0.000919893
0.478	0.718927	0.623115	0.000919893
0.479	0.720872	0.625046	0.000919893
0.48	0.722789	0.626953	0.000919893
0.481	0.724678	0.628838	0.000919893
0.482	0.726539	0.6307	0.000919893
0.483	0.728373	0.632539	0.000919893
0.484	0.73018	0.634355	0.000919893
0.485	0.73196	0.636149	0.000919893
0.486	0.733713	0.63792	0.000919893
0.487	0.73544	0.639669	0.000919893
0.488	0.737139	0.641395	0.000919893
0.489	0.738813	0.643099	0.000919893
0.49	0.74046	0.644782	0.000919893
0.491	0.742081	0.646442	0.000919893
0.492	0.743676	0.64808	0.000919893
0.493	0.745245	0.649697	0.000919893
0.494	0.746788	0.651292	0.000919893
0.495	0.748306	0.652865	0.000919893
0.496	0.749799	0.654417	0.000919893
0.497	0.751266	0.655947	0.000919893
0.498	0.752708	0.657456	0.000919893
0.499	0.754125	0.658944	0.000919893
0.5	0.755518	0.660411	0.000919893
0.501	0.756886	0.661857	0.000919893
0.502	0.758229	0.663282	0.000919893
0.503	0.759548	0.664687	0.000919893
0.504	0.760843	0.66607	0.000919893
0.505	0.762113	0.667434	0.000919893
0.506	0.76336	0.668776	0.000919893
0.507	0.764583	0.670098	0.000919893
0.508	0.765782	0.6714	0.000919893
0.509	0.766957	0.672682	0.000919893
0.51	0.768109	0.673943	0.000919893
0.511	0.769238	0.675185	0.000919893
0.512	0.770344	0.676407	0.000919893
0.513	0.771426	0.677608	0.000919893
0.514	0.772486	0.67879	0.000919893
0.515	0.773523	0.679953	0.000919893
0.516	0.774538	0.681096	0.000919893
0.517	0.775529	0.682219	0.000919893
0.518	0.776499	0.683323	0.000919893
0.519	0.777446	0.684408	0.000919893
0.52	0.778371	0.685474	0.000919893
0.521	0.779275	0.68652	0.000919893
0.522	0.780156	0.687548	0.000919893
0.523	0.781015	0.688556	0.000919893
0.524	0.781853	0.689546	0.000919893
0.525	0.78267	0.690517	0.000919893
0.526	0.783465	0.691469	0.000919893
0.527	0.784239	0.692403	0.000919893
0.528	0.784991	0.693318	0.000919893
0.529	0.785723	0.694215	0.000919893
0.53	0.786434	0.695093	0.000919893
0.531	0.787124	0.695953	0.000919893
0.532	0.787793	0.696795	0.000919893
0.533	0.788442	0.69762	0.000919893
0.534	0.78907	0.698426	0.000919893
0.535	0.789678	0.699214	0.000919893
0.536	0.790266	0.699984	0.000919893
0.537	0.790834	0.700737	0.000919893
0.538	0.791382	0.701472	0.000919893
0.539	0.79191	0.702189	0.000919893
0.54	0.792418	0.702889	0.000919893
0.541	0.792907	0.703571	0.000919893
0.542	0.793376	0.704236	0.000919893
0.543	0.793826	0.704884	0.000919893
0.544	0.794256	0.705515	0.000919893
0.545	0.794668	0.706128	0.000919893
0.546	0.79506	0.706725	0.000919893
0.547	0.795433	0.707305	0.000919893
0.548	0.795787	0.707867	0.000919893
0.549	0.796123	0.708413	0.000919893
0.55	0.79644	0.708943	0.000919893
0.551	0.796738	0.709455	0.000919893
0.552	0.797018	0.709952	0.000919893
0.553	0.79728	0.710431	0.000919893
0.554	0.797524	0.710895	0.000919893
0.555	0.797749	0.711342	0.000919893
0.556	0.797956	0.711772	0.000919893
0.557	0.798145	0.712187	0.000919893
0.558	0.798317	0.712585	0.000919893
0.559	0.798471	0.712968	0.000919893
0.56	0.798607	0.713334	0.000919893
0.561	0.798726	0.713684	0.000919893
0.562	0.798827	0.714019	0.000919893
0.563	0.798911	0.714338	0.000919893
0.564	0.798977	0.714641	0.000919893
0.565	0.799027	0.714929	0.000919893
0.566	0.799059	0.715202	0.000919893
0.567	0.799075	0.715458	0.000919893
0.568	0.799074	0.7157	0.000919893
0.569	0.799056	0.715926	0.000919893
0.57	0.799021	0.716137	0.000919893
0.571	0.79897	0.716333	0.000919893
0.572	0.798902	0.716513	0.000919893
0.573	0.798818	0.716679	0.000919893
0.574	0.798718	0.716829	0.000919893
0.575	0.798601	0.716965	0.000919893
0.576	0.798469	0.717086	0.000919893
0.577	0.79832	0.717192	0.000919893
0.578	0.798155	0.717283	0.000919893
0.579	0.797975	0.71736	0.000919893
0.58	0.797779	0.717423	0.000919893
0.581	0.797567	0.717471	0.000919893
0.582	0.79734	0.717504	0.000919893
0.583	0.797097	0.717523	0.000919893
0.584	0.796839	0.717527	0.000919893
0.585	0.796565	0.717518	0.000919893
0.586	0.796276	0.717494	0.000919893
0.587	0.795973	0.717456	0.000919893
0.588	0.795654	0.717405	0.000919893
0.589	0.79532	0.717339	0.000919893
0.59	0.794971	0.717259	0.000919893
0.591	0.794608	0.717166	0.000919893
0.592	0.794229	0.717059	0.000919893
0.593	0.793837	0.716938	0.000919893
0.594	0.793429	0.716803	0.000919893
0.595	0.793007	0.716655	0.000919893
0.596	0.792571	0.716493	0.000919893
0.597	0.79212	0.716318	0.000919893
0.598	0.791656	0.716129	0.000919893
0.599	0.791177	0.715927	0.000919893
0.6	0.790684	0.715712	0.000919893
0.601	0.790177	0.715483	0.000919893
0.602	0.789656	0.715241	0.000919893
0.603	0.789121	0.714987	0.000919893
0.604	0.788573	0.714719	0.000919893
0.605	0.788011	0.714438	0.000919893
0.606	0.787435	0.714144	0.000919893
0.607	0.786846	0.713838	0.000919893
0.608	0.786243	0.713518	0.000919893
0.609	0.785627	0.713186	0.000919893
0.61	0.784998	0.712841	0.000919893
0.611	0.784355	0.712484	0.000919893
0.612	0.7837	0.712114	0.000919893
0.613	0.783031	0.711731	0.000919893
0.614	0.782349	0.711336	0.000919893
0.615	0.781654	0.710928	0.000919893
0.616	0.780947	0.710509	0.000919893
0.617	0.780227	0.710076	0.000919893
0.618	0.779494	0.709632	0.000919893
0.619	0.778748	0.709176	0.000919893
0.62	0.77799	0.708707	0.000919893
0.621	0.777219	0.708226	0.000919893
0.622	0.776436	0.707733	0.000919893
0.623	0.775641	0.707229	0.000919893
0.624	0.774833	0.706712	0.000919893
0.625	0.774013	0.706184	0.000919893
0.626	0.773181	0.705643	0.000919893
0.627	0.772337	0.705091	0.000919893
0.628	0.771481	0.704527	0.000919893
0.629	0.770613	0.703952	0.000919893
0.63	0.769733	0.703365	0.000919893
0.631	0.768841	0.702767	0.000919893
0.632	0.767938	0.702156	0.000919893
0.633	0.767022	0.701535	0.000919893
0.634	0.766096	0.700902	0.000919893
0.635	0.765157	0.700258	0.000919893
0.636	0.764208	0.699603	0.000919893
0.637	0.763246	0.698936	0.000919893
0.638	0.485955	0.445197	0.000919893
0.639	0.482587	0.442243	0.000919893
0.64	0.479235	0.439301	0.000919893
0.641	0.475899	0.436373	0.000919893
0.642	0.472579	0.433457	0.000919893
0.643	0.469277	0.430555	0.000919893
0.644	0.46599	0.427666	0.000919893
0.645	0.46272	0.42479	0.000919893
0.646	0.459465	0.421927	0.000919893
0.647	0.456227	0.419076	0.000919893
0.648	0.453004	0.416238	0.000919893
0.649	0.449798	0.413413	0.000919893
0.65	0.446607	0.410601	0.000919893
0.651	0.443433	0.407802	0.000919893
0.652	0.440274	0.405015	0.000919893
0.653	0.437131	0.402241	0.000919893
0.654	0.434003	0.399479	0.000919893
0.655	0.430891	0.39673	0.000919893
0.656	0.427795	0.393994	0.000919893
0.657	0.424714	0.39127	0.000919893
0.658	0.421649	0.388558	0.000919893
0.659	0.418599	0.385859	0.000919893
0.66	0.415564	0.383172	0.000919893
0.661	0.412545	0.380498	0.000919893
0.662	0.40954	0.377836	0.000919893
0.663	0.406551	0.375186	0.000919893
0.664	0.403577	0.372548	0.000919893
0.665	0.400618	0.369923	0.000919893
0.666	0.397674	0.36731	0.000919893
0.667	0.394745	0.364708	0.000919893
0.668	0.391831	0.362119	0.000919893
0.669	0.388931	0.359542	0.000919893
0.67	0.386047	0.356977	0.000919893
0.671	0.383177	0.354424	0.000919893
0.672	0.380322	0.351883	0.000919893
0.673	0.377481	0.349354	0.000919893
0.674	0.374655	0.346837	0.000919893
0.675	0.371843	0.344331	0.000919893
0.676	0.369046	0.341838	0.000919893
0.677	0.366263	0.339356	0.000919893
0.678	0.363495	0.336885	0.000919893
0.679	0.360741	0.334427	0.000919893
0.68	0.358001	0.33198	0.000919893
0.681	0.355275	0.329545	0.000919893
0.682	0.352564	0.327121	0.000919893
0.683	0.349866	0.324709	0.000919893
0.684	0.347183	0.322309	0.000919893
0.685	0.344513	0.319919	0.000919893
0.686	0.341858	0.317542	0.000919893
0.687	0.339216	0.315176	0.000919893
0.688	0.336588	0.312821	0.000919893
0.689	0.333974	0.310478	0.000919893
0.69	0.331373	0.308145	0.000919893
0.691	0.328787	0.305825	0.000919893
0.692	0.326214	0.303515	0.000919893
0.693	0.323655	0.301217	0.000919893
0.694	0.321108	0.29893	0.000919893
0.695	0.318576	0.296654	0.000919893
0.696	0.316057	0.294389	0.000919893
0.697	0.313551	0.292135	0.000919893
0.698	0.311059	0.289892	0.000919893
0.699	0.30858	0.287661	0.000919893
0.7	0.306114	0.28544	0.000919893
0.701	0.303662	0.28323	0.000919893
0.702	0.301222	0.281031	0.000919893
0.703	0.298796	0.278844	0.000919893
0.704	0.296382	0.276667	0.000919893
0.705	0.293982	0.2745	0.000919893
0.706	0.291595	0.272345	0.000919893
0.707	0.28922	0.2702	0.000919893
0.708	0.286859	0.268067	0.000919893
0.709	0.28451	0.265943	0.000919893
0.71	0.282174	0.263831	0.000919893
0.711	0.279851	0.261729	0.000919893
0.712	0.27754	0.259638	0.000919893
0.713	0.275242	0.257557	0.000919893
0.714	0.272957	0.255487	0.000919893
0.715	0.270684	0.253428	0.000919893
0.716	0.268424	0.251379	0.000919893
0.717	0.266176	0.24934	0.000919893
0.718	0.26394	0.247312	0.000919893
0.719	0.261717	0.245294	0.000919893
0.72	0.259507	0.243287	0.000919893
0.721	0.257308	0.24129	0.000919893
0.722	0.255122	0.239303	0.000919893
0.723	0.252948	0.237327	0.000919893
0.724	0.250786	0.23536	0.000919893
0.725	0.248636	0.233404	0.000919893
0.726	0.246499	0.231459	0.000919893
0.727	0.244373	0.229523	0.000919893
0.728	0.242259	0.227598	0.000919893
0.729	0.240158	0.225682	0.000919893
0.73	0.238068	0.223777	0.000919893
0.731	0.23599	0.221882	0.000919893
0.732	0.233923	0.219997	0.000919893
0.733	0.231869	0.218121	0.000919893
0.734	0.229826	0.216256	0.000919893
0.735	0.227795	0.214401	0.000919893
0.736	0.225776	0.212555	0.000919893
0.737	0.223768	0.21072	0.000919893
0.738	0.221772	0.208894	0.000919893
0.739	0.219787	0.207078	0.000919893
0.74	0.217814	0.205272	0.000919893
0.741	0.215852	0.203476	0.000919893
0.742	0.213902	0.20169	0.000919893
0.743	0.211963	0.199913	0.000919893
0.744	0.210035	0.198146	0.000919893
0.745	0.208118	0.196388	0.000919893
0.746	0.206213	0.19464	0.000919893
0.747	0.204319	0.192902	0.000919893
0.748	0.202436	0.191173	0.000919893
0.749	0.200564	0.189454	0.000919893
0.75	0.198704	0.187744	0.000919893
0.751	0.196854	0.186044	0.000919893
0.752	0.195015	0.184353	0.000919893
0.753	0.193188	0.182672	0.000919893
0.754	0.191371	0.181	0.000919893
0.755	0.189565	0.179337	0.000919893
0.756	0.18777	0.177684	0.000919893
0.757	0.185986	0.17604	0.000919893
0.758	0.184213	0.174406	0.000919893
0.759	0.18245	0.17278	0.000919893
0.76	0.180698	0.171164	0.000919893
0.761	0.178957	0.169557	0.000919893
0.762	0.177226	0.16796	0.000919893
0.763	0.175506	0.166371	0.000919893
0.764	0.173796	0.164792	0.000919893
0.765	0.172097	0.163222	0.000919893
0.766	0.170409	0.161661	0.000919893
0.767	0.168731	0.160109	0.000919893
0.768	0.167063	0.158566	0.000919893
0.769	0.165406	0.157032	0.000919893
0.77	0.163759	0.155507	0.000919893
0.771	0.162122	0.153991	0.000919893
0.772	0.160495	0.152483	0.000919893
0.773	0.158879	0.150985	0.000919893
0.774	0.157273	0.149496	0.000919893
0.775	0.155677	0.148015	0.000919893
0.776	0.154092	0.146544	0.000919893
0.777	0.152516	0.145081	0.000919893
0.778	0.15095	0.143627	0.000919893
0.779	0.149395	0.142182	0.000919893
0.78	0.147849	0.140745	0.000919893
0.781	0.146313	0.139317	0.000919893
0.782	0.144787	0.137898	0.000919893
0.783	0.143272	0.136487	0.000919893
0.784	0.141766	0.135086	0.000919893
0.785	0.140269	0.133692	0.000919893
0.786	0.138783	0.132308	0.000919893
0.787	0.137306	0.130931	0.000919893
0.788	0.135839	0.129564	0.000919893
0.789	0.134382	0.128205	0.000919893
0.79	0.132934	0.126854	0.000919893
0.791	0.131495	0.125512	0.000919893
0.792	0.130067	0.124178	0.000919893
0.793	0.128648	0.122853	0.000919893
0.794	0.127238	0.121536	0.000919893
0.795	0.125838	0.120228	0.000919893
0.796	0.124448	0.118928	0.000919893
0.797	0.123067	0.117636	0.000919893
0.798	0.121695	0.116352	0.000919893
0.799	0.120332	0.115077	0.000919893
0.8	0.118979	0.11381	0.000919893
0.801	0.117635	0.112551	0.000919893
0.802	0.1163	0.1113	0.000919893
0.803	0.114975	0.110058	0.000919893
0.804	0.113659	0.108824	0.000919893
0.805	0.112352	0.107598	0.000919893
0.806	0.111054	0.10638	0.000919893
0.807	0.109765	0.10517	0.000919893
0.808	0.108485	0.103968	0.000919893
0.809	0.107214	0.102775	0.000919893
0.81	0.105952	0.101589	0.000919893
0.811	0.104699	0.100411	0.000919893
0.812	0.103455	0.0992413	0.000919893
0.813	0.10222	0.0980795	0.000919893
0.814	0.100994	0.0969256	0.000919893
0.815	0.0997768	0.0957796	0.000919893
0.816	0.0985685	0.0946416	0.000919893
0.817	0.0973688	0.0935113	0.000919893
0.818	0.0961778	0.092389	0.000919893
0.819	0.0949956	0.0912745	0.000919893
0.82	0.093822	0.0901678	0.000919893
0.821	0.0926572	0.0890688	0.000919893
0.822	0.0915009	0.0879777	0.000919893
0.823	0.0903532	0.0868942	0.000919893
0.824	0.0892142	0.0858186	0.000919893
0.825	0.0880836	0.0847505	0.000919893
0.826	0.0869616	0.0836901	0.000919893
0.827	0.085848	0.0826372	0.000919893
0.828	0.0847428	0.081592	0.000919893
0.829	0.0836463	0.0805546	0.000919893
0.83	0.082558	0.0795247	0.000919893
0.831	0.0814781	0.0785023	0.000919893
0.832	0.0804067	0.0774875	0.000919893
0.833	0.0793435	0.0764802	0.000919893
0.834	0.0782886	0.0754805	0.000919893
0.835	0.0772419	0.0744882	0.000919893
0.836	0.0762035	0.0735033	0.000919893
0.837	0.0751732	0.072526	0.000919893
0.838	0.0741511	0.071556	0.000919893
0.839	0.0731372	0.0705935	0.000919893
0.84	0.0721314	0.0696383	0.000919893
0.841	0.0711337	0.0686904	0.000919893
0.842	0.0701441	0.0677499	0.000919893
0.843	0.0691624	0.0668166	0.000919893
0.844	0.0681887	0.0658906	0.000919893
0.845	0.0672231	0.064972	0.000919893
0.846	0.0662656	0.0640608	0.000919893
0.847	0.0653159	0.0631567	0.000919893
0.848	0.064374	0.0622597	0.000919893
0.849	0.0634401	0.0613699	0.000919893
0.85	0.0625139	0.0604874	0.000919893
0.851	0.0615956	0.059612	0.000919893
0.852	0.0606852	0.0587438	0.000919893
0.853	0.0597825	0.0578828	0.000919893
0.854	0.0588876	0.0570288	0.000919893
0.855	0.0580003	0.0561819	0.000919893
0.856	0.0571207	0.055342	0.000919893
0.857	0.0562487	0.054509	0.000919893
0.858	0.0553843	0.0536831	0.000919893
0.859	0.0545277	0.0528644	0.000919893
0.86	0.0536788	0.0520528	0.000919893
0.861	0.0528373	0.051248	0.000919893
0.862	0.0520032	0.05045	0.000919893
0.863	0.0511767	0.049659	0.000919893
0.864	0.0503577	0.0488749	0.000919893
0.865	0.0495461	0.0480977	0.000919893
0.866	0.0487421	0.0473274	0.000919893
0.867	0.0479454	0.0465641	0.000919893
0.868	0.0471562	0.0458075	0.000919893
0.869	0.0463744	0.0450578	0.000919893
0.87	0.0455998	0.0443149	0.000919893
0.871	0.0448324	0.0435785	0.000919893
0.872	0.0440723	0.0428489	0.000919893
0.873	0.0433196	0.0421261	0.000919893
0.874	0.0425742	0.0414102	0.000919893
0.875	0.0418361	0.0407011	0.000919893
0.876	0.0411051	0.0399985	0.000919893
0.877	0.0403812	0.0393026	0.000919893
0.878	0.0396645	0.0386133	0.000919893
0.879	0.0389549	0.0379306	0.000919893
0.88	0.0382524	0.0372545	0.000919893
0.881	0.0375569	0.036585	0.000919893
0.882	0.0368685	0.035922	0.000919893
0.883	0.0361873	0.0352658	0.000919893
0.884	0.0355131	0.0346162	0.000919893
0.885	0.0348459	0.033973	0.000919893
0.886	0.0341854	0.0333362	0.000919893
0.887	0.0335319	0.0327058	0.000919893
0.888	0.0328853	0.0320819	0.000919893
0.889	0.0322457	0.0314646	0.000919893
0.89	0.031613	0.0308536	0.000919893
0.891	0.0309871	0.0302491	0.000919893
0.892	0.030368	0.029651	0.000919893
0.893	0.0297558	0.0290593	0.000919893
0.894	0.0291504	0.028474	0.000919893
0.895	0.0285517	0.027895	0.000919893
0.896	0.0279596	0.0273223	0.000919893
0.897	0.0273744	0.0267559	0.000919893
0.898	0.0267957	0.0261957	0.000919893
0.899	0.0262239	0.0256419	0.000919893
0.9	0.0256587	0.0250942	0.000919893
0.901	0.0251	0.0245528	0.000919893
0.902	0.024548	0.0240177	0.000919893
0.903	0.0240025	0.0234888	0.000919893
0.904	0.0234635	0.022966	0.000919893
0.905	0.0229312	0.0224495	0.000919893
0.906	0.0224054	0.0219391	0.000919893
0.907	0.021886	0.0214348	0.000919893
0.908	0.0213733	0.0209367	0.000919893
0.909	0.0208668	0.0204447	0.000919893
0.91	0.0203668	0.0199587	0.000919893
0.911	0.0198732	0.0194787	0.000919893
0.912	0.019386	0.0190049	0.000919893
0.913	0.0189051	0.0185371	0.000919893
0.914	0.0184306	0.0180754	0.000919893
0.915	0.0179625	0.0176197	0.000919893
0.916	0.0175007	0.01717	0.000919893
0.917	0.0170452	0.0167262	0.000919893
0.918	0.0165959	0.0162884	0.000919893
0.919	0.0161528	0.0158566	0.000919893
0.92	0.0157159	0.0154306	0.000919893
0.921	0.015285	0.0150103	0.000919893
0.922	0.0148604	0.014596	0.000919893
0.923	0.0144421	0.0141877	0.000919893
0.924	0.0140299	0.0137853	0.000919893
0.925	0.0136239	0.0133887	0.000919893
0.926	0.0132239	0.012998	0.000919893
0.927	0.0128298	0.0126129	0.000919893
0.928	0.0124419	0.0122337	0.000919893
0.929	0.0120601	0.0118603	0.000919893
0.93	0.0116842	0.0114928	0.000919893
0.931	0.0113144	0.011131	0.000919893
0.932	0.0109504	0.0107747	0.000919893
0.933	0.0105923	0.0104242	0.000919893
0.934	0.0102403	0.0100794	0.000919893
0.935	0.00989416	0.00974076	0.000919893
0.936	0.00955396	0.0094079	0.000919893
0.937	0.00921963	0.00908076	0.000919893
0.938	0.00889126	0.00875929	0.000919893
0.939	0.00856896	0.00844353	0.000919893
0.94	0.00825264	0.00813349	0.000919893
0.941	0.00794204	0.00782898	0.000919893
0.942	0.00763729	0.00753006	0.000919893
0.943	0.00733838	0.00723678	0.000919893
0.944	0.00704527	0.00694903	0.000919893
0.945	0.00675797	0.00666682	0.000919893
0.946	0.00647647	0.00639025	0.000919893
0.947	0.00620063	0.00611916	0.000919893
0.948	0.00593047	0.00585354	0.000919893
0.949	0.00566601	0.00559342	0.000919893
0.95	0.00540706	0.00533914	0.000919893
0.951	0.00515379	0.00509054	0.000919893
0.952	0.00490658	0.0048476	0.000919893
0.953	0.00466522	0.00461015	0.000919893
0.954	0.00442976	0.00437824	0.000919893
0.955	0.0042	0.00415198	0.000919893
0.956	0.00397596	0.0039312	0.000919893
0.957	0.00375744	0.00371586	0.000919893
0.958	0.00354452	0.00350659	0.000919893
0.959	0.00333748	0.00330288	0.000919893
0.96	0.00313647	0.00310473	0.000919893
0.961	0.00294108	0.0029121	0.000919893
0.962	0.00275122	0.00272504	0.000919893
0.963	0.00256709	0.00254389	0.000919893
0.964	0.00238934	0.00236858	0.000919893
0.965	0.00221743	0.00219878	0.000919893
0.966	0.00205114	0.00203517	0.000919893
0.967	0.00189117	0.00187745	0.000919893
0.968	0.00173721	0.00172541	0.000919893
0.969	0.00158944	0.00157979	0.000919893
0.97	0.00144827	0.00144045	0.000919893
0.971	0.00131327	0.00130757	0.000919893
0.972	0.00118517	0.00118111	0.000919893
0.973	0.00106404	0.00106162	0.000919893
0.974	0.000950054	0.000949201	0.000919893
0.975	0.000843709	0.000844507	0.000919893
0.976	0.00074551	0.000747694	0.000919893
0.977	0.000656247	0.000659491	0.000919893
0.978	0.000576632	0.000581025	0.000919893
0.979	0.000508362	0.000513699	0.000919893
0.98	0.000453669	0.000459599	0.000919893
0.981	0.000418729	0.000424415	0.000919893
0.982	0.000408587	0.00041439	0.000919893
0.983	0.000415508	0.000421313	0.000919893
0.984	0.00044308	0.00044885	0.000919893
0.985	0.000480466	0.000485873	0.000919893
0.986	0.000521494	0.000526471	0.000919893
0.987	0.000564433	0.000568949	0.000919893
0.988	0.000608227	0.000612248	0.000919893
0.989	0.00065151	0.000655151	0.000919893
0.99	0.000693543	0.000696828	0.000919893
0.991	0.000733693	0.000736554	0.000919893
0.992	0.000771124	0.000773584	0.000919893
0.993	0.000805134	0.000807275	0.000919893
0.994	0.000835655	0.000837455	0.000919893
0.995	0.000861967	0.000863442	0.000919893
0.996	0.000883717	0.000884878	0.000919893
0.997	0.000900537	0.000901404	0.000919893
0.998	0.000912482	0.000913061	0.000919893
0.999	0.000919893	0.000920172	0.000919893
1	nan	nan	0.000919893
